46,546
116,274
105,338
101,1330
53,1720
82,865
111,315
97,283
110,444
108,484
46,456
116,197
105,226
101,1279
53,851
82,944
111,275
97,397
110,378
108,359
46,339
116,202
105,236
101,1121
53,709
82,864
111,429
97,395
110,387
108,393
46,380
116,355
105,307
101,1145
53,1347
82,900
111,248
97,308
110,320
108,407
46,356
116,257
105,249
101,943
53,969
82,887
111,240
97,289
110,340
108,341
46,373
116,211
105,215
101,1023
53,1183
82,539
111,244
97,280
110,338
108,376
46,313
116,223
105,220
101,875
53,1285
82,403
111,263
97,252
110,278
108,378
46,273
116,219
105,211
101,722
53,1324
82,419
111,205
97,236
110,294
108,378
46,276
116,206
105,226
101,811
53,1020
82,328
111,237
97,266
110,292
108,375
46,290
116,218
105,200
101,836
53,889
82,427
111,290
97,262
110,348
108,439
46,254
116,243
105,222
101,761
53,895
82,443
111,269
97,218
110,492
108,382
46,243
116,234
105,212
101,998
53,819
82,561
111,316
97,295
110,295
108,334
46,273
116,244
105,214
101,773
53,1204
82,463
111,313
97,298
110,404
108,410
46,277
116,272
105,244
101,978
53,852
82,535
111,529
97,316
110,356
108,507
46,373
116,228
105,235
101,1446
53,1149
82,783
111,342
97,251
110,294
108,1233
46,310
116,229
105,266
101,680
53,882
82,332
111,295
97,285
110,272
108,358
46,281
116,222
105,217
101,921
53,968
82,485
111,253
97,282
110,286
108,343
46,281
116,217
105,251
101,852
53,766
82,617
111,230
97,195
110,271
108,414
46,341
116,271
105,272
101,860
53,656
82,396
111,272
97,103
110,368
108,746
46,280
116,214
105,233
101,688
53,825
82,363
111,337
97,402
110,812
108,436
46,239
116,249
105,229
101,791
53,667
82,342
111,327
97,302
110,282
108,338
46,328
116,207
105,248
101,842
53,643
82,372
111,233
97,263
110,285
108,358
46,308
116,233
105,238
101,938
53,600
82,406
111,235
97,252
110,334
108,535
46,326
116,257
105,204
101,940
53,672
82,384
111,370
97,272
110,335
108,390
46,266
116,241
105,224
101,708
53,833
82,476
111,363
97,362
110,670
108,407
46,260
116,231
105,218
101,1248
53,759
82,537
111,270
97,574
110,446
108,365
46,322
116,226
105,230
101,716
53,596
82,327
111,332
97,355
110,796
108,434
46,260
116,199
105,225
101,722
53,865
82,318
111,171
97,288
110,355
108,504
46,292
116,217
105,222
101,960
53,739
82,480
111,289
97,332
110,302
108,565
46,255
116,255
105,192
101,739
53,588
82,379
111,200
97,331
110,433
108,412
46,329
116,316
105,294
101,880
53,501
82,447
111,235
97,304
110,294
108,375
46,290
116,206
105,236
101,1158
53,675
82,375
111,219
97,308
110,344
108,543
46,385
116,208
105,239
101,813
53,587
82,355
111,272
97,285
110,293
108,385
46,333
116,209
105,213
101,722
53,895
82,673
111,246
97,484
110,446
108,413
46,318
116,238
105,244
101,977
53,488
82,334
111,195
97,334
110,371
108,355
46,319
116,227
105,225
101,857
53,941
82,366
111,177
97,264
110,317
108,647
46,707
116,278
105,237
101,802
53,740
82,338
111,227
97,408
110,372
108,326
46,304
116,225
105,258
101,1155
53,487
82,434
111,194
97,306
110,302
108,401
46,307
116,235
105,226
101,771
53,480
82,269
111,181
97,319
110,388
108,386
46,330
116,220
105,253
101,989
53,654
82,366
111,260
97,328
110,363
108,415
46,334
116,229
105,199
101,850
53,548
82,313
111,198
97,306
110,309
108,404
46,238
116,255
105,249
101,1137
53,542
82,300
111,186
97,320
110,326
108,354
46,319
116,235
105,215
101,717
53,539
82,302
111,188
97,377
110,399
108,414
46,315
116,231
105,219
101,1113
53,503
82,928
111,407
97,402
110,415
108,467
46,418
116,276
105,305
101,962
53,596
82,399
111,243
97,362
110,355
108,601
46,304
116,211
105,247
101,872
53,565
82,451
111,236
97,290
110,320
108,370
46,340
116,273
105,220
101,1354
53,847
82,391
111,305
97,391
110,336
108,371
46,577
116,256
105,270
101,723
53,512
82,388
111,230
97,308
110,294
108,385
46,332
116,244
105,222
101,864
53,586
82,338
111,191
97,340
110,280
108,311
46,334
116,305
105,261
101,1403
53,867
82,383
111,219
97,305
110,319
108,392
46,607
116,223
105,298
101,1535
53,1053
82,391
111,291
97,304
110,270
108,438
46,343
116,163
105,186
101,709
53,874
82,336
111,221
97,241
110,237
108,329
46,293
116,217
105,219
101,964
53,774
82,466
111,200
97,214
110,263
108,304
46,295
116,197
105,194
101,664
53,931
82,392
111,276
97,244
110,258
108,335
46,295
116,203
105,210
101,648
53,526
82,296
111,158
97,217
110,228
108,313
46,204
116,202
105,321
101,947
53,510
82,280
111,213
97,216
110,240
108,386
46,265
116,156
105,249
101,721
53,524
82,291
111,226
97,156
110,322
108,426
46,265
116,219
105,241
101,847
53,777
82,270
111,249
97,181
110,257
108,400
46,258
116,255
105,171
101,776
53,527
82,286
111,226
97,290
110,286
108,376
46,293
116,232
105,176
101,589
53,811
82,299
111,517
97,454
110,419
108,390
46,327
116,354
105,238
101,873
53,504
82,294
111,220
97,322
110,330
108,352
46,310
116,224
105,216
101,678
53,546
82,381
111,340
97,309
110,298
108,334
46,354
116,224
105,268
101,922
53,508
82,352
111,316
97,314
110,270
108,309
46,316
116,208
105,251
101,1518
53,525
82,344
111,300
97,237
110,241
108,393
46,319
116,229
105,215
101,797
53,562
82,420
111,297
97,255
110,259
108,289
46,264
116,227
105,202
101,865
53,554
82,328
111,282
97,248
110,267
108,286
46,274
116,231
105,192
101,735
53,613
82,508
111,349
97,266
110,249
108,330
46,252
116,219
105,216
101,952
53,720
82,492
111,464
97,282
110,307
108,320
46,309
116,204
105,234
101,985
53,551
82,438
111,284
97,280
110,237
108,431
46,304
116,203
105,204
101,922
53,455
82,459
111,255
97,275
110,228
108,337
46,327
116,186
105,211
101,775
53,459
82,347
111,248
97,262
110,231
108,310
46,310
116,184
105,218
101,608
53,517
82,294
111,220
97,255
110,225
108,283
46,344
116,273
105,280
101,859
53,474
82,298
111,235
97,223
110,236
108,327
46,276
116,257
105,192
101,684
53,423
82,332
111,268
97,225
110,235
108,303
46,259
116,231
105,195
101,628
53,487
82,284
111,224
97,221
110,240
108,294
46,292
116,247
105,202
101,649
53,488
82,269
111,234
97,234
110,236
108,1364
46,304
116,218
105,218
101,789
53,469
82,333
111,232
97,225
110,267
108,367
46,322
116,210
105,204
101,729
53,450
82,279
111,238
97,225
110,247
108,341
46,310
116,229
105,242
101,711
53,500
82,282
111,275
97,233
110,244
108,323
46,253
116,209
105,207
101,588
53,552
82,311
111,234
97,228
110,228
108,304
46,294
116,252
105,189
101,592
53,520
82,246
111,256
97,206
110,225
108,330
46,310
116,240
105,217
101,895
53,497
82,316
111,255
97,239
110,227
108,293
46,290
116,222
105,209
101,639
53,576
82,357
111,215
97,246
110,250
108,346
46,274
116,222
105,201
101,668
53,536
82,339
111,251
97,232
110,238
108,306
46,251
116,236
105,216
101,832
53,472
82,249
111,229
97,228
110,250
108,370
46,270
116,242
105,253
101,910
53,567
82,504
111,284
97,241
110,263
108,375
46,267
116,216
105,208
101,922
53,441
82,361
111,346
97,257
110,260
108,293
46,260
116,203
105,214
101,691
53,479
82,388
111,210
97,278
110,255
108,368
46,283
116,213
105,202
101,595
53,502
82,275
111,239
97,264
110,253
108,309
46,285
116,228
105,201
101,526
53,514
82,275
111,226
97,226
110,232
108,294
46,325
116,265
105,183
101,549
53,484
82,284
111,223
97,214
110,237
108,322
46,466
116,222
105,290
101,824
53,576
82,290
111,163
97,254
110,241
108,325
46,265
116,230
105,197
101,549
53,1038
82,371
111,227
97,228
110,225
108,320
46,232
116,209
105,186
101,558
53,457
82,291
111,197
97,233
110,250
108,302
46,287
116,217
105,193
101,555
53,515
82,300
111,309
97,239
110,247
108,302
46,283
116,232
105,217
101,596
53,501
82,524
111,256
97,258
110,260
108,299
46,276
116,205
105,223
101,711
53,453
82,299
111,248
97,234
110,271
108,306
46,294
116,222
105,229
101,574
53,513
82,323
111,256
97,199
110,286
108,428
46,397
116,267
105,222
101,622
53,441
82,393
111,236
97,242
110,244
108,306
46,255
116,244
105,198
101,583
53,478
82,404
111,246
97,244
110,252
108,289
46,674
116,382
105,262
101,952
53,558
82,350
111,233
97,280
110,279
108,331
46,295
116,193
105,189
101,852
53,533
82,363
111,213
97,220
110,235
108,329
46,334
116,164
105,186
101,791
53,438
82,297
111,255
97,246
110,262
108,474
46,264
116,175
105,179
101,500
53,476
82,269
111,173
97,211
110,226
108,282
46,340
116,217
105,167
101,573
53,394
82,337
111,252
97,249
110,261
108,303
46,335
116,218
105,169
101,599
53,449
82,273
111,225
97,227
110,262
108,278
46,286
116,210
105,180
101,510
53,1800
82,352
111,256
97,217
110,251
108,316
46,251
116,214
105,187
101,585
53,474
82,313
111,197
97,211
110,201
108,271
46,239
116,230
105,185
101,650
53,461
82,348
111,236
97,216
110,277
108,389
46,612
116,264
105,155
101,488
53,425
82,265
111,191
97,198
110,223
108,313
46,286
116,236
105,208
101,522
53,403
82,273
111,232
97,179
110,211
108,281
46,286
116,216
105,171
101,446
53,481
82,319
111,273
97,184
110,248
108,324
46,591
116,369
105,174
101,577
53,451
82,391
111,412
97,264
110,252
108,336
46,283
116,230
105,301
101,742
53,445
82,309
111,271
97,201
110,244
108,339
46,327
116,250
105,198
101,510
53,433
82,243
111,216
97,174
110,266
108,405
46,269
116,261
105,187
101,754
53,465
82,277
111,225
97,183
110,251
108,329
46,294
116,246
105,229
101,659
53,447
82,317
111,290
97,310
110,272
108,287
46,187
116,268
105,172
101,638
53,517
82,254
111,261
97,192
110,288
108,524
46,316
116,234
105,201
101,516
53,488
82,266
111,239
97,225
110,301
108,308
46,235
116,239
105,177
101,542
53,630
82,432
111,446
97,312
110,267
108,358
46,263
116,282
105,1084
101,809
53,432
82,268
111,215
97,193
110,253
108,326
46,232
116,239
105,483
101,594
53,443
82,270
111,212
97,185
110,236
108,294
46,246
116,248
105,219
101,833
53,560
82,285
111,211
97,213
110,262
108,324
46,736
116,345
105,218
101,590
53,405
82,238
111,212
97,189
110,260
108,347
46,263
116,242
105,244
101,523
53,481
82,246
111,205
97,217
110,261
108,335
46,238
116,252
105,147
101,770
53,539
82,251
111,226
97,190
110,245
108,324
46,260
116,179
105,193
101,540
53,465
82,208
111,234
97,204
110,291
108,356
46,239
116,257
105,197
101,572
53,488
82,218
111,260
97,193
110,339
108,382
46,198
116,270
105,111
101,765
53,482
82,240
111,266
97,255
110,292
108,348
46,222
116,289
105,176
101,508
53,561
82,300
111,231
97,268
110,278
108,328
46,222
116,241
105,196
101,588
53,528
82,259
111,234
97,194
110,304
108,313
46,198
116,292
105,168
101,506
53,505
82,207
111,264
97,225
110,256
108,289
46,304
116,257
105,197
101,691
53,447
82,321
111,215
97,244
110,277
108,308
46,257
116,233
105,161
101,500
53,989
82,366
111,219
97,240
110,230
108,343
46,210
116,237
105,164
101,506
53,491
82,278
111,270
97,252
110,332
108,345
46,226
116,309
105,143
101,713
53,462
82,222
111,247
97,222
110,187
108,320
46,221
116,351
105,212
101,1012
53,444
82,253
111,253
97,224
110,261
108,390
46,228
116,305
105,252
101,489
53,527
82,454
111,274
97,264
110,268
108,312
46,370
116,256
105,196
101,553
53,497
82,263
111,217
97,221
110,268
108,302
46,211
116,279
105,179
101,686
53,572
82,317
111,239
97,261
110,259
108,301
46,278
116,337
105,379
101,732
53,443
82,329
111,282
97,221
110,272
108,366
46,284
116,277
105,185
101,484
53,524
82,283
111,220
97,229
110,242
108,304
46,224
116,294
105,196
101,541
53,549
82,298
111,224
97,231
110,245
108,319
46,270
116,271
105,175
101,541
53,529
82,276
111,248
97,221
110,258
108,338
46,271
116,319
105,223
101,623
53,509
82,317
111,322
97,250
110,292
108,324
46,256
116,346
105,271
101,614
53,426
82,277
111,254
97,172
110,291
108,321
46,244
116,258
105,186
101,443
53,502
82,323
111,237
97,210
110,259
108,291
46,251
116,229
105,205
101,479
53,556
82,372
111,321
97,274
110,269
108,356
46,244
116,291
105,282
101,628
53,487
82,310
111,246
97,217
110,264
108,319
46,235
116,251
105,211
101,490
53,517
82,316
111,243
97,215
110,276
108,305
46,309
116,153
105,180
101,542
53,428
82,302
111,212
97,180
110,289
108,307
46,263
116,195
105,200
101,469
53,489
82,356
111,217
97,211
110,277
108,283
46,264
116,224
105,199
101,513
53,467
82,277
111,209
97,180
110,245
108,288
46,272
116,198
105,213
101,565
53,434
82,247
111,248
97,149
110,279
108,289
46,235
116,221
105,156
101,504
53,503
82,337
111,222
97,190
110,302
108,287
46,238
116,197
105,193
101,529
53,422
82,242
111,210
97,151
110,302
108,352
46,267
116,204
105,185
101,500
53,500
82,342
111,255
97,126
110,370
108,374
46,308
116,189
105,224
101,679
53,663
82,330
111,294
97,91
110,299
108,393
46,253
116,151
105,205
101,416
53,454
82,245
111,295
97,278
110,397
108,359
46,205
116,230
105,198
101,582
53,416
82,291
111,236
97,200
110,263
108,394
46,245
116,217
105,192
101,714
53,485
82,339
111,258
97,173
110,273
108,308
46,270
116,180
105,184
101,485
53,528
82,293
111,257
97,149
110,364
108,365
46,169
116,242
105,168
101,534
53,517
82,243
111,294
97,177
110,366
108,330
46,220
116,253
105,126
101,637
53,466
82,256
111,302
97,276
110,290
108,285
46,210
116,204
105,180
101,512
53,406
82,239
111,331
97,303
110,325
108,322
46,230
116,256
105,156
101,594
53,383
82,260
111,283
97,229
110,281
108,307
46,211
116,271
105,156
101,550
53,415
82,273
111,262
97,254
110,286
108,303
46,152
116,338
105,193
101,566
53,471
82,339
111,275
97,257
110,299
108,279
46,261
116,194
105,210
101,484
53,424
82,291
111,270
97,242
110,304
108,330
46,273
116,234
105,201
101,595
53,404
82,301
111,231
97,195
110,289
108,306
46,164
116,273
105,136
101,496
53,510
82,302
111,225
97,229
110,289
108,335
46,191
116,291
105,182
101,603
53,385
82,305
111,224
97,205
110,268
108,280
46,242
116,226
105,179
101,482
53,668
82,354
111,261
97,230
110,283
108,286
46,218
116,229
105,136
101,399
53,438
82,247
111,251
97,139
110,286
108,251
46,148
116,272
105,136
101,416
53,507
82,241
111,247
97,287
110,302
108,334
46,192
116,219
105,100
101,570
53,427
82,239
111,221
97,216
110,285
108,333
46,188
116,220
105,140
101,473
53,393
82,230
111,230
97,178
110,671
108,464
46,186
116,321
105,112
101,594
53,466
82,291
111,234
97,249
110,288
108,329
46,301
116,231
105,198
101,591
53,401
82,251
111,222
97,183
110,298
108,366
46,219
116,239
105,132
101,676
53,434
82,278
111,233
97,280
110,299
108,328
46,197
116,301
105,160
101,608
53,461
82,254
111,239
97,259
110,300
108,329
46,211
116,267
105,124
101,552
53,429
82,225
111,244
97,234
110,283
108,328
46,174
116,369
105,136
101,734
53,436
82,240
111,201
97,236
110,265
108,360
46,242
116,265
105,174
101,458
53,485
82,280
111,235
97,237
110,274
108,304
46,158
116,256
105,144
101,427
53,431
82,282
111,240
97,231
110,300
108,324
46,209
116,268
105,157
101,435
53,493
82,258
111,222
97,225
110,281
108,308
46,290
116,239
105,202
101,416
53,506
82,299
111,274
97,218
110,260
108,305
46,236
116,227
105,196
101,487
53,437
82,219
111,237
97,170
110,291
108,291
46,237
116,247
105,182
101,519
53,510
82,297
111,210
97,177
110,253
108,288
46,265
116,239
105,250
101,523
53,466
82,245
111,277
97,247
110,299
108,309
46,260
116,265
105,170
101,416
53,458
82,270
111,229
97,270
110,269
108,287
46,297
116,230
105,193
101,567
53,381
82,254
111,216
97,212
110,262
108,273
46,252
116,219
105,189
101,371
53,505
82,358
111,257
97,250
110,254
108,302
46,254
116,227
105,191
101,377
53,447
82,287
111,239
97,244
110,291
108,366
46,249
116,237
105,173
101,348
53,527
82,914
111,232
97,213
110,266
108,301
46,254
116,241
105,216
101,451
53,454
82,251
111,209
97,216
110,277
108,288
46,239
116,245
105,185
101,332
53,964
82,384
111,206
97,225
110,255
108,277
46,243
116,232
105,215
101,352
53,959
82,261
111,238
97,203
110,299
108,315
46,266
116,220
105,184
101,309
53,762
82,338
111,231
97,190
110,244
108,296
46,260
116,225
105,195
101,362
53,546
82,371
111,273
97,212
110,356
108,330
46,272
116,156
105,171
101,494
53,394
82,291
111,140
97,214
110,224
108,249
46,245
116,183
105,176
101,420
53,414
82,255
111,170
97,212
110,226
108,267
46,203
116,196
105,175
101,536
53,1217
82,243
111,170
97,147
110,227
108,220
46,203
116,187
105,173
101,386
53,393
82,296
111,181
97,161
110,259
108,246
46,224
116,191
105,162
101,416
53,401
82,304
111,168
97,196
110,258
108,264
46,240
116,212
105,168
101,537
53,408
82,250
111,200
97,157
110,230
108,236
46,245
116,195
105,161
101,482
53,418
82,277
111,184
97,186
110,238
108,263
46,241
116,195
105,195
101,356
53,445
82,297
111,213
97,158
110,258
108,235
46,241
116,211
105,180
101,475
53,402
82,254
111,235
97,129
110,259
108,302
46,274
116,122
105,216
101,472
53,414
82,257
111,251
97,112
110,317
108,318
46,185
116,227
105,150
101,357
53,477
82,269
111,182
97,172
110,245
108,255
46,288
116,204
105,172
101,834
53,412
82,329
111,316
97,139
110,341
108,298
46,390
116,211
105,184
101,430
53,499
82,255
111,236
97,117
110,253
108,263
46,183
116,178
105,160
101,282
53,523
82,277
111,222
97,106
110,247
108,287
46,247
116,176
105,152
101,669
53,412
82,267
111,225
97,156
110,366
108,269
46,150
116,237
105,134
101,571
53,405
82,286
111,219
97,152
110,269
108,284
46,207
116,204
105,147
101,350
53,745
82,232
111,214
97,172
110,264
108,294
46,259
116,252
105,242
101,627
53,458
82,241
111,224
97,120
110,301
108,237
46,136
116,278
105,100
101,582
53,474
82,324
111,199
97,209
110,255
108,241
46,124
116,297
105,123
101,378
53,634
82,270
111,249
97,161
110,814
108,340
46,193
116,212
105,132
101,583
53,396
82,276
111,292
97,236
110,281
108,321
46,225
116,197
105,143
101,297
53,492
82,364
111,394
97,245
110,262
108,274
46,191
116,220
105,135
101,309
53,529
82,306
111,223
97,192
110,267
108,280
46,197
116,174
105,161
101,306
53,733
82,246
111,260
97,126
110,311
108,392
46,227
116,205
105,197
101,478
53,441
82,253
111,273
97,105
110,713
108,315
46,240
116,209
105,121
101,542
53,458
82,256
111,256
97,309
110,289
108,776
46,214
116,179
105,172
101,423
53,448
82,225
111,257
97,211
110,273
108,272
46,177
116,199
105,137
101,292
53,781
82,240
111,241
97,285
110,282
108,259
46,227
116,190
105,154
101,462
53,438
82,192
111,258
97,250
110,258
108,251
46,243
116,158
105,532
101,619
53,536
82,266
111,175
97,206
110,253
108,268
46,237
116,212
105,162
101,454
53,444
82,217
111,234
97,193
110,247
108,258
46,215
116,218
105,162
101,640
53,421
82,204
111,243
97,238
110,271
108,301
46,184
116,253
105,118
101,305
53,549
82,360
111,187
97,264
110,249
108,288
46,246
116,207
105,196
101,747
53,617
82,367
111,218
97,257
110,254
108,435
46,238
116,214
105,191
101,568
53,408
82,247
111,285
97,222
110,272
108,295
46,208
116,237
105,141
101,551
53,425
82,288
111,229
97,219
110,272
108,339
46,243
116,227
105,151
101,563
53,407
82,286
111,247
97,214
110,297
108,311
46,210
116,264
105,161
101,331
53,515
82,325
111,202
97,248
110,268
108,311
46,201
116,266
105,124
101,536
53,445
82,283
111,251
97,211
110,268
108,289
46,176
116,273
105,180
101,391
53,531
82,283
111,214
97,215
110,240
108,296
46,212
116,219
105,206
101,474
53,428
82,231
111,203
97,195
110,263
108,291
46,315
116,231
105,228
101,380
53,476
82,272
111,234
97,229
110,251
108,296
46,293
116,229
105,131
101,585
53,406
82,306
111,219
97,182
110,257
108,273
46,161
116,278
105,80
101,574
53,483
82,217
111,232
97,188
110,243
108,255
46,200
116,237
105,143
101,363
53,748
82,255
111,266
97,237
110,256
108,293
46,153
116,504
105,263
101,443
53,994
82,352
111,254
97,215
110,241
108,281
46,231
116,229
105,170
101,319
53,476
82,293
111,265
97,157
110,330
108,350
46,214
116,246
105,179
101,295
53,490
82,288
111,265
97,103
110,391
108,385
46,208
116,251
105,220
101,351
53,504
82,251
111,227
97,129
110,295
108,327
46,229
116,215
105,170
101,378
53,490
82,216
111,226
97,180
110,242
108,296
46,242
116,178
105,133
101,438
53,439
82,240
111,215
97,201
110,221
108,297
46,245
116,178
105,170
101,422
53,399
82,289
111,198
97,181
110,227
108,258
46,204
116,187
105,183
101,419
53,425
82,292
111,202
97,168
110,248
108,258
46,210
116,181
105,147
101,396
53,421
82,243
111,198
97,190
110,219
108,373
46,181
116,210
105,185
101,379
53,468
82,227
111,225
97,139
110,397
108,365
46,230
116,190
105,172
101,753
53,440
82,218
111,249
97,177
110,269
108,275
46,171
116,217
105,144
101,433
53,415
82,237
111,240
97,287
110,266
108,279
46,210
116,223
105,156
101,352
53,440
82,190
111,237
97,157
110,217
108,246
46,234
116,195
105,150
101,273
53,503
82,310
111,201
97,198
110,223
108,268
46,204
116,188
105,214
101,445
53,372
82,218
111,221
97,114
110,287
108,289
46,178
116,229
105,151
101,303
53,631
82,220
111,238
97,182
110,311
108,322
46,201
116,198
105,152
101,684
53,560
82,280
111,214
97,212
110,249
108,239
46,202
116,204
105,134
101,309
53,510
82,307
111,235
97,170
110,234
108,266
46,210
116,188
105,154
101,706
53,548
82,343
111,219
97,175
110,236
108,229
46,285
116,154
105,183
101,323
53,407
82,207
111,264
97,135
110,311
108,284
46,195
116,193
105,169
101,400
53,424
82,186
111,275
97,185
110,263
108,267
46,177
116,214
105,144
101,364
53,451
82,205
111,271
97,223
110,234
108,229
46,95
116,413
105,111
101,519
53,429
82,221
111,218
97,159
110,262
108,256
46,170
116,227
105,151
101,398
53,395
82,251
111,237
97,123
110,252
108,240
46,213
116,194
105,177
101,351
53,387
82,230
111,254
97,258
110,226
108,269
46,183
116,229
105,235
101,587
53,392
82,234
111,223
97,244
110,239
108,262
46,176
116,213
105,86
101,277
53,620
82,318
111,221
97,189
110,234
108,236
46,215
116,177
105,150
101,305
53,443
82,226
111,211
97,176
110,239
108,255
46,148
116,198
105,160
101,328
53,456
82,267
111,259
97,140
110,511
108,286
46,223
116,212
105,150
101,329
53,425
82,205
111,208
97,171
110,250
108,239
46,209
116,194
105,145
101,269
53,406
82,353
111,264
97,189
110,271
108,246
46,228
116,187
105,162
101,373
53,367
82,190
111,253
97,256
110,237
108,264
46,216
116,243
105,125
101,557
53,407
82,203
111,240
97,148
110,250
108,242
46,180
116,215
105,147
101,412
53,435
82,249
111,210
97,178
110,236
108,235
46,183
116,205
105,137
101,677
53,387
82,240
111,234
97,152
110,274
108,264
46,180
116,217
105,146
101,316
53,464
82,252
111,208
97,189
110,483
108,349
46,217
116,213
105,154
101,336
53,437
82,227
111,227
97,175
110,300
108,235
46,179
116,219
105,128
101,365
53,436
82,202
111,309
97,479
110,344
108,273
46,211
116,204
105,166
101,428
53,413
82,185
111,248
97,153
110,294
108,264
46,199
116,201
105,156
101,416
53,434
82,175
111,249
97,235
110,283
108,355
46,160
116,216
105,165
101,323
53,389
82,286
111,250
97,258
110,255
108,297
46,208
116,203
105,131
101,307
53,474
82,240
111,216
97,215
110,273
108,268
46,197
116,188
105,179
101,319
53,386
82,293
111,196
97,222
110,231
108,271
46,199
116,222
105,134
101,402
53,437
82,253
111,239
97,280
110,259
108,303
46,271
116,215
105,170
101,359
53,381
82,206
111,219
97,178
110,232
108,245
46,222
116,186
105,185
101,409
53,437
82,240
111,223
97,237
110,223
108,268
46,195
116,230
105,139
101,368
53,482
82,354
111,202
97,209
110,269
108,281
46,220
116,229
105,171
101,365
53,452
82,208
111,239
97,186
110,236
108,276
46,229
116,214
105,153
101,400
53,439
82,259
111,188
97,246
110,222
108,281
46,244
116,243
105,231
101,636
53,387
82,243
111,191
97,210
110,250
108,281
46,225
116,209
105,146
101,428
53,440
82,303
111,193
97,217
110,265
108,269
46,150
116,249
105,118
101,429
53,457
82,238
111,187
97,228
110,272
108,280
46,202
116,226
105,150
101,364
53,466
82,231
111,255
97,289
110,279
108,305
46,244
116,190
105,161
101,392
53,450
82,262
111,180
97,240
110,256
108,274
46,244
116,222
105,207
101,474
53,521
82,243
111,380
97,233
110,286
108,302
46,388
116,193
105,182
101,772
53,428
82,292
111,235
97,196
110,279
108,320
46,309
116,170
105,181
101,523
53,1008
82,489
111,240
97,228
110,244
108,262
46,241
116,173
105,169
101,388
53,466
82,262
111,239
97,156
110,279
108,260
46,228
116,196
105,179
101,439
53,535
82,324
111,218
97,162
110,242
108,257
46,249
116,174
105,183
101,395
53,452
82,312
111,219
97,203
110,273
108,309
46,191
116,223
105,166
101,347
53,486
82,290
111,254
97,195
110,300
108,274
46,215
116,182
105,168
101,384
53,504
82,260
111,268
97,227
110,224
108,266
46,206
116,194
105,179
101,467
53,463
82,243
111,231
97,526
110,426
108,337
46,327
116,159
105,227
101,468
53,463
82,263
111,215
97,182
110,244
108,306
46,298
116,151
105,223
101,407
53,458
82,280
111,281
97,184
110,275
108,312
46,239
116,207
105,176
101,500
53,459
82,298
111,400
97,343
110,292
108,277
46,249
116,189
105,197
101,540
53,434
82,269
111,241
97,157
110,276
108,337
46,241
116,189
105,152
101,493
53,493
82,213
111,227
97,219
110,248
108,321
46,230
116,196
105,159
101,682
53,460
82,303
111,252
97,281
110,291
108,306
46,216
116,232
105,160
101,369
53,482
82,260
111,209
97,223
110,250
108,293
46,225
116,184
105,172
101,414
53,480
82,256
111,242
97,222
110,263
108,310
46,377
116,273
105,224
101,467
53,480
82,240
111,299
97,160
110,321
108,298
46,335
116,187
105,288
101,705
53,410
82,213
111,290
97,91
110,274
108,350
46,250
116,165
105,192
101,371
53,426
82,221
111,249
97,182
110,267
108,262
46,246
116,216
105,190
101,365
53,463
82,239
111,271
97,166
110,270
108,279
46,247
116,215
105,159
101,385
53,464
82,242
111,236
97,221
110,263
108,353
46,252
116,170
105,231
101,422
53,466
82,238
111,231
97,183
110,282
108,244
46,354
116,198
105,200
101,380
53,457
82,232
111,233
97,262
110,680
108,378
46,304
116,192
105,185
101,452
53,463
82,243
111,218
97,211
110,285
108,331
46,252
116,232
105,116
101,411
53,468
82,304
111,237
97,201
110,274
108,309
46,261
116,196
105,200
101,360
53,454
82,225
111,245
97,210
110,279
108,302
46,242
116,263
105,97
101,640
53,493
82,214
111,246
97,247
110,270
108,289
46,312
116,195
105,212
101,484
53,493
82,203
111,291
97,210
110,286
108,320
46,227
116,217
105,183
101,364
53,452
82,247
111,265
97,233
110,297
108,304
46,238
116,214
105,120
101,432
53,511
82,237
111,299
97,242
110,593
108,378
46,294
116,196
105,182
101,354
53,524
82,299
111,196
97,300
110,295
108,382
46,283
116,217
105,181
101,362
53,485
82,273
111,257
97,300
110,303
108,355
46,228
116,245
105,131
101,389
53,508
82,268
111,273
97,216
110,272
108,312
46,253
116,202
105,211
101,486
53,500
82,255
111,240
97,228
110,285
108,331
46,238
116,207
105,133
101,616
53,520
82,226
111,242
97,269
110,327
108,377
46,339
116,217
105,204
101,561
53,441
82,232
111,234
97,204
110,273
108,317
46,419
116,205
105,628
101,700
53,566
82,231
111,224
97,193
110,293
108,311
46,243
116,229
105,228
101,444
53,473
82,226
111,243
97,179
110,311
108,329
46,264
116,232
105,145
101,442
53,548
82,239
111,286
97,142
110,318
108,296
46,230
116,253
105,154
101,497
53,510
82,225
111,219
97,226
110,265
108,306
46,268
116,251
105,168
101,446
53,543
82,209
111,319
97,176
110,575
108,461
46,86
116,578
105,506
101,430
53,648
82,201
111,255
97,225
110,554
108,383
46,237
116,243
105,205
101,408
53,478
82,223
111,263
97,210
110,286
108,306
46,179
116,244
105,153
101,699
53,559
82,257
111,225
97,187
110,270
108,317
46,247
116,206
105,166
101,409
53,501
82,248
111,244
97,220
110,275
108,301
46,223
116,255
105,143
101,439
53,576
82,236
111,223
97,247
110,265
108,352
46,248
116,201
105,192
101,361
53,599
82,288
111,232
97,270
110,282
108,344
46,230
116,225
105,169
101,415
53,500
82,294
111,250
97,272
110,268
108,366
46,234
116,232
105,193
101,361
53,413
82,242
111,238
97,223
110,255
108,337
46,242
116,200
105,175
101,454
53,464
82,244
111,228
97,246
110,250
108,304
46,496
116,366
105,266
101,649
53,540
82,391
111,220
97,350
110,423
108,342
46,412
116,324
105,200
101,588
53,573
82,376
111,238
97,338
110,380
108,392
46,319
116,216
105,206
101,495
53,796
82,433
111,233
97,370
110,271
108,465
46,567
116,318
105,228
101,545
53,593
82,423
111,237
97,299
110,273
108,389
46,368
116,216
105,249
101,457
53,641
82,359
111,225
97,221
110,278
108,440
46,390
116,272
105,264
101,699
53,571
82,315
111,308
97,314
110,534
108,381
46,351
116,264
105,227
101,753
53,530
82,356
111,251
97,293
110,267
108,400
46,318
116,290
105,154
101,1101
53,1027
82,293
111,251
97,290
110,330
108,411
46,401
116,277
105,217
101,542
53,642
82,399
111,207
97,456
110,539
108,432
46,333
116,316
105,237
101,529
53,560
82,282
111,328
97,303
110,290
108,387
46,544
116,269
105,273
101,648
53,595
82,317
111,283
97,259
110,305
108,420
46,337
116,232
105,232
101,344
53,593
82,332
111,278
97,183
110,389
108,370
46,296
116,262
105,242
101,452
53,592
82,321
111,285
97,243
110,382
108,357
46,519
116,327
105,211
101,391
53,623
82,329
111,335
97,339
110,410
108,413
46,359
116,242
105,242
101,431
53,636
82,305
111,276
97,232
110,444
108,440
46,427
116,268
105,507
101,693
53,774
82,378
111,233
97,270
110,282
108,358
46,400
116,313
105,280
101,484
53,757
82,309
111,288
97,238
110,270
108,587
46,378
116,296
105,276
101,489
53,689
82,346
111,297
97,238
110,331
108,614
46,405
116,262
105,256
101,386
53,566
82,339
111,293
97,284
110,299
108,430
46,345
116,278
105,195
101,418
53,595
82,283
111,313
97,294
110,343
108,508
46,360
116,251
105,183
101,315
53,528
82,339
111,222
97,290
110,264
108,339
46,270
116,281
105,191
101,674
53,610
82,281
111,319
97,316
110,238
108,370
46,307
116,288
105,293
101,466
53,602
82,247
111,278
97,253
110,275
108,595
46,373
116,237
105,269
101,463
53,737
82,297
111,416
97,279
110,289
108,379
46,486
116,320
105,256
101,360
53,601
82,281
111,235
97,222
110,278
108,369
46,274
116,262
105,261
101,462
53,700
82,327
111,270
97,229
110,300
108,380
46,343
116,275
105,275
101,385
53,556
82,252
111,326
97,240
110,279
108,434
46,310
116,283
105,191
101,447
53,611
82,298
111,296
97,238
110,355
108,393
46,285
116,261
105,260
101,435
53,562
82,335
111,301
97,291
110,237
108,439
46,334
116,253
105,239
101,365
53,588
82,295
111,258
97,275
110,290
108,329
46,394
116,247
105,229
101,706
53,627
82,298
111,254
97,248
110,249
108,421
46,341
116,304
105,267
101,418
53,643
82,727
111,290
97,271
110,337
108,355
46,315
116,254
105,283
101,459
53,621
82,364
111,265
97,283
110,337
108,201
46,390
116,253
105,232
101,332
53,789
82,442
111,313
97,297
110,366
108,444
46,368
116,284
105,220
101,513
53,659
82,361
111,205
97,324
110,296
108,339
46,291
116,291
105,230
101,336
53,704
82,325
111,183
97,322
110,334
108,399
46,321
116,270
105,198
101,771
53,516
82,359
111,147
97,554
110,416
108,566
46,328
116,214
105,225
101,682
53,802
82,324
111,273
97,429
110,345
108,394
46,271
116,325
105,147
101,754
53,625
82,420
111,507
97,284
110,319
108,327
46,335
116,274
105,251
101,435
53,631
82,444
111,360
97,301
110,297
108,396
46,372
116,304
105,216
101,398
53,675
82,294
111,298
97,256
110,354
108,414
46,318
116,281
105,256
101,390
53,703
82,351
111,326
97,244
110,408
108,529
46,413
116,476
105,345
101,463
53,627
82,345
111,260
97,316
110,483
108,444
46,363
116,316
105,257
101,417
53,675
82,342
111,332
97,318
110,339
108,441
46,357
116,225
105,325
101,407
53,669
82,404
111,284
97,316
110,304
108,413
46,361
116,195
105,223
101,328
53,608
82,311
111,259
97,279
110,283
108,403
46,473
116,308
105,249
101,675
53,626
82,317
111,258
97,249
110,335
108,438
46,339
116,204
105,257
101,336
53,659
82,322
111,297
97,320
110,620
108,409
46,374
116,283
105,355
101,552
53,722
82,309
111,278
97,241
110,288
108,467
46,368
116,286
105,294
101,586
53,790
82,540
111,314
97,397
110,324
108,666
