46,396
116,298
105,330
101,923
53,559
82,454
111,336
97,352
110,490
108,400
46,515
116,312
105,296
101,996
53,598
82,369
111,332
97,338
110,371
108,433
46,389
116,258
105,550
101,787
53,613
82,354
111,330
97,323
110,385
108,411
46,362
116,800
105,779
101,679
53,639
82,339
111,443
97,329
110,434
108,416
46,308
116,275
105,639
101,455
53,1294
82,384
111,310
97,270
110,299
108,360
46,329
116,274
105,267
101,582
53,575
82,379
111,258
97,255
110,218
108,394
46,352
116,250
105,379
101,696
53,1392
82,439
111,289
97,247
110,219
108,374
46,506
116,232
105,258
101,531
53,623
82,308
111,257
97,218
110,229
108,334
46,366
116,707
105,296
101,680
53,579
82,335
111,295
97,279
110,157
108,433
46,734
116,268
105,333
101,560
53,544
82,406
111,339
97,257
110,289
108,383
46,435
116,338
105,248
101,494
53,492
82,328
111,351
97,175
110,295
108,655
46,670
116,297
105,290
101,455
53,562
82,332
111,321
97,299
110,274
108,326
46,359
116,315
105,325
101,461
53,522
82,326
111,314
97,281
110,240
108,332
46,329
116,335
105,266
101,552
53,526
82,310
111,265
97,262
110,227
108,360
46,971
116,337
105,541
101,863
53,446
82,349
111,327
97,237
110,252
108,343
46,367
116,298
105,639
101,503
53,608
82,329
111,258
97,258
110,224
108,454
46,640
116,351
105,283
101,1126
53,492
82,350
111,290
97,217
110,220
108,395
46,358
116,319
105,331
101,559
53,787
82,777
111,289
97,284
110,382
108,411
46,544
116,303
105,275
101,1002
53,475
82,312
111,305
97,255
110,273
108,405
46,341
116,268
105,280
101,474
53,565
82,348
111,390
97,370
110,242
108,323
46,322
116,260
105,301
101,384
53,548
82,332
111,296
97,399
110,335
108,354
46,335
116,281
105,242
101,468
53,589
82,326
111,299
97,340
110,262
108,1039
46,324
116,308
105,739
101,626
53,381
82,297
111,323
97,371
110,285
108,432
46,332
116,279
105,285
101,454
53,521
82,325
111,279
97,301
110,281
108,473
46,497
116,293
105,280
101,504
53,526
82,338
111,320
97,361
110,276
108,366
46,375
116,187
105,219
101,1158
53,400
82,298
111,268
97,320
110,215
108,325
46,322
116,252
105,221
101,466
53,515
82,300
111,229
97,324
110,231
108,353
46,306
116,284
105,242
101,444
53,483
82,314
111,227
97,310
110,211
108,344
46,317
116,261
105,248
101,464
53,1017
82,483
111,256
97,290
110,243
108,383
46,439
116,334
105,376
101,785
53,518
82,286
111,243
97,310
110,182
108,307
46,1149
116,236
105,398
101,1129
53,411
82,337
111,294
97,325
110,234
108,366
46,331
116,336
105,350
101,476
53,483
82,366
111,338
97,305
110,209
108,337
46,814
116,432
105,270
101,886
53,461
82,334
111,207
97,292
110,240
108,335
46,295
116,282
105,266
101,603
53,509
82,384
111,266
97,271
110,221
108,365
46,332
116,270
105,257
101,452
53,489
82,370
111,443
97,426
110,261
108,390
46,328
116,294
105,237
101,372
53,449
82,408
111,276
97,309
110,232
108,343
46,378
116,301
105,270
101,384
53,523
82,367
111,183
97,355
110,285
108,324
46,287
116,277
105,237
101,489
53,447
82,342
111,227
97,335
110,266
108,425
46,317
116,286
105,244
101,524
53,505
82,326
111,206
97,335
110,250
108,306
46,356
116,261
105,223
101,349
53,563
82,372
111,343
97,322
110,219
108,393
46,317
116,284
105,251
101,348
53,516
82,346
111,254
97,323
110,269
108,325
46,273
116,316
105,251
101,345
53,512
82,316
111,264
97,340
110,323
108,351
46,297
116,280
105,246
101,415
53,487
82,316
111,282
97,311
110,281
108,393
46,309
116,292
105,220
101,414
53,600
82,322
111,268
97,264
110,271
108,324
46,245
116,293
105,220
101,371
53,628
82,303
111,285
97,276
110,272
108,326
46,234
116,297
105,297
101,527
53,489
82,359
111,274
97,318
110,259
108,605
46,379
116,303
105,363
101,420
53,465
82,365
111,364
97,346
110,260
108,774
46,326
116,247
105,225
101,365
53,521
82,325
111,228
97,254
110,296
108,628
46,304
116,253
105,220
101,674
53,479
82,322
111,254
97,283
110,238
108,329
46,593
116,256
105,273
101,458
53,466
82,313
111,280
97,326
110,267
108,343
46,409
116,327
105,285
101,555
53,639
82,352
111,316
97,266
110,277
108,377
46,520
116,312
105,283
101,518
53,656
82,356
111,322
97,202
110,291
108,374
46,423
116,280
105,255
101,495
53,650
82,324
111,334
97,301
110,235
108,349
46,394
116,246
105,549
101,1131
53,487
82,329
111,309
97,263
110,257
108,305
46,467
116,296
105,871
101,686
53,1035
82,391
111,324
97,292
110,234
108,345
46,832
116,315
105,275
101,512
53,660
82,386
111,281
97,286
110,219
108,399
46,355
116,427
105,360
101,1373
53,849
82,317
111,261
97,258
110,196
108,333
46,305
116,306
105,307
101,532
53,521
82,335
111,241
97,218
110,232
108,350
46,401
116,297
105,232
101,435
53,516
82,372
111,225
97,218
110,227
108,336
46,314
116,293
105,294
101,473
53,468
82,296
111,226
97,245
110,194
108,336
46,275
116,271
105,238
101,492
53,473
82,303
111,258
97,185
110,259
108,264
46,297
116,238
105,239
101,458
53,508
82,292
111,280
97,250
110,204
108,319
46,229
116,279
105,244
101,404
53,502
82,347
111,160
97,511
110,255
108,301
46,289
116,231
105,244
101,348
53,441
82,314
111,224
97,248
110,211
108,323
46,208
116,297
105,255
101,350
53,526
82,312
111,222
97,255
110,203
108,320
46,243
116,291
105,204
101,392
53,440
82,284
111,209
97,257
110,228
108,344
46,266
116,244
105,253
101,291
53,421
82,289
111,190
97,292
110,184
108,340
46,246
116,253
105,214
101,302
53,421
82,309
111,170
97,241
110,280
108,315
46,218
116,267
105,199
101,361
53,532
82,278
111,201
97,241
110,228
108,314
46,295
116,238
105,557
101,563
53,435
82,274
111,254
97,262
110,272
108,296
46,320
116,284
105,209
101,509
53,539
82,356
111,282
97,226
110,269
108,301
46,274
116,248
105,226
101,459
53,451
82,282
111,218
97,231
110,227
108,346
46,247
116,188
105,220
101,452
53,423
82,276
111,254
97,237
110,252
108,289
46,233
116,331
105,290
101,359
53,458
82,283
111,517
97,243
110,290
108,355
46,232
116,247
105,206
101,371
53,522
82,266
111,284
97,271
110,203
108,1578
46,285
116,262
105,267
101,367
53,415
82,282
111,273
97,275
110,246
108,347
46,258
116,267
105,222
101,322
53,408
82,267
111,264
97,209
110,250
108,311
46,242
116,276
105,226
101,829
53,507
82,307
111,230
97,273
110,192
108,335
46,260
116,255
105,230
101,433
53,419
82,307
111,224
97,250
110,225
108,325
46,352
116,288
105,212
101,446
53,406
82,281
111,209
97,287
110,229
108,351
46,217
116,289
105,202
101,442
53,381
82,293
111,213
97,282
110,197
108,307
46,294
116,280
105,210
101,402
53,431
82,280
111,213
97,244
110,239
108,298
46,78
116,414
105,443
101,791
53,504
82,286
111,226
97,197
110,251
108,299
46,373
116,236
105,244
101,369
53,460
82,269
111,228
97,170
110,252
108,300
46,285
116,269
105,225
101,372
53,514
82,284
111,214
97,189
110,229
108,326
46,202
116,256
105,266
101,327
53,438
82,272
111,219
97,237
110,201
108,289
46,281
116,213
105,274
101,306
53,499
82,269
111,507
97,240
110,280
108,620
46,289
116,263
105,240
101,296
53,1177
82,335
111,442
97,260
110,232
108,1156
46,726
116,449
105,377
101,297
53,518
82,339
111,218
97,282
110,249
108,795
46,301
116,234
105,255
101,392
53,392
82,290
111,255
97,265
110,212
108,388
46,313
116,286
105,255
101,598
53,552
82,370
111,278
97,271
110,235
108,344
46,272
116,258
105,250
101,324
53,478
82,298
111,225
97,237
110,276
108,401
46,314
116,247
105,273
101,343
53,464
82,313
111,279
97,312
110,261
108,347
46,305
116,298
105,220
101,405
53,497
82,363
111,190
97,256
110,275
108,354
46,264
116,267
105,266
101,407
53,466
82,354
111,464
97,296
110,238
108,667
46,474
116,367
105,289
101,369
53,457
82,330
111,185
97,252
110,264
108,506
46,313
116,260
105,290
101,482
53,381
82,313
111,237
97,264
110,242
108,342
46,303
116,212
105,240
101,335
53,377
82,318
111,180
97,264
110,278
108,366
46,385
116,265
105,377
101,347
53,445
82,320
111,191
97,275
110,216
108,329
46,277
116,273
105,268
101,386
53,393
82,314
111,302
97,333
110,294
108,280
46,387
116,267
105,308
101,428
53,575
82,264
111,296
97,292
110,226
108,369
46,311
116,266
105,265
101,331
53,427
82,332
111,279
97,292
110,228
108,346
46,278
116,277
105,256
101,367
53,475
82,338
111,279
97,264
110,224
108,510
46,287
116,213
105,249
101,545
53,441
82,311
111,265
97,254
110,216
108,323
46,710
116,261
105,278
101,380
53,439
82,367
111,284
97,272
110,304
108,323
46,293
116,344
105,1058
101,760
53,521
82,355
111,241
97,263
110,234
108,328
46,275
116,272
105,270
101,413
53,453
82,313
111,249
97,243
110,244
108,326
46,234
116,293
105,241
101,293
53,679
82,332
111,274
97,192
110,246
108,313
46,263
116,271
105,247
101,301
53,462
82,307
111,210
97,216
110,239
108,317
46,285
116,263
105,225
101,412
53,509
82,294
111,253
97,225
110,248
108,293
46,265
116,261
105,195
101,287
53,427
82,290
111,210
97,301
110,214
108,340
46,298
116,253
105,213
101,364
53,420
82,315
111,233
97,262
110,223
108,277
46,264
116,261
105,213
101,951
53,833
82,617
111,264
97,251
110,229
108,293
46,110
116,648
105,445
101,457
53,366
82,314
111,241
97,271
110,232
108,725
46,326
116,234
105,225
101,280
53,423
82,287
111,277
97,325
110,367
108,214
46,354
116,396
105,296
101,549
53,501
82,302
111,268
97,218
110,256
108,319
46,488
116,538
105,278
101,465
53,447
82,321
111,276
97,156
110,257
108,314
46,301
116,215
105,256
101,232
53,415
82,273
111,285
97,356
110,315
108,327
46,417
116,265
105,268
101,255
53,433
82,298
111,340
97,413
110,309
108,485
46,299
116,272
105,226
101,338
53,480
82,321
111,316
97,347
110,262
108,311
46,267
116,251
105,255
101,290
53,1252
82,359
111,240
97,300
110,223
108,293
46,254
116,258
105,246
101,259
53,459
82,310
111,394
97,363
110,213
108,305
46,274
116,255
105,259
101,286
53,428
82,301
111,272
97,299
110,268
108,345
46,293
116,299
105,283
101,461
53,581
82,317
111,267
97,263
110,233
108,313
46,230
116,247
105,239
101,269
53,470
82,305
111,225
97,300
110,231
108,328
46,268
116,269
105,776
101,655
53,498
82,299
111,279
97,273
110,263
108,332
46,185
116,295
105,312
101,434
53,454
82,287
111,240
97,249
110,251
108,362
46,272
116,260
105,236
101,352
53,400
82,340
111,263
97,215
110,279
108,271
46,329
116,255
105,249
101,528
53,377
82,301
111,271
97,247
110,276
108,297
46,231
116,260
105,274
101,661
53,486
82,297
111,214
97,229
110,304
108,290
46,209
116,459
105,509
101,413
53,488
82,305
111,227
97,278
110,244
108,315
46,216
116,291
105,271
101,332
53,445
82,340
111,224
97,221
110,299
108,268
46,328
116,323
105,311
101,322
53,426
82,272
111,269
97,252
110,285
108,309
46,274
116,275
105,254
101,319
53,488
82,306
111,246
97,296
110,342
108,270
46,274
116,255
105,250
101,286
53,374
82,289
111,236
97,251
110,255
108,320
46,212
116,266
105,215
101,292
53,441
82,322
111,246
97,254
110,214
108,330
46,277
116,260
105,237
101,671
53,471
82,297
111,223
97,243
110,273
108,334
46,272
116,321
105,315
101,224
53,457
82,264
111,261
97,238
110,228
108,329
46,216
116,315
105,250
101,255
53,406
82,292
111,207
97,253
110,257
108,327
46,230
116,265
105,267
101,273
53,414
82,303
111,269
97,221
110,320
108,332
46,295
116,305
105,258
101,286
53,425
82,272
111,235
97,577
110,301
108,670
46,380
116,253
105,206
101,930
53,591
82,293
111,269
97,286
110,261
108,258
46,440
116,267
105,273
101,259
53,377
82,310
111,251
97,264
110,231
108,298
46,226
116,285
105,200
101,335
53,436
82,375
111,406
97,292
110,244
108,309
46,207
116,285
105,205
101,347
53,418
82,277
111,257
97,400
110,246
108,503
46,281
116,291
105,214
101,261
53,430
82,288
111,226
97,263
110,208
108,299
46,223
116,274
105,299
101,319
53,415
82,278
111,252
97,241
110,262
108,323
46,225
116,254
105,273
101,424
53,558
82,301
111,261
97,299
110,262
108,312
46,214
116,284
105,324
101,343
53,426
82,275
111,275
97,258
110,221
108,335
46,273
116,314
105,303
101,853
53,441
82,284
111,219
97,263
110,220
108,320
46,336
116,247
105,231
101,483
53,730
82,357
111,284
97,287
110,251
108,375
46,323
116,299
105,148
101,704
53,475
82,341
111,263
97,287
110,280
108,320
46,300
116,267
105,252
101,375
53,465
82,421
111,282
97,251
110,225
108,342
46,308
116,289
105,256
101,391
53,419
82,311
111,269
97,259
110,277
108,334
46,295
116,312
105,278
101,333
53,1012
82,532
111,300
97,244
110,244
108,296
46,309
116,301
105,248
101,333
53,444
82,348
111,281
97,209
110,310
108,323
46,272
116,270
105,225
101,313
53,795
82,386
111,302
97,273
110,289
108,371
46,255
116,302
105,237
101,313
53,479
82,344
111,235
97,233
110,259
108,355
46,351
116,340
105,244
101,302
53,1154
82,454
111,287
97,278
110,243
108,324
46,308
116,297
105,438
101,377
53,477
82,228
111,250
97,212
110,268
108,328
46,314
116,268
105,245
101,302
53,319
82,315
111,220
97,213
110,275
108,324
46,265
116,282
105,332
101,182
53,410
82,311
111,171
97,245
110,246
108,319
46,377
116,262
105,383
101,358
53,577
82,301
111,226
97,204
110,269
108,320
46,270
116,239
105,218
101,225
53,394
82,333
111,186
97,211
110,281
108,330
46,331
116,315
105,234
101,494
53,468
82,313
111,192
97,219
110,256
108,339
46,284
116,225
105,167
101,315
53,421
82,319
111,223
97,222
110,245
108,326
46,324
116,72
105,443
101,139
53,556
82,350
111,192
97,177
110,239
108,380
46,325
116,219
105,222
101,322
53,446
82,274
111,250
97,165
110,293
108,356
46,225
116,258
105,199
101,599
53,881
82,258
111,189
97,213
110,277
108,273
46,276
116,279
105,200
101,290
53,396
82,308
111,209
97,272
110,246
108,358
46,289
116,419
105,659
101,708
53,494
82,329
111,258
97,222
110,347
108,288
46,285
116,376
105,281
101,371
53,458
82,300
111,224
97,196
110,292
108,319
46,295
116,277
105,154
101,331
53,458
82,282
111,229
97,229
110,245
108,334
46,316
116,235
105,298
101,230
53,435
82,274
111,228
97,206
110,266
108,328
46,252
116,421
105,750
101,346
53,913
82,382
111,304
97,225
110,245
108,318
46,325
116,302
105,411
101,386
53,394
82,344
111,338
97,411
110,252
108,410
46,317
116,300
105,212
101,230
53,443
82,295
111,230
97,232
110,252
108,495
46,305
116,267
105,213
101,303
53,406
82,313
111,228
97,216
110,283
108,312
46,294
116,255
105,170
101,359
53,364
82,264
111,254
97,205
110,272
108,298
46,328
116,271
105,168
101,316
53,372
82,259
111,236
97,200
110,303
108,332
46,267
116,250
105,263
101,252
53,354
82,277
111,249
97,188
110,287
108,283
46,244
116,256
105,322
101,321
53,461
82,297
111,231
97,232
110,236
108,311
46,240
116,483
105,282
101,277
53,295
82,269
111,198
97,209
110,245
108,329
46,412
116,121
105,302
101,247
53,588
82,329
111,193
97,213
110,236
108,329
46,316
116,293
105,176
101,304
53,411
82,288
111,230
97,205
110,204
108,326
46,326
116,284
105,203
101,1101
53,456
82,286
111,232
97,269
110,179
108,340
46,305
116,317
105,440
101,78
53,765
82,379
111,210
97,398
110,304
108,354
46,360
116,277
105,216
101,319
53,414
82,293
111,176
97,238
110,200
108,362
46,333
116,250
105,205
101,343
53,399
82,300
111,195
97,209
110,215
108,293
46,254
116,255
105,248
101,237
53,349
82,299
111,209
97,181
110,313
108,309
46,306
116,267
105,168
101,341
53,412
82,328
111,328
97,327
110,238
108,281
46,334
116,320
105,234
101,287
53,370
82,312
111,201
97,230
110,294
108,301
46,344
116,367
105,301
101,349
53,427
82,312
111,207
97,278
110,284
108,334
46,288
116,319
105,133
101,464
53,447
82,331
111,157
97,276
110,296
108,287
46,346
116,315
105,288
101,351
53,430
82,291
111,240
97,236
110,306
108,377
46,339
116,255
105,273
101,384
53,412
82,318
111,201
97,320
110,246
108,339
46,389
116,289
105,344
101,298
53,366
82,326
111,202
97,286
110,212
108,364
46,380
116,638
105,235
101,371
53,413
82,340
111,146
97,517
110,327
108,325
46,359
116,275
105,205
101,318
53,405
82,308
111,283
97,316
110,231
108,272
46,383
116,314
105,267
101,300
53,403
82,335
111,191
97,278
110,246
108,341
46,348
116,311
105,228
101,394
53,469
82,322
111,289
97,240
110,236
108,362
46,313
116,302
105,289
101,338
53,430
82,322
111,234
97,240
110,235
108,963
46,387
116,208
105,236
101,288
53,440
82,327
111,293
97,139
110,236
108,655
46,326
116,253
105,218
101,297
53,432
82,299
111,235
97,214
110,254
108,339
46,274
116,292
105,220
101,267
53,483
82,301
111,225
97,206
110,278
108,353
46,265
116,250
105,199
101,298
53,1484
82,370
111,284
97,234
110,232
108,334
46,260
116,274
105,196
101,287
53,540
82,406
111,248
97,203
110,324
108,399
46,243
116,237
105,233
101,209
53,493
82,399
111,226
97,201
110,210
108,331
46,244
116,289
105,235
101,152
53,758
82,411
111,251
97,227
110,222
108,331
46,269
116,256
105,188
101,205
53,487
82,402
111,197
97,252
110,200
108,285
46,246
116,256
105,177
101,315
53,539
82,348
111,221
97,174
110,251
108,299
46,230
116,236
105,266
101,203
53,678
82,348
111,166
97,235
110,203
108,267
46,230
116,230
105,223
101,255
53,450
82,352
111,143
97,192
110,263
108,305
46,359
116,283
105,255
101,189
53,504
82,398
111,164
97,254
110,242
108,703
46,240
116,291
105,188
101,370
53,618
82,385
111,267
97,168
110,310
108,291
46,272
116,287
105,155
101,341
53,373
82,319
111,263
97,238
110,258
108,313
46,261
116,274
105,217
101,212
53,383
82,369
111,400
97,222
110,289
108,375
46,260
116,242
105,184
101,371
53,433
82,324
111,247
97,206
110,295
108,329
46,258
116,243
105,247
101,252
53,410
82,328
111,265
97,273
110,215
108,364
46,299
116,270
105,224
101,265
53,386
82,298
111,251
97,252
110,292
108,330
46,261
116,301
105,773
101,318
53,543
82,287
111,244
97,189
110,249
108,310
46,246
116,274
105,256
101,292
53,348
82,369
111,266
97,358
110,279
108,298
46,282
116,293
105,171
101,367
53,395
82,410
111,367
97,313
110,258
108,297
46,299
116,267
105,221
101,316
53,432
82,345
111,235
97,260
110,256
108,340
46,266
116,258
105,225
101,235
53,404
82,331
111,313
97,339
110,299
108,367
46,259
116,273
105,184
101,311
53,404
82,320
111,289
97,211
110,241
108,337
46,221
116,256
105,210
101,282
53,410
82,319
111,277
97,300
110,363
108,345
46,247
116,264
105,211
101,322
53,429
82,307
111,276
97,260
110,239
108,345
46,344
116,287
105,171
101,354
53,418
82,415
111,321
97,345
110,287
108,273
46,237
116,251
105,190
101,334
53,392
82,312
111,240
97,285
110,213
108,339
46,259
116,261
105,176
101,309
53,399
82,304
111,272
97,199
110,372
108,374
46,274
116,305
105,109
101,335
53,437
82,304
111,261
97,255
110,241
108,345
46,266
116,261
105,173
101,288
53,403
82,304
111,249
97,233
110,247
108,318
46,296
116,217
105,214
101,308
53,398
82,270
111,259
97,192
110,292
108,322
46,259
116,228
105,199
101,279
53,402
82,292
111,272
97,251
110,304
108,327
46,279
116,226
105,195
101,305
53,398
82,316
111,283
97,181
110,353
108,346
46,325
116,185
105,264
101,295
53,365
82,278
111,262
97,210
110,226
108,311
46,305
116,203
105,355
101,113
53,543
82,283
111,261
97,257
110,229
108,305
46,261
116,261
105,617
101,375
53,800
82,339
111,221
97,237
110,219
108,299
46,335
116,148
105,254
101,343
53,371
82,339
111,276
97,187
110,377
108,296
46,441
116,213
105,360
101,380
53,601
82,291
111,294
97,305
110,351
108,343
46,380
116,121
105,259
101,358
53,725
82,519
111,283
97,276
110,231
108,319
46,358
116,268
105,164
101,369
53,426
82,316
111,264
97,228
110,248
108,313
46,248
116,237
105,177
101,307
53,360
82,302
111,281
97,245
110,233
108,340
46,294
116,266
105,223
101,318
53,330
82,274
111,254
97,211
110,223
108,319
46,345
116,192
105,416
101,43
53,735
82,305
111,207
97,255
110,211
108,311
46,288
116,208
105,200
101,328
53,386
82,246
111,239
97,205
110,262
108,304
46,310
116,237
105,231
101,326
53,368
82,257
111,230
97,211
110,291
108,347
46,318
116,217
105,207
101,364
53,348
82,251
111,217
97,184
110,237
108,712
46,314
116,221
105,172
101,352
53,381
82,274
111,290
97,266
110,301
108,294
46,342
116,267
105,220
101,370
53,457
82,375
111,244
97,273
110,236
108,349
46,285
116,325
105,236
101,335
53,747
82,406
111,292
97,288
110,238
108,669
46,301
116,298
105,173
101,413
53,417
82,375
111,316
97,368
110,266
108,377
46,276
116,279
105,172
101,737
53,488
82,443
111,339
97,312
110,237
108,330
46,259
116,296
105,204
101,343
53,429
82,400
111,235
97,319
110,193
108,358
46,225
116,312
105,156
101,334
53,432
82,368
111,225
97,311
110,210
108,372
46,215
116,305
105,183
101,311
53,462
82,381
111,326
97,287
110,247
108,321
46,242
116,281
105,192
101,269
53,393
82,331
111,254
97,261
110,267
108,325
46,295
116,268
105,209
101,272
53,376
82,364
111,245
97,251
110,230
108,372
46,248
116,282
105,187
101,311
53,412
82,354
111,240
97,297
110,254
108,329
46,741
116,332
105,258
101,288
53,354
82,288
111,258
97,225
110,255
108,305
46,237
116,251
105,151
101,277
53,322
82,316
111,249
97,236
110,222
108,312
46,245
116,269
105,220
101,88
53,403
82,302
111,237
97,246
110,203
108,323
46,241
116,275
105,167
101,265
53,373
82,300
111,264
97,229
110,247
108,318
46,278
116,251
105,197
101,329
53,391
82,306
111,268
97,220
110,227
108,327
46,240
116,255
105,156
101,384
53,355
82,317
111,253
97,265
110,239
108,323
46,227
116,275
105,143
101,360
53,375
82,317
111,278
97,235
110,261
108,309
46,298
116,244
105,234
101,419
53,508
82,380
111,272
97,260
110,238
108,327
46,283
116,215
105,400
101,402
53,391
82,270
111,275
97,205
110,366
108,280
46,288
116,257
105,169
101,386
53,366
82,336
111,235
97,257
110,264
108,687
46,290
116,259
105,158
101,351
53,387
82,337
111,260
97,262
110,294
108,345
46,273
116,297
105,164
101,371
53,379
82,322
111,292
97,269
110,251
108,367
46,273
116,322
105,437
101,327
53,354
82,308
111,301
97,232
110,233
108,374
46,258
116,359
105,161
101,357
53,357
82,300
111,284
97,226
110,295
108,304
46,264
116,302
105,190
101,461
53,551
82,300
111,251
97,258
110,246
108,331
46,233
116,312
105,153
101,392
53,414
82,293
111,268
97,249
110,240
108,314
46,245
116,317
105,219
101,349
53,371
82,285
111,268
97,248
110,249
108,327
46,237
116,283
105,162
101,355
53,366
82,281
111,248
97,241
110,264
108,305
46,232
116,260
105,174
101,302
53,364
82,289
111,253
97,280
110,319
108,298
46,311
116,249
105,273
101,260
53,359
82,283
111,268
97,336
110,237
108,326
46,268
116,285
105,181
101,315
53,353
82,353
111,243
97,268
110,246
108,322
46,261
116,305
105,226
101,279
53,356
82,288
111,275
97,251
110,273
108,325
46,363
116,165
105,340
101,395
53,363
82,269
111,272
97,252
110,299
108,318
46,351
116,276
105,323
101,263
53,403
82,279
111,261
97,242
110,229
108,348
46,363
116,252
105,297
101,299
53,620
82,320
111,214
97,329
110,292
108,279
46,235
116,257
105,212
101,310
53,397
82,280
111,246
97,283
110,242
108,322
46,262
116,253
105,636
101,795
53,514
82,345
111,214
97,291
110,239
108,316
46,368
116,742
105,313
101,350
53,434
82,282
111,221
97,264
110,267
108,290
46,249
116,296
105,159
101,351
53,345
82,291
111,231
97,272
110,257
108,342
46,371
116,310
105,231
101,350
53,391
82,276
111,245
97,243
110,247
108,337
46,311
116,314
105,221
101,360
53,408
82,291
111,243
97,293
110,256
108,344
46,265
116,312
105,212
101,321
53,371
82,286
111,266
97,275
110,244
108,311
46,272
116,297
105,180
101,335
53,405
82,294
111,241
97,265
110,247
108,319
46,334
116,364
105,250
101,351
53,435
82,290
111,261
97,300
110,295
108,323
46,263
116,312
105,208
101,459
53,426
82,297
111,300
97,256
110,269
108,350
46,347
116,630
105,495
101,611
53,465
82,302
111,246
97,276
110,274
108,328
46,250
116,292
105,181
101,304
53,373
82,294
111,240
97,295
110,293
108,338
46,372
116,141
105,742
101,357
53,408
82,286
111,229
97,237
110,250
108,688
46,287
116,296
105,154
101,320
53,439
82,315
111,254
97,254
110,265
108,345
46,286
116,300
105,204
101,337
53,412
82,338
111,327
97,326
110,261
108,965
46,282
116,229
105,205
101,369
53,469
82,295
111,333
97,221
110,297
108,576
46,296
116,316
105,220
101,369
53,371
82,355
111,282
97,208
110,293
108,360
46,209
116,267
105,256
101,286
53,405
82,296
111,290
97,214
110,337
108,326
46,270
116,293
105,179
101,361
53,453
82,354
111,273
97,285
110,334
108,326
46,269
116,278
105,347
101,146
53,461
82,296
111,318
97,232
110,325
108,348
46,319
116,210
105,248
101,360
53,1219
82,356
111,238
97,352
110,259
108,317
46,310
116,340
105,417
101,408
53,383
82,314
111,301
97,288
110,279
108,437
46,293
116,230
105,381
101,251
53,413
82,377
111,336
97,269
110,244
108,396
46,575
116,245
105,446
101,298
53,375
82,323
111,301
97,272
110,336
108,837
46,342
116,282
105,242
101,343
53,371
82,306
111,325
97,226
110,295
108,381
46,374
116,279
105,250
101,336
53,350
82,356
111,348
97,220
110,293
108,391
46,248
116,286
105,244
101,391
53,336
82,321
111,343
97,233
110,279
108,341
46,288
116,305
105,221
101,373
53,341
82,308
111,327
97,231
110,362
108,327
46,297
116,228
105,227
101,354
53,377
82,326
111,277
97,168
110,305
108,289
46,358
116,260
105,384
101,316
53,366
82,309
111,313
97,208
110,278
108,330
46,377
116,209
105,271
101,333
53,394
82,302
111,333
97,244
110,314
108,271
46,361
116,140
105,434
101,240
53,395
82,283
111,349
97,201
110,296
108,643
46,405
116,229
105,319
101,187
53,374
82,302
111,341
97,313
110,331
108,409
46,403
116,287
105,252
101,352
53,395
82,301
111,323
97,185
110,309
108,285
46,292
116,192
105,261
101,307
53,383
82,320
111,345
97,161
110,323
108,312
46,276
116,236
105,250
101,361
53,335
82,283
111,326
97,231
110,280
108,323
46,346
116,239
105,295
101,296
53,352
82,293
111,325
97,216
110,273
108,328
46,274
116,166
105,212
101,378
53,392
82,317
111,364
97,156
110,505
108,374
46,372
116,259
105,212
101,381
53,404
82,321
111,291
97,207
110,337
108,274
46,274
116,263
105,282
101,376
53,445
82,320
111,302
97,242
110,355
108,287
46,320
116,255
105,296
101,382
53,440
82,332
111,311
97,205
110,357
108,300
46,396
116,310
105,307
101,654
53,499
82,261
111,338
97,241
110,331
108,321
46,366
116,241
105,238
101,425
53,485
82,353
111,331
97,424
110,352
108,305
46,294
116,290
105,193
101,391
53,448
82,370
111,369
97,316
110,370
108,311
46,304
116,289
105,248
101,424
53,451
82,368
111,306
97,264
110,272
108,334
46,516
116,266
105,390
101,321
53,532
82,368
111,299
97,283
110,264
108,347
46,316
116,287
105,206
101,408
53,454
82,368
111,284
97,288
110,236
108,326
46,547
116,277
105,312
101,347
53,402
82,411
111,314
97,293
110,275
108,377
46,351
116,292
105,205
101,474
53,437
82,350
111,331
97,336
110,281
108,343
46,308
116,310
105,184
101,453
53,447
82,361
111,315
97,320
110,287
108,336
46,350
116,283
105,175
101,441
53,452
82,363
111,324
97,282
110,294
108,326
46,353
116,277
105,193
101,446
53,477
82,348
111,341
97,243
110,298
108,299
46,378
116,262
105,295
101,369
53,384
82,349
111,344
97,247
110,266
108,385
46,297
116,289
105,320
101,307
53,432
82,408
111,369
97,265
110,687
108,467
46,331
116,263
105,234
101,360
53,389
82,367
111,315
97,279
110,263
108,386
46,395
116,240
105,263
101,378
53,364
82,364
111,321
97,241
110,290
108,377
46,503
116,268
105,314
101,395
53,486
82,383
111,303
97,303
110,222
108,374
46,330
116,280
105,281
101,441
53,414
82,345
111,324
97,231
110,271
108,388
46,355
116,284
105,209
101,480
53,432
82,317
111,295
97,269
110,274
108,363
46,246
116,335
105,208
101,417
53,418
82,335
111,292
97,318
110,354
108,778
46,327
116,279
105,252
101,429
53,449
82,353
111,278
97,294
110,347
108,398
46,390
116,274
105,272
101,402
53,440
82,393
111,272
97,223
110,291
108,382
46,503
116,187
105,448
101,466
53,478
82,332
111,323
97,234
110,314
108,349
46,302
116,292
105,269
101,418
53,565
82,314
111,358
97,211
110,320
108,352
46,358
116,275
105,204
101,414
53,480
82,332
111,320
97,215
110,346
108,494
46,321
116,243
105,191
101,343
53,427
82,429
111,186
97,401
110,301
108,313
46,375
116,278
105,307
101,464
53,1264
82,362
111,296
97,315
110,285
108,359
46,367
116,306
105,280
101,500
53,398
82,435
111,329
97,336
110,276
108,370
46,422
116,249
105,448
101,380
53,400
82,409
111,325
97,255
110,317
108,358
46,453
116,302
105,277
101,465
53,428
82,381
111,303
97,305
110,297
108,429
46,386
116,358
105,318
101,449
53,412
82,352
111,312
97,283
110,732
108,426
46,420
116,338
105,307
101,394
53,436
82,374
111,332
97,282
110,254
108,389
46,341
116,303
105,212
101,431
53,456
82,365
111,264
97,317
110,275
108,367
46,338
116,295
105,251
101,358
53,424
82,388
111,346
97,277
110,279
108,384
46,337
116,328
105,257
101,446
53,438
82,362
111,323
97,277
110,241
108,413
46,339
116,276
105,227
101,382
53,441
82,378
111,316
97,273
110,248
108,362
46,345
116,290
105,153
101,452
53,489
82,498
111,258
97,314
110,218
108,370
46,297
116,381
105,233
101,522
53,375
82,374
111,297
97,280
110,256
108,406
46,380
116,393
105,128
101,446
53,463
82,453
111,298
97,237
110,261
108,356
46,291
116,377
105,166
101,508
53,425
82,350
111,275
97,292
110,187
108,382
46,326
116,326
105,159
101,464
53,404
82,366
111,270
97,248
110,249
108,443
46,311
116,435
105,178
101,414
53,445
82,434
111,296
97,322
110,148
108,787
46,367
116,248
105,252
101,366
53,380
82,430
111,382
97,279
110,300
108,729
46,547
116,367
105,410
101,272
53,391
82,362
111,263
97,271
110,191
108,410
46,316
116,347
105,172
101,375
53,394
82,330
111,264
97,240
110,241
108,378
46,229
116,380
105,133
101,410
53,385
82,319
111,296
97,264
110,189
108,368
46,304
116,337
105,214
101,1063
53,521
82,437
111,181
97,322
110,241
108,406
46,314
116,308
105,158
101,414
53,378
82,370
111,242
97,269
110,139
108,374
46,354
116,324
105,221
101,474
53,385
82,393
111,262
97,321
110,159
108,381
46,330
116,328
105,229
101,371
53,471
82,367
111,207
97,523
110,369
108,422
46,290
116,324
105,204
101,408
53,416
82,319
111,279
97,236
110,281
108,349
46,256
116,335
105,208
101,370
53,373
82,319
111,294
97,236
110,204
108,376
46,343
116,349
105,108
101,447
53,487
82,317
111,290
97,274
110,195
108,333
46,302
116,298
105,208
101,378
53,444
82,338
111,271
97,256
110,128
108,358
46,323
116,368
105,255
101,438
53,400
82,296
111,257
97,245
110,182
108,364
46,305
116,268
105,227
101,331
53,445
82,311
111,260
97,273
110,240
108,326
46,423
116,278
105,274
101,263
53,392
82,321
111,215
97,240
110,188
108,373
46,305
116,277
105,227
101,386
53,421
82,341
111,261
97,312
110,197
108,344
46,475
116,320
105,409
101,363
53,411
82,329
111,218
97,233
110,245
108,343
46,318
116,294
105,249
101,400
53,417
82,338
111,267
97,230
110,231
108,343
46,378
116,297
105,248
101,473
53,448
82,330
111,302
97,280
110,304
108,338
46,417
116,327
105,359
101,340
53,884
82,449
111,232
97,272
110,219
108,358
46,297
116,253
105,198
101,410
53,445
82,351
111,278
97,219
110,205
108,362
46,289
116,279
105,170
101,503
53,447
82,348
111,268
97,254
110,193
108,338
46,494
116,363
105,298
101,446
53,405
82,403
111,266
97,297
110,274
108,358
46,368
116,368
105,284
101,455
53,411
82,346
111,279
97,265
110,235
108,329
46,441
116,751
105,408
101,481
53,659
82,427
111,241
97,271
110,222
108,718
46,355
116,300
105,229
101,527
53,438
82,365
111,273
97,309
110,149
108,510
46,430
116,351
105,341
101,448
53,402
82,327
111,281
97,267
110,162
108,359
46,504
116,360
105,426
101,431
53,373
82,334
111,247
97,329
110,182
108,368
46,274
116,378
105,285
101,468
53,366
82,337
111,224
97,287
110,297
108,384
46,344
116,370
105,264
101,455
53,425
82,349
111,259
97,266
110,243
108,347
46,345
116,320
105,220
101,488
53,406
82,342
111,246
97,301
110,313
108,389
46,330
116,383
105,241
101,488
53,436
82,324
111,226
97,273
110,212
108,320
46,319
116,341
105,199
101,396
53,424
82,368
111,238
97,267
110,193
108,365
