523,47
276,17
227,34
863,14
724,23
380,56
272,15
239,31
310,0
464,45
74,36
722,47
200,17
240,34
1258,14
1215,23
373,56
205,15
231,31
363,0
538,45
82,36
398,47
193,17
258,34
670,14
964,23
323,56
285,15
235,31
927,0
413,45
74,36
525,47
203,17
268,34
1036,14
970,23
292,56
206,15
250,31
246,0
433,45
81,36
383,47
280,17
236,34
801,14
870,23
336,56
257,15
255,31
270,0
357,45
68,36
353,47
268,17
244,34
1128,14
674,23
310,56
191,15
254,31
239,0
378,45
90,36
331,47
236,17
243,34
763,14
908,23
323,56
138,15
275,31
228,0
381,45
77,36
312,47
222,17
220,34
600,14
715,23
309,56
272,15
266,31
204,0
327,45
81,36
326,47
183,17
221,34
619,14
967,23
299,56
257,15
254,31
235,0
365,45
80,36
315,47
237,17
266,34
792,14
680,23
380,56
165,15
252,31
205,0
440,45
112,36
326,47
254,17
256,34
1183,14
858,23
349,56
203,15
255,31
293,0
342,45
78,36
322,47
284,17
272,34
737,14
520,23
397,56
203,15
213,31
242,0
337,45
73,36
323,47
208,17
619,34
634,14
605,23
309,56
176,15
263,31
240,0
348,45
65,36
720,47
200,17
264,34
671,14
747,23
361,56
219,15
237,31
217,0
293,45
73,36
400,47
207,17
258,34
773,14
847,23
724,56
279,15
236,31
256,0
348,45
108,36
326,47
209,17
220,34
484,14
783,23
511,56
293,15
209,31
286,0
316,45
71,36
361,47
191,17
331,34
843,14
676,23
372,56
203,15
250,31
225,0
309,45
78,36
342,47
186,17
244,34
628,14
547,23
298,56
191,15
264,31
301,0
340,45
79,36
332,47
247,17
229,34
520,14
725,23
326,56
188,15
239,31
222,0
328,45
84,36
318,47
278,17
254,34
617,14
740,23
581,56
233,15
273,31
255,0
323,45
88,36
300,47
255,17
419,34
859,14
565,23
382,56
249,15
245,31
235,0
344,45
93,36
404,47
288,17
205,34
604,14
479,23
288,56
224,15
272,31
211,0
284,45
88,36
327,47
315,17
258,34
647,14
452,23
300,56
179,15
314,31
249,0
306,45
78,36
346,47
204,17
247,34
536,14
439,23
315,56
268,15
279,31
294,0
337,45
101,36
420,47
472,17
308,34
636,14
394,23
318,56
194,15
263,31
296,0
345,45
102,36
1468,47
220,17
234,34
651,14
427,23
318,56
155,15
263,31
212,0
360,45
87,36
541,47
247,17
214,34
639,14
444,23
260,56
173,15
273,31
243,0
358,45
83,36
577,47
225,17
244,34
749,14
451,23
277,56
177,15
247,31
205,0
316,45
74,36
440,47
222,17
287,34
607,14
442,23
276,56
196,15
243,31
226,0
323,45
82,36
426,47
195,17
243,34
568,14
439,23
266,56
183,15
261,31
241,0
324,45
71,36
414,47
226,17
269,34
547,14
413,23
290,56
188,15
256,31
231,0
323,45
86,36
540,47
206,17
268,34
709,14
461,23
351,56
211,15
283,31
242,0
302,45
96,36
331,47
236,17
213,34
559,14
459,23
347,56
252,15
235,31
226,0
369,45
104,36
533,47
368,17
179,34
640,14
405,23
335,56
179,15
231,31
213,0
318,45
70,36
277,47
316,17
189,34
575,14
554,23
388,56
189,15
244,31
196,0
320,45
84,36
439,47
227,17
216,34
712,14
403,23
328,56
188,15
247,31
226,0
358,45
89,36
506,47
284,17
223,34
481,14
678,23
287,56
168,15
300,31
223,0
295,45
82,36
332,47
212,17
218,34
597,14
346,23
276,56
214,15
256,31
246,0
290,45
77,36
452,47
233,17
214,34
440,14
761,23
397,56
155,15
292,31
365,0
343,45
94,36
378,47
207,17
225,34
426,14
764,23
368,56
245,15
226,31
248,0
340,45
114,36
427,47
213,17
220,34
992,14
687,23
351,56
203,15
241,31
241,0
267,45
74,36
320,47
213,17
203,34
571,14
660,23
329,56
134,15
276,31
250,0
297,45
87,36
315,47
243,17
237,34
729,14
394,23
284,56
179,15
235,31
219,0
312,45
85,36
358,47
222,17
209,34
604,14
392,23
251,56
215,15
254,31
222,0
322,45
80,36
309,47
353,17
220,34
449,14
539,23
308,56
163,15
323,31
241,0
284,45
81,36
303,47
299,17
217,34
683,14
373,23
311,56
145,15
277,31
194,0
328,45
91,36
475,47
332,17
319,34
821,14
441,23
306,56
210,15
242,31
221,0
295,45
68,36
337,47
315,17
198,34
564,14
486,23
326,56
181,15
249,31
204,0
291,45
85,36
309,47
266,17
267,34
310,14
574,23
377,56
212,15
225,31
249,0
309,45
82,36
355,47
264,17
230,34
363,14
514,23
314,56
495,15
232,31
281,0
341,45
90,36
400,47
252,17
214,34
907,14
846,23
332,56
183,15
223,31
266,0
391,45
69,36
277,47
227,17
222,34
869,14
582,23
358,56
178,15
189,31
245,0
385,45
62,36
309,47
235,17
210,34
818,14
540,23
321,56
176,15
216,31
228,0
297,45
66,36
356,47
216,17
230,34
589,14
495,23
339,56
235,15
437,31
289,0
400,45
88,36
299,47
214,17
183,34
584,14
497,23
339,56
293,15
272,31
317,0
314,45
47,36
304,47
208,17
178,34
598,14
477,23
389,56
256,15
213,31
257,0
1111,45
73,36
404,47
212,17
207,34
711,14
546,23
344,56
202,15
308,31
327,0
347,45
70,36
358,47
335,17
231,34
618,14
532,23
349,56
214,15
240,31
226,0
354,45
64,36
288,47
256,17
221,34
534,14
502,23
353,56
199,15
272,31
256,0
533,45
70,36
320,47
260,17
274,34
570,14
451,23
334,56
187,15
242,31
205,0
342,45
67,36
260,47
305,17
199,34
580,14
635,23
359,56
212,15
215,31
225,0
421,45
72,36
292,47
270,17
220,34
578,14
410,23
657,56
359,15
221,31
246,0
307,45
74,36
238,47
254,17
206,34
541,14
383,23
360,56
189,15
227,31
236,0
445,45
62,36
301,47
218,17
231,34
528,14
392,23
342,56
163,15
243,31
209,0
297,45
65,36
253,47
224,17
193,34
529,14
406,23
344,56
157,15
228,31
213,0
303,45
87,36
295,47
228,17
228,34
478,14
358,23
439,56
219,15
290,31
249,0
259,45
68,36
633,47
347,17
556,34
661,14
339,23
298,56
228,15
243,31
220,0
393,45
86,36
257,47
195,17
218,34
536,14
447,23
328,56
198,15
180,31
207,0
289,45
57,36
230,47
193,17
247,34
463,14
713,23
621,56
201,15
190,31
223,0
293,45
79,36
283,47
197,17
220,34
595,14
382,23
324,56
185,15
233,31
238,0
468,45
81,36
243,47
231,17
196,34
534,14
352,23
377,56
169,15
220,31
204,0
254,45
71,36
221,47
259,17
155,34
781,14
409,23
341,56
128,15
255,31
224,0
304,45
69,36
378,47
209,17
251,34
618,14
384,23
407,56
199,15
224,31
209,0
305,45
71,36
335,47
281,17
235,34
632,14
367,23
355,56
236,15
266,31
231,0
339,45
58,36
250,47
249,17
136,34
649,14
435,23
336,56
267,15
225,31
224,0
304,45
68,36
309,47
279,17
182,34
552,14
482,23
423,56
309,15
241,31
241,0
356,45
64,36
429,47
239,17
215,34
571,14
450,23
498,56
200,15
267,31
234,0
332,45
61,36
305,47
343,17
308,34
512,14
440,23
357,56
216,15
221,31
224,0
265,45
72,36
295,47
280,17
221,34
515,14
476,23
428,56
184,15
245,31
219,0
281,45
69,36
234,47
280,17
184,34
604,14
428,23
331,56
195,15
204,31
227,0
288,45
50,36
203,47
316,17
236,34
325,14
494,23
324,56
216,15
226,31
235,0
284,45
75,36
247,47
264,17
216,34
404,14
537,23
444,56
216,15
222,31
230,0
301,45
79,36
256,47
251,17
204,34
372,14
1414,23
295,56
204,15
268,31
232,0
273,45
65,36
246,47
258,17
178,34
370,14
535,23
339,56
198,15
268,31
353,0
380,45
78,36
363,47
245,17
220,34
474,14
792,23
410,56
206,15
223,31
200,0
288,45
77,36
281,47
223,17
215,34
317,14
506,23
494,56
201,15
233,31
499,0
388,45
75,36
449,47
239,17
205,34
328,14
570,23
370,56
216,15
252,31
253,0
308,45
63,36
271,47
263,17
189,34
637,14
456,23
368,56
181,15
221,31
256,0
298,45
66,36
616,47
316,17
196,34
379,14
478,23
388,56
233,15
199,31
254,0
303,45
69,36
232,47
229,17
210,34
330,14
512,23
376,56
293,15
305,31
266,0
326,45
59,36
262,47
231,17
203,34
1263,14
473,23
620,56
211,15
247,31
215,0
256,45
59,36
206,47
224,17
213,34
284,14
531,23
416,56
247,15
248,31
253,0
524,45
67,36
285,47
222,17
193,34
355,14
549,23
342,56
214,15
306,31
244,0
340,45
61,36
234,47
299,17
223,34
436,14
744,23
398,56
214,15
259,31
221,0
286,45
78,36
299,47
267,17
180,34
404,14
587,23
402,56
311,15
273,31
222,0
326,45
67,36
292,47
241,17
197,34
366,14
772,23
355,56
202,15
258,31
227,0
276,45
72,36
238,47
286,17
200,34
578,14
828,23
346,56
247,15
345,31
337,0
348,45
88,36
242,47
255,17
191,34
313,14
502,23
438,56
222,15
289,31
323,0
456,45
80,36
549,47
636,17
240,34
361,14
524,23
456,56
176,15
250,31
221,0
259,45
68,36
280,47
230,17
205,34
320,14
552,23
325,56
204,15
266,31
310,0
370,45
89,36
324,47
193,17
215,34
751,14
624,23
420,56
161,15
290,31
252,0
377,45
58,36
256,47
203,17
174,34
589,14
497,23
276,56
162,15
260,31
237,0
301,45
71,36
363,47
211,17
203,34
671,14
434,23
430,56
152,15
268,31
221,0
318,45
51,36
401,47
180,17
227,34
572,14
424,23
311,56
159,15
263,31
192,0
338,45
50,36
527,47
351,17
267,34
662,14
463,23
352,56
200,15
327,31
227,0
317,45
59,36
320,47
278,17
130,34
537,14
421,23
396,56
223,15
221,31
210,0
356,45
53,36
308,47
224,17
161,34
505,14
428,23
324,56
96,15
390,31
225,0
295,45
57,36
278,47
238,17
208,34
526,14
572,23
261,56
230,15
259,31
194,0
332,45
62,36
266,47
224,17
217,34
707,14
442,23
348,56
370,15
256,31
239,0
366,45
63,36
237,47
232,17
207,34
621,14
420,23
313,56
175,15
257,31
181,0
318,45
54,36
284,47
251,17
103,34
924,14
428,23
291,56
185,15
222,31
208,0
315,45
60,36
214,47
284,17
173,34
524,14
415,23
247,56
206,15
263,31
197,0
362,45
73,36
336,47
397,17
1459,34
722,14
390,23
312,56
148,15
248,31
169,0
301,45
59,36
227,47
186,17
189,34
441,14
386,23
299,56
319,15
272,31
217,0
292,45
50,36
186,47
254,17
200,34
507,14
382,23
353,56
221,15
195,31
215,0
287,45
59,36
204,47
209,17
228,34
548,14
352,23
343,56
246,15
205,31
234,0
316,45
52,36
176,47
214,17
261,34
527,14
374,23
316,56
181,15
215,31
207,0
270,45
64,36
215,47
217,17
212,34
490,14
414,23
353,56
200,15
242,31
208,0
274,45
65,36
247,47
214,17
198,34
645,14
449,23
289,56
204,15
231,31
191,0
318,45
71,36
276,47
176,17
184,34
390,14
455,23
320,56
589,15
212,31
251,0
427,45
70,36
191,47
232,17
184,34
458,14
362,23
293,56
170,15
288,31
178,0
305,45
59,36
158,47
233,17
221,34
371,14
479,23
286,56
165,15
236,31
239,0
369,45
50,36
234,47
234,17
187,34
477,14
450,23
315,56
198,15
254,31
228,0
276,45
66,36
238,47
217,17
209,34
332,14
494,23
305,56
250,15
271,31
247,0
304,45
66,36
277,47
193,17
221,34
292,14
484,23
387,56
232,15
232,31
224,0
302,45
71,36
214,47
234,17
172,34
310,14
475,23
360,56
235,15
235,31
220,0
517,45
87,36
262,47
182,17
225,34
268,14
421,23
308,56
202,15
253,31
264,0
304,45
68,36
215,47
230,17
196,34
706,14
400,23
308,56
301,15
278,31
289,0
319,45
67,36
270,47
209,17
246,34
397,14
558,23
681,56
207,15
267,31
197,0
284,45
74,36
234,47
287,17
201,34
1208,14
542,23
656,56
173,15
250,31
208,0
305,45
62,36
269,47
192,17
234,34
699,14
798,23
435,56
321,15
216,31
207,0
406,45
83,36
420,47
133,17
247,34
315,14
529,23
399,56
212,15
190,31
206,0
363,45
77,36
302,47
256,17
213,34
360,14
510,23
326,56
199,15
262,31
235,0
330,45
80,36
260,47
255,17
189,34
363,14
498,23
327,56
166,15
311,31
201,0
315,45
81,36
324,47
228,17
217,34
393,14
568,23
591,56
192,15
227,31
204,0
570,45
65,36
356,47
198,17
172,34
1414,14
697,23
385,56
199,15
287,31
204,0
407,45
82,36
274,47
220,17
238,34
313,14
449,23
288,56
192,15
281,31
216,0
399,45
70,36
279,47
244,17
199,34
236,14
470,23
273,56
209,15
161,31
452,0
483,45
100,36
276,47
212,17
197,34
367,14
643,23
289,56
177,15
205,31
285,0
359,45
77,36
296,47
225,17
236,34
179,14
466,23
309,56
381,15
236,31
237,0
305,45
68,36
206,47
229,17
207,34
410,14
541,23
316,56
215,15
215,31
285,0
317,45
95,36
239,47
231,17
218,34
302,14
477,23
358,56
249,15
210,31
210,0
331,45
84,36
315,47
200,17
210,34
277,14
458,23
303,56
175,15
219,31
214,0
278,45
78,36
264,47
246,17
195,34
294,14
504,23
429,56
185,15
242,31
228,0
291,45
103,36
188,47
257,17
182,34
327,14
1378,23
414,56
177,15
248,31
209,0
290,45
82,36
176,47
273,17
157,34
452,14
481,23
407,56
250,15
287,31
244,0
298,45
92,36
259,47
298,17
217,34
688,14
515,23
448,56
190,15
195,31
223,0
334,45
79,36
306,47
254,17
881,34
413,14
900,23
466,56
159,15
217,31
187,0
290,45
90,36
234,47
216,17
224,34
432,14
805,23
410,56
205,15
234,31
210,0
305,45
75,36
298,47
220,17
216,34
379,14
737,23
376,56
202,15
272,31
237,0
348,45
83,36
294,47
206,17
164,34
1377,14
516,23
336,56
157,15
220,31
204,0
305,45
63,36
253,47
173,17
211,34
603,14
402,23
325,56
156,15
250,31
217,0
307,45
61,36
265,47
250,17
163,34
453,14
585,23
289,56
214,15
219,31
213,0
307,45
62,36
352,47
194,17
181,34
488,14
449,23
349,56
232,15
318,31
236,0
332,45
61,36
425,47
252,17
160,34
630,14
432,23
322,56
222,15
288,31
261,0
476,45
71,36
251,47
190,17
1007,34
277,14
380,23
486,56
240,15
261,31
211,0
331,45
73,36
308,47
193,17
181,34
485,14
430,23
309,56
209,15
273,31
258,0
316,45
71,36
251,47
188,17
177,34
509,14
378,23
377,56
141,15
263,31
202,0
293,45
71,36
251,47
204,17
164,34
477,14
452,23
320,56
155,15
244,31
171,0
307,45
66,36
291,47
204,17
192,34
463,14
382,23
320,56
173,15
243,31
172,0
296,45
68,36
257,47
204,17
143,34
451,14
382,23
330,56
129,15
238,31
175,0
310,45
74,36
283,47
230,17
199,34
403,14
414,23
330,56
182,15
237,31
188,0
314,45
78,36
214,47
284,17
162,34
514,14
492,23
278,56
182,15
177,31
452,0
387,45
72,36
192,47
268,17
131,34
510,14
426,23
311,56
210,15
292,31
237,0
312,45
69,36
213,47
241,17
181,34
271,14
529,23
414,56
174,15
260,31
224,0
252,45
80,36
234,47
239,17
162,34
306,14
434,23
341,56
163,15
325,31
211,0
302,45
81,36
183,47
307,17
154,34
435,14
487,23
339,56
208,15
423,31
269,0
321,45
38,36
300,47
217,17
168,34
342,14
430,23
397,56
197,15
212,31
186,0
327,45
80,36
308,47
213,17
196,34
298,14
610,23
350,56
426,15
232,31
236,0
307,45
65,36
262,47
196,17
161,34
303,14
439,23
330,56
177,15
260,31
174,0
325,45
75,36
305,47
208,17
176,34
813,14
379,23
280,56
164,15
255,31
182,0
305,45
63,36
274,47
240,17
125,34
611,14
344,23
275,56
168,15
233,31
213,0
283,45
76,36
317,47
233,17
169,34
599,14
459,23
748,56
227,15
228,31
222,0
263,45
67,36
184,47
258,17
115,34
564,14
422,23
339,56
205,15
252,31
311,0
338,45
68,36
249,47
228,17
135,34
750,14
395,23
511,56
259,15
236,31
283,0
305,45
68,36
392,47
238,17
197,34
533,14
384,23
298,56
214,15
201,31
214,0
265,45
72,36
337,47
225,17
177,34
471,14
418,23
305,56
247,15
196,31
201,0
303,45
69,36
282,47
255,17
129,34
581,14
567,23
273,56
221,15
249,31
216,0
300,45
79,36
284,47
243,17
161,34
653,14
405,23
293,56
239,15
230,31
191,0
302,45
65,36
249,47
237,17
113,34
657,14
503,23
566,56
272,15
214,31
180,0
285,45
73,36
232,47
233,17
147,34
560,14
399,23
277,56
169,15
226,31
188,0
294,45
80,36
229,47
271,17
110,34
653,14
406,23
280,56
189,15
233,31
200,0
298,45
75,36
300,47
257,17
167,34
586,14
365,23
297,56
153,15
269,31
183,0
310,45
67,36
277,47
291,17
258,34
543,14
439,23
309,56
216,15
223,31
203,0
289,45
80,36
400,47
264,17
324,34
469,14
431,23
344,56
214,15
214,31
227,0
350,45
87,36
242,47
290,17
219,34
498,14
404,23
289,56
190,15
228,31
225,0
337,45
78,36
317,47
249,17
237,34
335,14
469,23
331,56
229,15
294,31
283,0
333,45
75,36
275,47
251,17
212,34
343,14
466,23
338,56
211,15
246,31
249,0
303,45
80,36
235,47
278,17
151,34
301,14
461,23
363,56
217,15
220,31
203,0
293,45
79,36
270,47
249,17
202,34
286,14
505,23
558,56
295,15
280,31
236,0
277,45
64,36
236,47
228,17
173,34
307,14
509,23
393,56
227,15
233,31
211,0
362,45
70,36
269,47
214,17
159,34
484,14
384,23
290,56
427,15
250,31
239,0
277,45
75,36
357,47
253,17
266,34
450,14
454,23
489,56
192,15
259,31
190,0
295,45
84,36
277,47
240,17
203,34
620,14
409,23
494,56
225,15
224,31
383,0
459,45
86,36
428,47
241,17
256,34
396,14
650,23
366,56
192,15
269,31
242,0
333,45
67,36
362,47
234,17
239,34
305,14
436,23
352,56
209,15
250,31
233,0
283,45
71,36
301,47
269,17
231,34
753,14
405,23
323,56
284,15
249,31
239,0
328,45
73,36
297,47
246,17
177,34
468,14
489,23
400,56
253,15
216,31
251,0
309,45
84,36
365,47
255,17
230,34
297,14
715,23
359,56
201,15
242,31
287,0
601,45
76,36
354,47
201,17
251,34
349,14
1277,23
263,56
196,15
279,31
206,0
305,45
82,36
286,47
190,17
161,34
1293,14
531,23
378,56
119,15
265,31
341,0
343,45
71,36
243,47
196,17
166,34
363,14
555,23
393,56
201,15
225,31
218,0
273,45
71,36
313,47
234,17
195,34
547,14
487,23
530,56
165,15
217,31
218,0
286,45
86,36
303,47
177,17
203,34
492,14
462,23
416,56
137,15
230,31
207,0
277,45
75,36
332,47
262,17
213,34
546,14
428,23
409,56
133,15
228,31
296,0
333,45
71,36
390,47
239,17
1206,34
430,14
463,23
416,56
269,15
405,31
256,0
299,45
60,36
295,47
220,17
174,34
480,14
396,23
386,56
193,15
189,31
237,0
315,45
73,36
392,47
218,17
226,34
319,14
658,23
345,56
200,15
244,31
252,0
313,45
86,36
419,47
217,17
176,34
553,14
397,23
302,56
190,15
213,31
229,0
302,45
71,36
321,47
222,17
166,34
486,14
427,23
313,56
185,15
225,31
198,0
375,45
106,36
232,47
221,17
209,34
295,14
443,23
408,56
192,15
214,31
233,0
274,45
81,36
238,47
220,17
170,34
528,14
398,23
320,56
140,15
255,31
201,0
259,45
67,36
282,47
248,17
203,34
295,14
627,23
395,56
330,15
278,31
257,0
291,45
70,36
219,47
279,17
143,34
283,14
749,23
362,56
339,15
211,31
233,0
269,45
74,36
227,47
249,17
137,34
338,14
578,23
344,56
258,15
243,31
242,0
295,45
75,36
202,47
281,17
192,34
514,14
449,23
377,56
212,15
261,31
215,0
302,45
81,36
254,47
281,17
147,34
364,14
617,23
302,56
251,15
257,31
229,0
284,45
73,36
279,47
251,17
158,34
330,14
580,23
378,56
296,15
270,31
231,0
262,45
86,36
232,47
298,17
153,34
323,14
491,23
318,56
177,15
313,31
209,0
258,45
81,36
193,47
284,17
128,34
396,14
552,23
411,56
163,15
249,31
195,0
273,45
82,36
227,47
286,17
131,34
274,14
714,23
336,56
185,15
228,31
238,0
264,45
84,36
232,47
273,17
109,34
324,14
465,23
407,56
174,15
226,31
257,0
300,45
63,36
353,47
270,17
189,34
244,14
497,23
427,56
259,15
226,31
225,0
274,45
69,36
304,47
231,17
218,34
276,14
486,23
397,56
179,15
249,31
248,0
304,45
80,36
222,47
274,17
110,34
277,14
588,23
330,56
242,15
274,31
222,0
284,45
73,36
392,47
230,17
274,34
694,14
593,23
312,56
211,15
275,31
237,0
275,45
70,36
241,47
284,17
177,34
305,14
711,23
334,56
214,15
226,31
222,0
319,45
91,36
700,47
280,17
191,34
295,14
703,23
343,56
173,15
257,31
200,0
278,45
86,36
238,47
261,17
154,34
294,14
782,23
326,56
200,15
197,31
242,0
254,45
81,36
190,47
265,17
181,34
290,14
628,23
343,56
193,15
223,31
226,0
300,45
82,36
228,47
274,17
232,34
225,14
567,23
411,56
200,15
250,31
221,0
389,45
79,36
285,47
321,17
171,34
313,14
592,23
372,56
202,15
307,31
241,0
305,45
76,36
238,47
297,17
505,34
463,14
744,23
349,56
159,15
287,31
237,0
288,45
93,36
403,47
248,17
415,34
385,14
530,23
394,56
160,15
235,31
216,0
308,45
69,36
325,47
261,17
162,34
459,14
742,23
307,56
202,15
264,31
227,0
294,45
85,36
412,47
215,17
275,34
266,14
693,23
336,56
140,15
253,31
254,0
291,45
75,36
247,47
336,17
185,34
379,14
767,23
306,56
168,15
243,31
225,0
291,45
70,36
345,47
243,17
180,34
390,14
557,23
345,56
132,15
455,31
278,0
311,45
84,36
212,47
269,17
132,34
241,14
562,23
374,56
189,15
150,31
280,0
297,45
90,36
242,47
248,17
223,34
223,14
592,23
398,56
362,15
236,31
248,0
338,45
76,36
290,47
286,17
661,34
315,14
532,23
328,56
195,15
219,31
219,0
287,45
75,36
286,47
217,17
229,34
268,14
682,23
328,56
183,15
235,31
204,0
290,45
77,36
246,47
276,17
180,34
274,14
585,23
405,56
165,15
201,31
228,0
294,45
97,36
500,47
402,17
140,34
463,14
385,23
338,56
212,15
285,31
276,0
289,45
80,36
258,47
305,17
123,34
516,14
452,23
325,56
180,15
229,31
230,0
280,45
75,36
278,47
274,17
155,34
316,14
595,23
341,56
195,15
309,31
261,0
290,45
68,36
282,47
315,17
161,34
396,14
594,23
364,56
221,15
262,31
257,0
274,45
63,36
264,47
296,17
143,34
654,14
712,23
567,56
213,15
264,31
236,0
271,45
70,36
218,47
283,17
122,34
252,14
707,23
325,56
209,15
340,31
277,0
316,45
74,36
414,47
684,17
361,34
307,14
530,23
457,56
175,15
273,31
211,0
276,45
68,36
246,47
198,17
134,34
589,14
415,23
316,56
159,15
257,31
225,0
292,45
77,36
216,47
261,17
190,34
319,14
440,23
370,56
187,15
254,31
216,0
386,45
70,36
431,47
210,17
182,34
281,14
672,23
316,56
115,15
280,31
200,0
339,45
71,36
252,47
243,17
106,34
382,14
553,23
333,56
157,15
363,31
264,0
302,45
63,36
234,47
243,17
127,34
372,14
469,23
338,56
214,15
275,31
221,0
282,45
65,36
338,47
262,17
207,34
338,14
547,23
359,56
171,15
244,31
199,0
317,45
76,36
403,47
198,17
189,34
657,14
368,23
344,56
263,15
223,31
228,0
356,45
72,36
277,47
253,17
182,34
320,14
453,23
353,56
192,15
268,31
186,0
309,45
72,36
368,47
179,17
226,34
545,14
389,23
281,56
161,15
273,31
194,0
320,45
67,36
255,47
204,17
180,34
300,14
417,23
307,56
159,15
266,31
194,0
304,45
95,36
335,47
289,17
148,34
254,14
467,23
317,56
198,15
228,31
226,0
376,45
94,36
306,47
325,17
253,34
342,14
417,23
294,56
214,15
237,31
262,0
297,45
69,36
238,47
321,17
148,34
463,14
448,23
437,56
193,15
247,31
206,0
299,45
73,36
241,47
258,17
240,34
462,14
446,23
297,56
218,15
207,31
240,0
341,45
78,36
248,47
312,17
250,34
333,14
436,23
287,56
193,15
264,31
224,0
305,45
79,36
257,47
271,17
178,34
263,14
627,23
325,56
216,15
232,31
190,0
327,45
80,36
292,47
256,17
203,34
238,14
451,23
303,56
201,15
220,31
218,0
326,45
86,36
282,47
251,17
207,34
228,14
545,23
491,56
198,15
237,31
199,0
294,45
94,36
307,47
272,17
264,34
245,14
535,23
515,56
198,15
229,31
187,0
299,45
91,36
350,47
323,17
207,34
279,14
443,23
340,56
192,15
341,31
207,0
273,45
87,36
423,47
243,17
223,34
307,14
444,23
281,56
223,15
278,31
234,0
344,45
67,36
245,47
197,17
169,34
280,14
461,23
293,56
174,15
299,31
307,0
320,45
79,36
297,47
227,17
204,34
568,14
407,23
308,56
408,15
237,31
262,0
259,45
80,36
240,47
240,17
209,34
262,14
391,23
294,56
218,15
203,31
208,0
274,45
72,36
324,47
273,17
203,34
294,14
496,23
326,56
255,15
242,31
274,0
293,45
78,36
291,47
249,17
198,34
287,14
451,23
368,56
271,15
227,31
195,0
289,45
73,36
264,47
337,17
302,34
310,14
470,23
303,56
203,15
217,31
189,0
282,45
78,36
238,47
224,17
253,34
243,14
394,23
310,56
187,15
271,31
312,0
281,45
76,36
268,47
324,17
242,34
289,14
430,23
398,56
210,15
275,31
214,0
261,45
79,36
273,47
286,17
233,34
275,14
434,23
339,56
318,15
217,31
197,0
264,45
79,36
260,47
277,17
270,34
334,14
445,23
368,56
212,15
236,31
217,0
255,45
76,36
258,47
257,17
203,34
266,14
505,23
461,56
198,15
241,31
213,0
251,45
81,36
465,47
245,17
218,34
263,14
441,23
310,56
241,15
233,31
216,0
260,45
71,36
382,47
293,17
289,34
279,14
447,23
341,56
205,15
260,31
197,0
292,45
78,36
274,47
250,17
1816,34
335,14
380,23
358,56
171,15
333,31
370,0
378,45
79,36
357,47
240,17
198,34
247,14
413,23
312,56
202,15
227,31
185,0
290,45
68,36
263,47
283,17
216,34
295,14
434,23
318,56
225,15
248,31
218,0
307,45
85,36
250,47
321,17
262,34
298,14
417,23
332,56
235,15
251,31
479,0
369,45
92,36
421,47
231,17
241,34
199,14
479,23
344,56
187,15
228,31
197,0
286,45
68,36
274,47
251,17
232,34
269,14
429,23
362,56
258,15
233,31
227,0
295,45
67,36
270,47
286,17
200,34
247,14
450,23
315,56
366,15
230,31
252,0
280,45
73,36
341,47
260,17
249,34
255,14
470,23
439,56
245,15
237,31
262,0
283,45
75,36
293,47
360,17
287,34
339,14
682,23
309,56
206,15
222,31
182,0
280,45
84,36
284,47
235,17
262,34
243,14
491,23
439,56
333,15
217,31
217,0
273,45
77,36
281,47
273,17
221,34
244,14
668,23
404,56
208,15
242,31
247,0
292,45
71,36
247,47
276,17
222,34
289,14
549,23
460,56
161,15
252,31
189,0
287,45
77,36
231,47
257,17
171,34
948,14
734,23
331,56
192,15
239,31
219,0
271,45
85,36
267,47
290,17
225,34
225,14
468,23
298,56
206,15
211,31
200,0
279,45
67,36
325,47
200,17
213,34
441,14
742,23
308,56
226,15
226,31
244,0
287,45
76,36
253,47
229,17
229,34
293,14
442,23
500,56
301,15
272,31
254,0
287,45
86,36
296,47
219,17
118,34
498,14
526,23
345,56
208,15
245,31
219,0
287,45
80,36
343,47
235,17
208,34
299,14
607,23
447,56
274,15
234,31
240,0
288,45
83,36
221,47
212,17
202,34
275,14
535,23
373,56
176,15
210,31
234,0
309,45
62,36
252,47
224,17
222,34
262,14
486,23
385,56
179,15
231,31
236,0
283,45
69,36
245,47
232,17
223,34
255,14
550,23
443,56
266,15
243,31
280,0
297,45
81,36
268,47
255,17
226,34
264,14
508,23
521,56
171,15
254,31
254,0
277,45
72,36
290,47
247,17
255,34
332,14
494,23
443,56
232,15
209,31
233,0
731,45
52,36
298,47
257,17
258,34
300,14
520,23
341,56
243,15
235,31
249,0
333,45
92,36
257,47
245,17
201,34
297,14
531,23
368,56
202,15
264,31
240,0
316,45
80,36
339,47
203,17
277,34
268,14
523,23
444,56
214,15
277,31
258,0
311,45
72,36
395,47
240,17
225,34
268,14
657,23
366,56
174,15
256,31
224,0
295,45
87,36
279,47
257,17
149,34
361,14
507,23
424,56
271,15
195,31
233,0
343,45
90,36
327,47
301,17
234,34
303,14
712,23
325,56
178,15
221,31
245,0
303,45
72,36
306,47
276,17
214,34
332,14
536,23
354,56
254,15
251,31
248,0
385,45
72,36
330,47
271,17
271,34
254,14
510,23
400,56
260,15
209,31
291,0
353,45
79,36
322,47
234,17
193,34
274,14
692,23
416,56
216,15
194,31
249,0
278,45
85,36
216,47
293,17
169,34
509,14
470,23
353,56
212,15
264,31
205,0
295,45
60,36
245,47
259,17
274,34
320,14
618,23
353,56
215,15
242,31
219,0
270,45
63,36
277,47
227,17
186,34
263,14
487,23
394,56
211,15
215,31
216,0
295,45
65,36
309,47
225,17
284,34
377,14
455,23
387,56
242,15
225,31
217,0
252,45
98,36
260,47
261,17
231,34
318,14
533,23
358,56
285,15
255,31
245,0
275,45
60,36
276,47
259,17
199,34
270,14
526,23
366,56
256,15
236,31
259,0
275,45
77,36
291,47
270,17
239,34
358,14
478,23
376,56
265,15
201,31
246,0
321,45
72,36
309,47
249,17
213,34
331,14
433,23
353,56
247,15
201,31
252,0
281,45
58,36
271,47
253,17
249,34
427,14
464,23
471,56
210,15
225,31
215,0
283,45
71,36
270,47
254,17
204,34
966,14
482,23
670,56
175,15
234,31
233,0
248,45
74,36
241,47
249,17
185,34
316,14
459,23
556,56
434,15
202,31
237,0
323,45
79,36
241,47
243,17
195,34
341,14
522,23
375,56
368,15
249,31
260,0
264,45
87,36
617,47
305,17
247,34
260,14
476,23
330,56
247,15
243,31
212,0
282,45
71,36
399,47
238,17
202,34
259,14
521,23
431,56
184,15
297,31
205,0
264,45
67,36
240,47
314,17
367,34
355,14
482,23
363,56
215,15
240,31
228,0
309,45
75,36
265,47
301,17
281,34
337,14
434,23
476,56
357,15
227,31
260,0
277,45
88,36
268,47
262,17
285,34
270,14
440,23
386,56
247,15
255,31
232,0
289,45
78,36
260,47
295,17
285,34
310,14
478,23
389,56
248,15
259,31
198,0
307,45
85,36
262,47
269,17
277,34
313,14
456,23
544,56
226,15
243,31
231,0
301,45
82,36
297,47
285,17
263,34
313,14
529,23
365,56
203,15
257,31
229,0
274,45
58,36
240,47
273,17
234,34
369,14
482,23
377,56
217,15
274,31
222,0
283,45
63,36
304,47
266,17
284,34
278,14
460,23
376,56
256,15
247,31
242,0
266,45
70,36
277,47
227,17
265,34
287,14
455,23
543,56
207,15
266,31
237,0
256,45
85,36
288,47
288,17
229,34
292,14
463,23
531,56
186,15
206,31
256,0
276,45
77,36
319,47
278,17
287,34
264,14
484,23
386,56
206,15
196,31
222,0
295,45
84,36
249,47
242,17
258,34
310,14
595,23
441,56
217,15
287,31
269,0
304,45
87,36
332,47
288,17
228,34
315,14
681,23
449,56
339,15
198,31
271,0
261,45
90,36
390,47
285,17
234,34
297,14
501,23
416,56
233,15
248,31
195,0
325,45
88,36
233,47
266,17
210,34
298,14
715,23
357,56
225,15
233,31
230,0
281,45
74,36
277,47
228,17
206,34
251,14
437,23
358,56
186,15
254,31
266,0
309,45
73,36
251,47
283,17
198,34
511,14
507,23
327,56
238,15
247,31
236,0
307,45
82,36
262,47
281,17
235,34
319,14
630,23
342,56
238,15
239,31
215,0
322,45
77,36
270,47
317,17
309,34
261,14
484,23
311,56
261,15
293,31
262,0
317,45
83,36
313,47
257,17
273,34
279,14
457,23
447,56
237,15
209,31
228,0
285,45
92,36
249,47
234,17
187,34
300,14
428,23
274,56
176,15
250,31
195,0
267,45
77,36
263,47
211,17
159,34
315,14
431,23
318,56
191,15
288,31
227,0
317,45
66,36
272,47
221,17
251,34
329,14
434,23
265,56
237,15
241,31
242,0
323,45
72,36
342,47
203,17
224,34
325,14
451,23
274,56
248,15
266,31
220,0
298,45
68,36
218,47
211,17
190,34
297,14
499,23
359,56
242,15
282,31
285,0
323,45
25,36
318,47
207,17
194,34
268,14
476,23
342,56
269,15
236,31
229,0
544,45
73,36
362,47
193,17
1219,34
223,14
502,23
349,56
254,15
227,31
236,0
325,45
75,36
319,47
199,17
193,34
327,14
497,23
356,56
312,15
238,31
252,0
300,45
74,36
268,47
235,17
239,34
381,14
440,23
416,56
379,15
264,31
244,0
334,45
75,36
281,47
225,17
207,34
336,14
443,23
303,56
222,15
215,31
210,0
309,45
73,36
305,47
257,17
126,34
556,14
504,23
455,56
319,15
218,31
217,0
305,45
77,36
251,47
218,17
159,34
396,14
502,23
326,56
206,15
248,31
221,0
283,45
69,36
244,47
285,17
330,34
384,14
455,23
279,56
221,15
187,31
206,0
278,45
71,36
327,47
219,17
244,34
274,14
537,23
261,56
225,15
203,31
220,0
281,45
63,36
253,47
251,17
197,34
305,14
465,23
320,56
292,15
219,31
229,0
275,45
68,36
271,47
223,17
192,34
277,14
435,23
360,56
241,15
234,31
257,0
309,45
63,36
470,47
295,17
239,34
323,14
482,23
273,56
238,15
217,31
221,0
281,45
91,36
247,47
263,17
93,34
409,14
460,23
300,56
264,15
159,31
213,0
322,45
79,36
237,47
237,17
132,34
521,14
455,23
291,56
218,15
159,31
249,0
305,45
81,36
257,47
257,17
219,34
277,14
440,23
285,56
201,15
261,31
228,0
289,45
69,36
254,47
299,17
287,34
328,14
463,23
303,56
220,15
217,31
214,0
295,45
68,36
248,47
294,17
248,34
350,14
458,23
276,56
238,15
162,31
215,0
278,45
83,36
253,47
279,17
266,34
331,14
810,23
347,56
175,15
240,31
221,0
350,45
57,36
246,47
274,17
251,34
291,14
475,23
290,56
239,15
141,31
672,0
334,45
69,36
255,47
188,17
204,34
315,14
491,23
318,56
336,15
194,31
225,0
281,45
65,36
305,47
255,17
282,34
315,14
460,23
511,56
255,15
242,31
222,0
296,45
73,36
211,47
220,17
221,34
369,14
456,23
455,56
222,15
213,31
251,0
322,45
56,36
258,47
271,17
118,34
475,14
699,23
385,56
227,15
167,31
235,0
279,45
65,36
232,47
327,17
235,34
282,14
512,23
344,56
258,15
227,31
221,0
287,45
64,36
244,47
234,17
192,34
281,14
525,23
390,56
266,15
181,31
221,0
301,45
64,36
254,47
278,17
173,34
304,14
568,23
352,56
387,15
289,31
242,0
319,45
75,36
256,47
248,17
224,34
326,14
545,23
409,56
272,15
237,31
253,0
322,45
76,36
214,47
225,17
216,34
270,14
627,23
302,56
279,15
211,31
220,0
284,45
72,36
291,47
266,17
248,34
298,14
490,23
344,56
272,15
172,31
219,0
296,45
84,36
261,47
252,17
253,34
300,14
465,23
388,56
270,15
247,31
200,0
283,45
91,36
248,47
284,17
225,34
338,14
495,23
337,56
251,15
243,31
236,0
287,45
66,36
240,47
267,17
244,34
345,14
424,23
325,56
276,15
221,31
226,0
286,45
77,36
415,47
227,17
243,34
302,14
538,23
366,56
340,15
170,31
770,0
409,45
105,36
239,47
233,17
245,34
390,14
494,23
322,56
313,15
230,31
252,0
252,45
111,36
273,47
264,17
366,34
342,14
510,23
291,56
230,15
229,31
252,0
363,45
11,36
256,47
208,17
227,34
261,14
441,23
265,56
229,15
270,31
237,0
362,45
81,36
274,47
283,17
201,34
415,14
461,23
295,56
334,15
262,31
191,0
304,45
77,36
413,47
229,17
218,34
253,14
433,23
291,56
362,15
288,31
222,0
308,45
80,36
366,47
248,17
178,34
300,14
481,23
341,56
378,15
287,31
224,0
273,45
101,36
224,47
261,17
261,34
263,14
455,23
385,56
225,15
229,31
211,0
336,45
91,36
230,47
253,17
330,34
393,14
470,23
327,56
236,15
288,31
232,0
326,45
72,36
219,47
262,17
312,34
332,14
498,23
346,56
281,15
220,31
195,0
289,45
92,36
219,47
253,17
201,34
322,14
431,23
356,56
259,15
232,31
199,0
280,45
82,36
218,47
275,17
320,34
293,14
500,23
310,56
221,15
258,31
203,0
303,45
81,36
241,47
249,17
221,34
268,14
445,23
314,56
240,15
240,31
305,0
313,45
79,36
