312,47
467,17
892,34
838,14
933,23
792,56
1472,15
746,31
452,0
690,45
79,36
1070,47
488,17
336,34
647,14
1231,23
963,56
402,15
432,31
651,0
555,45
107,36
1330,47
461,17
337,34
641,14
867,23
586,56
683,15
464,31
1119,0
563,45
87,36
756,47
559,17
396,34
584,14
824,23
485,56
378,15
470,31
508,0
836,45
138,36
704,47
535,17
369,34
542,14
830,23
533,56
263,15
368,31
525,0
646,45
95,36
574,47
466,17
416,34
806,14
987,23
574,56
274,15
441,31
1031,0
616,45
108,36
557,47
309,17
335,34
1128,14
837,23
683,56
322,15
416,31
439,0
609,45
82,36
535,47
447,17
439,34
766,14
2852,23
850,56
282,15
478,31
285,0
510,45
84,36
521,47
393,17
283,34
907,14
753,23
420,56
258,15
510,31
240,0
568,45
118,36
321,47
407,17
325,34
876,14
758,23
476,56
247,15
447,31
680,0
494,45
96,36
322,47
419,17
305,34
985,14
789,23
563,56
262,15
317,31
376,0
534,45
102,36
405,47
388,17
298,34
965,14
1886,23
615,56
285,15
413,31
525,0
540,45
106,36
297,47
360,17
286,34
950,14
828,23
472,56
277,15
349,31
307,0
571,45
91,36
475,47
328,17
235,34
826,14
671,23
455,56
226,15
296,31
331,0
485,45
80,36
574,47
371,17
447,34
569,14
755,23
478,56
255,15
274,31
325,0
460,45
83,36
557,47
354,17
366,34
487,14
663,23
441,56
272,15
287,31
317,0
876,45
126,36
593,47
333,17
295,34
970,14
759,23
480,56
287,15
306,31
297,0
546,45
92,36
505,47
382,17
393,34
911,14
917,23
481,56
264,15
301,31
353,0
553,45
99,36
435,47
289,17
335,34
456,14
696,23
526,56
328,15
353,31
288,0
548,45
79,36
451,47
323,17
311,34
516,14
648,23
469,56
279,15
259,31
353,0
460,45
81,36
433,47
317,17
321,34
430,14
602,23
484,56
423,15
235,31
333,0
486,45
80,36
286,47
342,17
266,34
717,14
649,23
471,56
310,15
276,31
338,0
512,45
75,36
355,47
321,17
313,34
418,14
645,23
523,56
269,15
331,31
322,0
999,45
116,36
836,47
399,17
393,34
430,14
669,23
451,56
306,15
274,31
334,0
514,45
100,36
312,47
370,17
364,34
480,14
1072,23
495,56
278,15
264,31
325,0
490,45
95,36
327,47
376,17
343,34
428,14
826,23
520,56
274,15
316,31
309,0
457,45
105,36
517,47
326,17
288,34
432,14
1048,23
511,56
300,15
313,31
320,0
486,45
87,36
320,47
373,17
278,34
687,14
692,23
548,56
313,15
309,31
348,0
426,45
109,36
316,47
360,17
276,34
564,14
1234,23
539,56
311,15
291,31
388,0
645,45
95,36
404,47
319,17
327,34
594,14
811,23
563,56
321,15
303,31
290,0
500,45
87,36
521,47
423,17
316,34
558,14
908,23
531,56
267,15
311,31
284,0
475,45
90,36
314,47
396,17
292,34
456,14
731,23
472,56
267,15
284,31
337,0
479,45
97,36
295,47
380,17
299,34
416,14
766,23
511,56
312,15
327,31
306,0
488,45
88,36
316,47
335,17
289,34
532,14
817,23
559,56
283,15
418,31
307,0
497,45
93,36
299,47
379,17
309,34
396,14
789,23
491,56
276,15
289,31
320,0
523,45
98,36
305,47
348,17
271,34
436,14
778,23
533,56
271,15
313,31
329,0
487,45
101,36
353,47
379,17
263,34
418,14
816,23
502,56
268,15
305,31
333,0
525,45
95,36
297,47
346,17
240,34
711,14
706,23
523,56
297,15
288,31
332,0
484,45
93,36
291,47
389,17
297,34
445,14
768,23
514,56
284,15
294,31
318,0
508,45
89,36
319,47
393,17
272,34
441,14
930,23
537,56
270,15
261,31
333,0
483,45
87,36
749,47
312,17
312,34
295,14
663,23
467,56
305,15
282,31
346,0
448,45
86,36
318,47
428,17
251,34
508,14
645,23
516,56
312,15
255,31
352,0
535,45
81,36
355,47
379,17
230,34
424,14
667,23
493,56
273,15
326,31
289,0
482,45
81,36
299,47
410,17
254,34
370,14
680,23
524,56
255,15
316,31
321,0
453,45
75,36
318,47
327,17
260,34
423,14
750,23
517,56
307,15
319,31
287,0
580,45
100,36
457,47
289,17
282,34
474,14
618,23
530,56
378,15
358,31
290,0
427,45
87,36
445,47
352,17
264,34
390,14
819,23
487,56
293,15
353,31
321,0
509,45
87,36
341,47
389,17
276,34
409,14
739,23
474,56
300,15
310,31
313,0
1398,45
142,36
265,47
363,17
302,34
720,14
677,23
488,56
271,15
335,31
304,0
469,45
138,36
377,47
397,17
274,34
373,14
833,23
508,56
292,15
306,31
315,0
523,45
104,36
410,47
479,17
515,34
844,14
968,23
440,56
348,15
398,31
793,0
586,45
97,36
356,47
346,17
426,34
725,14
911,23
501,56
304,15
318,31
396,0
567,45
109,36
386,47
431,17
369,34
451,14
720,23
483,56
320,15
348,31
387,0
603,45
105,36
338,47
387,17
353,34
440,14
646,23
742,56
279,15
319,31
364,0
705,45
109,36
369,47
385,17
425,34
486,14
729,23
534,56
271,15
265,31
330,0
520,45
99,36
358,47
374,17
332,34
467,14
568,23
558,56
313,15
394,31
364,0
646,45
108,36
322,47
479,17
298,34
522,14
750,23
586,56
352,15
354,31
369,0
584,45
110,36
355,47
394,17
329,34
433,14
677,23
489,56
308,15
363,31
333,0
495,45
95,36
334,47
382,17
291,34
428,14
777,23
499,56
291,15
330,31
336,0
493,45
104,36
391,47
333,17
308,34
524,14
829,23
496,56
344,15
332,31
323,0
545,45
62,36
387,47
325,17
309,34
397,14
674,23
460,56
277,15
273,31
355,0
659,45
97,36
372,47
352,17
318,34
505,14
704,23
480,56
270,15
358,31
327,0
544,45
130,36
350,47
363,17
328,34
419,14
633,23
454,56
289,15
312,31
324,0
466,45
104,36
279,47
328,17
301,34
435,14
592,23
428,56
302,15
329,31
320,0
520,45
50,36
348,47
331,17
315,34
429,14
899,23
885,56
475,15
396,31
356,0
466,45
105,36
286,47
358,17
258,34
375,14
590,23
421,56
347,15
410,31
322,0
531,45
100,36
307,47
344,17
275,34
444,14
633,23
475,56
305,15
371,31
318,0
1011,45
101,36
645,47
419,17
258,34
401,14
606,23
1029,56
466,15
372,31
292,0
569,45
113,36
356,47
353,17
293,34
415,14
580,23
455,56
292,15
312,31
310,0
450,45
96,36
330,47
356,17
300,34
407,14
576,23
439,56
292,15
309,31
322,0
485,45
107,36
362,47
348,17
286,34
395,14
734,23
488,56
251,15
329,31
341,0
556,45
112,36
346,47
310,17
266,34
433,14
885,23
525,56
247,15
309,31
329,0
500,45
114,36
731,47
423,17
360,34
400,14
646,23
458,56
287,15
310,31
351,0
470,45
94,36
322,47
351,17
270,34
391,14
660,23
473,56
253,15
366,31
326,0
496,45
105,36
323,47
391,17
275,34
445,14
628,23
494,56
299,15
305,31
312,0
517,45
124,36
333,47
351,17
274,34
396,14
623,23
497,56
299,15
321,31
311,0
493,45
116,36
310,47
332,17
238,34
390,14
627,23
483,56
324,15
308,31
316,0
505,45
99,36
370,47
327,17
220,34
386,14
684,23
688,56
429,15
345,31
522,0
987,45
111,36
267,47
317,17
261,34
462,14
649,23
445,56
250,15
332,31
325,0
541,45
94,36
292,47
335,17
256,34
428,14
704,23
465,56
268,15
347,31
307,0
509,45
111,36
352,47
381,17
274,34
585,14
627,23
452,56
267,15
334,31
304,0
475,45
100,36
274,47
347,17
244,34
481,14
589,23
423,56
246,15
367,31
326,0
566,45
105,36
391,47
324,17
310,34
398,14
716,23
545,56
237,15
424,31
311,0
518,45
118,36
353,47
337,17
251,34
565,14
789,23
470,56
333,15
430,31
350,0
534,45
99,36
553,47
287,17
280,34
420,14
787,23
472,56
344,15
318,31
326,0
539,45
58,36
373,47
319,17
253,34
483,14
839,23
504,56
274,15
348,31
347,0
560,45
90,36
366,47
366,17
258,34
432,14
746,23
479,56
273,15
352,31
345,0
516,45
103,36
385,47
343,17
236,34
483,14
719,23
552,56
402,15
460,31
292,0
525,45
102,36
398,47
324,17
244,34
446,14
718,23
585,56
261,15
376,31
300,0
609,45
57,36
304,47
359,17
248,34
384,14
758,23
667,56
308,15
1189,31
306,0
564,45
110,36
297,47
369,17
257,34
418,14
825,23
514,56
279,15
338,31
358,0
560,45
97,36
929,47
373,17
410,34
407,14
699,23
434,56
240,15
338,31
348,0
473,45
101,36
311,47
340,17
254,34
420,14
664,23
462,56
318,15
324,31
342,0
515,45
111,36
394,47
367,17
260,34
421,14
753,23
507,56
295,15
331,31
357,0
495,45
96,36
293,47
359,17
261,34
376,14
591,23
576,56
252,15
358,31
332,0
518,45
100,36
516,47
542,17
347,34
534,14
594,23
442,56
301,15
334,31
320,0
498,45
108,36
319,47
407,17
291,34
394,14
666,23
529,56
288,15
362,31
349,0
476,45
108,36
362,47
348,17
235,34
1307,14
1244,23
487,56
211,15
389,31
339,0
485,45
97,36
293,47
369,17
252,34
497,14
651,23
497,56
290,15
364,31
336,0
493,45
104,36
327,47
431,17
266,34
413,14
618,23
519,56
286,15
370,31
348,0
544,45
82,36
368,47
424,17
401,34
540,14
606,23
450,56
280,15
343,31
424,0
641,45
99,36
740,47
380,17
389,34
622,14
605,23
446,56
339,15
330,31
375,0
460,45
78,36
425,47
337,17
280,34
441,14
624,23
594,56
247,15
496,31
363,0
424,45
96,36
400,47
351,17
301,34
464,14
543,23
463,56
258,15
328,31
312,0
461,45
81,36
340,47
358,17
257,34
360,14
559,23
440,56
259,15
317,31
310,0
443,45
90,36
398,47
272,17
255,34
437,14
593,23
553,56
269,15
355,31
309,0
643,45
135,36
358,47
331,17
284,34
780,14
486,23
424,56
262,15
337,31
341,0
444,45
81,36
452,47
306,17
310,34
424,14
510,23
449,56
256,15
263,31
356,0
563,45
102,36
494,47
365,17
269,34
1064,14
863,23
458,56
248,15
318,31
333,0
444,45
79,36
421,47
332,17
272,34
428,14
580,23
509,56
257,15
370,31
294,0
443,45
99,36
373,47
324,17
273,34
392,14
509,23
429,56
252,15
294,31
304,0
499,45
78,36
366,47
314,17
236,34
413,14
497,23
457,56
272,15
260,31
336,0
445,45
73,36
457,47
466,17
306,34
671,14
623,23
430,56
265,15
306,31
341,0
550,45
97,36
315,47
370,17
263,34
1022,14
785,23
505,56
248,15
320,31
294,0
359,45
93,36
576,47
312,17
270,34
400,14
537,23
522,56
222,15
375,31
322,0
638,45
61,36
409,47
343,17
256,34
479,14
510,23
449,56
272,15
318,31
318,0
429,45
72,36
342,47
364,17
262,34
482,14
546,23
497,56
257,15
432,31
941,0
456,45
68,36
342,47
320,17
254,34
438,14
442,23
465,56
246,15
347,31
348,0
451,45
109,36
385,47
337,17
275,34
428,14
696,23
484,56
245,15
336,31
330,0
436,45
87,36
335,47
357,17
283,34
465,14
717,23
491,56
224,15
426,31
250,0
457,45
77,36
318,47
367,17
258,34
418,14
566,23
614,56
225,15
391,31
315,0
434,45
79,36
324,47
374,17
264,34
408,14
577,23
508,56
256,15
364,31
317,0
481,45
83,36
310,47
383,17
247,34
403,14
589,23
571,56
326,15
375,31
303,0
502,45
85,36
330,47
323,17
287,34
358,14
600,23
535,56
262,15
339,31
369,0
599,45
117,36
282,47
350,17
278,34
422,14
697,23
517,56
273,15
326,31
308,0
468,45
81,36
308,47
424,17
255,34
369,14
598,23
509,56
242,15
381,31
306,0
467,45
87,36
296,47
388,17
237,34
371,14
680,23
539,56
242,15
382,31
356,0
436,45
96,36
302,47
425,17
383,34
425,14
669,23
525,56
251,15
339,31
329,0
461,45
92,36
278,47
414,17
263,34
372,14
612,23
490,56
254,15
323,31
386,0
503,45
109,36
334,47
352,17
255,34
376,14
500,23
485,56
268,15
338,31
339,0
431,45
94,36
283,47
345,17
266,34
385,14
586,23
485,56
282,15
341,31
325,0
490,45
115,36
431,47
382,17
269,34
346,14
597,23
502,56
295,15
273,31
342,0
465,45
76,36
327,47
409,17
281,34
416,14
1019,23
544,56
345,15
328,31
316,0
463,45
131,36
272,47
319,17
228,34
405,14
624,23
525,56
286,15
307,31
338,0
463,45
79,36
281,47
339,17
305,34
353,14
565,23
465,56
270,15
319,31
363,0
434,45
77,36
373,47
358,17
248,34
342,14
828,23
547,56
283,15
355,31
304,0
449,45
62,36
355,47
362,17
255,34
351,14
506,23
485,56
273,15
318,31
353,0
444,45
83,36
343,47
371,17
283,34
368,14
602,23
527,56
256,15
345,31
377,0
444,45
78,36
784,47
387,17
1053,34
501,14
940,23
489,56
205,15
335,31
344,0
441,45
78,36
287,47
374,17
242,34
381,14
568,23
501,56
268,15
316,31
348,0
465,45
90,36
312,47
396,17
298,34
357,14
590,23
481,56
265,15
312,31
326,0
458,45
91,36
323,47
362,17
286,34
418,14
734,23
544,56
257,15
337,31
327,0
478,45
85,36
297,47
354,17
289,34
418,14
670,23
515,56
285,15
334,31
326,0
509,45
93,36
266,47
405,17
248,34
358,14
573,23
475,56
292,15
397,31
328,0
450,45
82,36
295,47
391,17
282,34
354,14
605,23
473,56
277,15
419,31
287,0
522,45
86,36
321,47
361,17
261,34
388,14
584,23
481,56
288,15
363,31
338,0
424,45
97,36
326,47
382,17
261,34
312,14
583,23
515,56
276,15
393,31
349,0
474,45
88,36
303,47
386,17
253,34
368,14
535,23
474,56
279,15
340,31
360,0
493,45
89,36
288,47
356,17
269,34
389,14
588,23
503,56
285,15
369,31
341,0
448,45
80,36
289,47
396,17
273,34
825,14
659,23
526,56
237,15
408,31
305,0
580,45
92,36
323,47
285,17
338,34
1158,14
725,23
467,56
233,15
333,31
319,0
738,45
109,36
369,47
278,17
323,34
526,14
1097,23
501,56
313,15
253,31
295,0
483,45
61,36
429,47
320,17
358,34
580,14
761,23
573,56
127,15
695,31
339,0
548,45
97,36
402,47
290,17
241,34
477,14
518,23
468,56
247,15
346,31
306,0
963,45
84,36
499,47
333,17
246,34
535,14
487,23
441,56
281,15
352,31
359,0
469,45
91,36
400,47
339,17
263,34
400,14
490,23
479,56
259,15
360,31
313,0
425,45
84,36
306,47
320,17
273,34
411,14
552,23
443,56
308,15
332,31
289,0
426,45
80,36
554,47
269,17
298,34
420,14
556,23
466,56
271,15
324,31
331,0
396,45
93,36
683,47
332,17
258,34
377,14
521,23
435,56
279,15
290,31
366,0
507,45
103,36
330,47
319,17
253,34
442,14
499,23
464,56
262,15
301,31
345,0
505,45
89,36
571,47
280,17
294,34
475,14
526,23
434,56
340,15
308,31
299,0
432,45
83,36
382,47
307,17
276,34
519,14
541,23
437,56
246,15
322,31
285,0
414,45
92,36
430,47
301,17
228,34
448,14
566,23
465,56
243,15
317,31
304,0
419,45
87,36
522,47
305,17
266,34
459,14
584,23
418,56
269,15
298,31
323,0
538,45
106,36
420,47
311,17
268,34
470,14
513,23
437,56
256,15
293,31
290,0
422,45
94,36
358,47
338,17
261,34
398,14
546,23
463,56
250,15
349,31
298,0
426,45
104,36
350,47
323,17
256,34
514,14
585,23
482,56
254,15
340,31
315,0
401,45
70,36
320,47
304,17
262,34
413,14
597,23
935,56
508,15
600,31
353,0
445,45
70,36
377,47
297,17
518,34
920,14
536,23
425,56
256,15
319,31
300,0
364,45
92,36
320,47
308,17
239,34
390,14
499,23
431,56
275,15
272,31
320,0
520,45
56,36
336,47
322,17
247,34
375,14
508,23
421,56
290,15
284,31
288,0
857,45
113,36
389,47
305,17
252,34
543,14
936,23
488,56
300,15
268,31
322,0
437,45
85,36
300,47
306,17
274,34
393,14
521,23
429,56
263,15
318,31
325,0
455,45
97,36
336,47
354,17
234,34
422,14
590,23
421,56
283,15
304,31
295,0
398,45
93,36
277,47
331,17
252,34
401,14
561,23
425,56
253,15
319,31
283,0
414,45
88,36
280,47
352,17
250,34
410,14
530,23
448,56
255,15
337,31
306,0
444,45
87,36
357,47
303,17
229,34
383,14
587,23
541,56
276,15
296,31
289,0
430,45
90,36
365,47
291,17
220,34
407,14
544,23
461,56
260,15
340,31
288,0
429,45
83,36
323,47
285,17
202,34
384,14
510,23
432,56
245,15
325,31
285,0
397,45
108,36
373,47
290,17
230,34
427,14
496,23
411,56
293,15
357,31
297,0
425,45
78,36
302,47
318,17
306,34
439,14
546,23
454,56
293,15
296,31
286,0
500,45
75,36
331,47
298,17
284,34
440,14
549,23
458,56
276,15
299,31
293,0
495,45
81,36
377,47
268,17
277,34
406,14
549,23
432,56
281,15
311,31
277,0
472,45
90,36
333,47
296,17
255,34
440,14
520,23
467,56
309,15
260,31
307,0
433,45
93,36
390,47
273,17
260,34
398,14
539,23
469,56
278,15
519,31
450,0
483,45
95,36
300,47
268,17
270,34
375,14
517,23
419,56
273,15
284,31
302,0
492,45
81,36
312,47
316,17
289,34
389,14
522,23
422,56
225,15
281,31
300,0
487,45
85,36
287,47
360,17
264,34
367,14
559,23
424,56
264,15
313,31
323,0
480,45
99,36
281,47
327,17
321,34
388,14
541,23
388,56
297,15
306,31
327,0
536,45
89,36
391,47
261,17
275,34
387,14
513,23
450,56
399,15
224,31
309,0
435,45
81,36
326,47
345,17
248,34
434,14
578,23
745,56
292,15
275,31
374,0
420,45
93,36
271,47
364,17
253,34
397,14
557,23
450,56
220,15
324,31
308,0
433,45
84,36
312,47
303,17
253,34
435,14
506,23
487,56
292,15
279,31
319,0
429,45
87,36
323,47
289,17
265,34
431,14
603,23
531,56
263,15
313,31
272,0
431,45
83,36
308,47
311,17
260,34
840,14
1385,23
1007,56
287,15
254,31
310,0
511,45
76,36
282,47
329,17
267,34
445,14
585,23
411,56
261,15
297,31
289,0
519,45
66,36
341,47
272,17
276,34
387,14
542,23
416,56
259,15
271,31
324,0
465,45
88,36
311,47
278,17
237,34
386,14
485,23
451,56
318,15
286,31
288,0
443,45
97,36
297,47
269,17
280,34
410,14
590,23
421,56
263,15
309,31
342,0
536,45
92,36
277,47
317,17
230,34
371,14
736,23
575,56
272,15
327,31
351,0
470,45
82,36
324,47
292,17
334,34
486,14
496,23
418,56
307,15
271,31
337,0
514,45
80,36
291,47
352,17
284,34
374,14
509,23
421,56
301,15
280,31
304,0
435,45
84,36
465,47
292,17
323,34
396,14
1080,23
445,56
206,15
349,31
249,0
460,45
89,36
362,47
279,17
278,34
381,14
519,23
435,56
256,15
312,31
331,0
450,45
111,36
304,47
323,17
254,34
410,14
454,23
419,56
267,15
305,31
284,0
434,45
79,36
320,47
297,17
224,34
390,14
445,23
411,56
251,15
267,31
298,0
420,45
67,36
297,47
339,17
219,34
365,14
511,23
420,56
239,15
282,31
292,0
706,45
107,36
373,47
279,17
223,34
372,14
533,23
428,56
228,15
297,31
313,0
437,45
96,36
277,47
313,17
233,34
379,14
508,23
433,56
197,15
272,31
285,0
425,45
90,36
283,47
320,17
291,34
528,14
536,23
416,56
252,15
276,31
308,0
428,45
83,36
355,47
285,17
301,34
517,14
544,23
370,56
254,15
313,31
283,0
447,45
92,36
320,47
324,17
288,34
429,14
534,23
393,56
283,15
293,31
313,0
485,45
91,36
370,47
329,17
252,34
365,14
574,23
433,56
266,15
304,31
274,0
452,45
90,36
367,47
290,17
231,34
403,14
526,23
390,56
263,15
299,31
334,0
391,45
96,36
320,47
302,17
241,34
387,14
523,23
405,56
279,15
264,31
315,0
509,45
85,36
875,47
381,17
296,34
476,14
559,23
396,56
261,15
285,31
318,0
525,45
69,36
388,47
317,17
209,34
364,14
558,23
410,56
265,15
292,31
284,0
431,45
78,36
815,47
322,17
320,34
520,14
737,23
638,56
261,15
293,31
308,0
471,45
85,36
413,47
270,17
259,34
431,14
582,23
408,56
271,15
346,31
351,0
504,45
51,36
340,47
299,17
606,34
532,14
615,23
618,56
306,15
313,31
287,0
453,45
87,36
369,47
252,17
311,34
505,14
512,23
396,56
249,15
314,31
292,0
411,45
88,36
862,47
367,17
268,34
433,14
559,23
488,56
349,15
304,31
289,0
446,45
75,36
343,47
287,17
279,34
399,14
544,23
452,56
268,15
253,31
285,0
450,45
80,36
364,47
339,17
234,34
409,14
526,23
498,56
242,15
269,31
295,0
433,45
85,36
332,47
312,17
223,34
391,14
600,23
424,56
242,15
301,31
289,0
420,45
93,36
327,47
308,17
236,34
386,14
539,23
392,56
288,15
300,31
299,0
420,45
89,36
339,47
272,17
231,34
374,14
626,23
421,56
255,15
259,31
292,0
429,45
81,36
314,47
322,17
262,34
372,14
588,23
413,56
244,15
345,31
289,0
454,45
85,36
279,47
313,17
278,34
368,14
608,23
392,56
266,15
258,31
322,0
435,45
97,36
261,47
285,17
289,34
395,14
543,23
393,56
245,15
281,31
278,0
440,45
77,36
402,47
304,17
277,34
352,14
541,23
362,56
327,15
295,31
296,0
422,45
80,36
377,47
279,17
219,34
344,14
542,23
393,56
226,15
266,31
314,0
446,45
82,36
430,47
334,17
286,34
367,14
512,23
373,56
251,15
249,31
336,0
442,45
91,36
291,47
296,17
224,34
344,14
519,23
344,56
272,15
237,31
295,0
438,45
91,36
495,47
978,17
305,34
377,14
526,23
426,56
254,15
258,31
320,0
475,45
83,36
586,47
277,17
265,34
409,14
567,23
378,56
302,15
237,31
307,0
456,45
78,36
350,47
289,17
255,34
490,14
590,23
425,56
383,15
279,31
340,0
415,45
91,36
373,47
296,17
262,34
386,14
611,23
457,56
273,15
274,31
332,0
446,45
97,36
377,47
259,17
332,34
427,14
679,23
483,56
275,15
286,31
313,0
437,45
95,36
894,47
254,17
356,34
383,14
563,23
471,56
316,15
351,31
255,0
485,45
88,36
398,47
275,17
230,34
384,14
600,23
431,56
294,15
306,31
298,0
442,45
81,36
468,47
294,17
267,34
344,14
564,23
434,56
305,15
292,31
309,0
443,45
90,36
324,47
290,17
301,34
362,14
573,23
440,56
308,15
258,31
356,0
455,45
92,36
348,47
296,17
225,34
338,14
568,23
394,56
276,15
292,31
284,0
453,45
91,36
338,47
277,17
263,34
370,14
575,23
382,56
335,15
266,31
323,0
446,45
90,36
372,47
331,17
286,34
392,14
500,23
388,56
261,15
274,31
303,0
442,45
90,36
314,47
289,17
257,34
403,14
534,23
395,56
291,15
252,31
348,0
430,45
87,36
697,47
371,17
238,34
352,14
604,23
453,56
252,15
276,31
320,0
427,45
85,36
486,47
270,17
232,34
349,14
514,23
373,56
221,15
279,31
309,0
471,45
90,36
617,47
256,17
329,34
665,14
519,23
346,56
280,15
233,31
309,0
432,45
78,36
303,47
363,17
356,34
437,14
600,23
435,56
339,15
281,31
345,0
444,45
107,36
345,47
338,17
351,34
411,14
634,23
449,56
328,15
272,31
327,0
512,45
128,36
348,47
380,17
288,34
406,14
603,23
453,56
311,15
352,31
368,0
494,45
109,36
241,47
372,17
242,34
399,14
546,23
408,56
372,15
271,31
324,0
483,45
115,36
357,47
420,17
269,34
416,14
611,23
487,56
348,15
230,31
373,0
508,45
106,36
305,47
421,17
499,34
432,14
527,23
516,56
321,15
257,31
768,0
531,45
89,36
329,47
327,17
253,34
443,14
549,23
445,56
310,15
299,31
337,0
561,45
109,36
316,47
386,17
234,34
405,14
536,23
448,56
287,15
281,31
327,0
529,45
104,36
343,47
353,17
299,34
380,14
569,23
403,56
288,15
334,31
329,0
558,45
121,36
296,47
379,17
292,34
379,14
587,23
405,56
316,15
266,31
318,0
544,45
98,36
355,47
316,17
272,34
377,14
534,23
434,56
301,15
309,31
324,0
535,45
93,36
333,47
327,17
277,34
382,14
564,23
454,56
300,15
186,31
324,0
527,45
78,36
312,47
341,17
238,34
375,14
616,23
463,56
238,15
365,31
304,0
495,45
91,36
330,47
339,17
266,34
342,14
613,23
412,56
304,15
308,31
303,0
497,45
86,36
375,47
336,17
280,34
373,14
549,23
423,56
250,15
392,31
307,0
468,45
90,36
337,47
294,17
240,34
396,14
547,23
439,56
236,15
314,31
332,0
472,45
85,36
389,47
340,17
236,34
360,14
553,23
440,56
279,15
296,31
340,0
456,45
77,36
320,47
336,17
278,34
367,14
663,23
432,56
296,15
306,31
296,0
481,45
89,36
303,47
361,17
564,34
1208,14
561,23
385,56
220,15
320,31
332,0
462,45
90,36
309,47
327,17
314,34
379,14
531,23
432,56
260,15
296,31
341,0
510,45
86,36
289,47
350,17
261,34
440,14
626,23
429,56
275,15
264,31
335,0
464,45
97,36
286,47
337,17
244,34
334,14
614,23
398,56
245,15
282,31
315,0
498,45
89,36
305,47
360,17
243,34
486,14
763,23
468,56
250,15
270,31
312,0
478,45
82,36
372,47
382,17
334,34
557,14
609,23
404,56
290,15
262,31
349,0
464,45
81,36
314,47
445,17
406,34
380,14
750,23
610,56
322,15
269,31
318,0
436,45
82,36
949,47
368,17
310,34
656,14
598,23
400,56
273,15
288,31
323,0
448,45
86,36
335,47
326,17
280,34
386,14
556,23
422,56
307,15
251,31
336,0
479,45
79,36
452,47
314,17
315,34
364,14
788,23
763,56
303,15
283,31
369,0
555,45
98,36
346,47
380,17
229,34
377,14
751,23
429,56
308,15
251,31
357,0
484,45
85,36
344,47
313,17
315,34
350,14
584,23
409,56
305,15
237,31
305,0
463,45
78,36
330,47
312,17
303,34
330,14
604,23
444,56
234,15
340,31
335,0
477,45
76,36
407,47
303,17
264,34
348,14
594,23
1216,56
404,15
379,31
301,0
413,45
77,36
262,47
341,17
243,34
347,14
549,23
395,56
339,15
234,31
445,0
500,45
109,36
295,47
306,17
259,34
365,14
533,23
980,56
325,15
284,31
320,0
437,45
84,36
314,47
334,17
250,34
360,14
592,23
510,56
302,15
287,31
361,0
470,45
84,36
295,47
349,17
262,34
394,14
555,23
441,56
295,15
253,31
328,0
457,45
86,36
302,47
346,17
276,34
402,14
575,23
479,56
259,15
283,31
343,0
440,45
93,36
289,47
373,17
268,34
409,14
527,23
457,56
258,15
280,31
329,0
459,45
90,36
258,47
344,17
284,34
346,14
635,23
447,56
296,15
281,31
350,0
469,45
86,36
251,47
351,17
281,34
346,14
578,23
447,56
282,15
270,31
319,0
483,45
93,36
283,47
350,17
337,34
350,14
591,23
455,56
279,15
287,31
341,0
479,45
85,36
298,47
363,17
290,34
417,14
582,23
498,56
323,15
203,31
352,0
438,45
92,36
291,47
389,17
238,34
521,14
546,23
432,56
255,15
311,31
327,0
481,45
115,36
308,47
378,17
268,34
617,14
598,23
452,56
215,15
323,31
340,0
468,45
81,36
333,47
318,17
271,34
381,14
609,23
443,56
303,15
247,31
317,0
454,45
101,36
390,47
346,17
306,34
392,14
546,23
402,56
309,15
290,31
329,0
432,45
94,36
309,47
340,17
257,34
384,14
549,23
415,56
297,15
257,31
309,0
440,45
79,36
371,47
361,17
293,34
355,14
529,23
391,56
305,15
248,31
364,0
448,45
87,36
361,47
320,17
240,34
358,14
509,23
422,56
266,15
301,31
338,0
441,45
84,36
277,47
341,17
288,34
372,14
544,23
387,56
265,15
314,31
336,0
451,45
83,36
392,47
297,17
261,34
434,14
581,23
388,56
249,15
295,31
355,0
499,45
74,36
380,47
327,17
257,34
386,14
544,23
384,56
225,15
292,31
325,0
548,45
94,36
319,47
294,17
244,34
368,14
598,23
907,56
261,15
282,31
335,0
508,45
101,36
284,47
324,17
217,34
358,14
748,23
433,56
265,15
295,31
250,0
488,45
109,36
309,47
317,17
215,34
368,14
535,23
422,56
229,15
300,31
301,0
550,45
82,36
265,47
356,17
225,34
342,14
532,23
478,56
214,15
301,31
293,0
509,45
96,36
362,47
289,17
229,34
408,14
723,23
430,56
263,15
245,31
294,0
876,45
131,36
496,47
276,17
241,34
520,14
605,23
354,56
228,15
295,31
303,0
480,45
80,36
320,47
311,17
222,34
456,14
596,23
345,56
291,15
266,31
309,0
517,45
96,36
422,47
391,17
321,34
809,14
605,23
389,56
271,15
293,31
281,0
484,45
82,36
281,47
341,17
284,34
411,14
540,23
354,56
243,15
235,31
323,0
435,45
103,36
289,47
349,17
273,34
391,14
533,23
387,56
282,15
265,31
343,0
463,45
108,36
271,47
313,17
250,34
359,14
535,23
368,56
318,15
267,31
294,0
445,45
78,36
303,47
344,17
240,34
385,14
516,23
439,56
375,15
271,31
326,0
449,45
87,36
342,47
320,17
238,34
354,14
538,23
354,56
285,15
233,31
301,0
487,45
81,36
300,47
283,17
241,34
326,14
561,23
398,56
259,15
216,31
290,0
430,45
73,36
284,47
293,17
228,34
350,14
529,23
368,56
261,15
282,31
271,0
422,45
76,36
297,47
313,17
240,34
340,14
533,23
406,56
258,15
281,31
298,0
426,45
73,36
269,47
307,17
274,34
364,14
480,23
387,56
257,15
242,31
304,0
474,45
71,36
253,47
329,17
293,34
345,14
512,23
361,56
393,15
236,31
295,0
427,45
84,36
256,47
318,17
244,34
316,14
529,23
347,56
271,15
260,31
293,0
445,45
85,36
251,47
343,17
257,34
349,14
505,23
365,56
257,15
243,31
299,0
448,45
83,36
262,47
330,17
262,34
357,14
539,23
393,56
252,15
245,31
288,0
448,45
81,36
281,47
318,17
279,34
336,14
535,23
423,56
256,15
221,31
302,0
464,45
90,36
375,47
460,17
313,34
366,14
521,23
405,56
271,15
277,31
285,0
441,45
76,36
428,47
363,17
266,34
393,14
497,23
404,56
265,15
262,31
277,0
471,45
81,36
501,47
322,17
249,34
348,14
450,23
398,56
208,15
291,31
318,0
450,45
89,36
303,47
356,17
245,34
365,14
476,23
403,56
255,15
247,31
306,0
483,45
80,36
411,47
342,17
247,34
324,14
503,23
460,56
272,15
267,31
298,0
448,45
95,36
334,47
312,17
242,34
338,14
493,23
410,56
273,15
290,31
288,0
411,45
85,36
266,47
350,17
248,34
354,14
515,23
387,56
235,15
302,31
289,0
484,45
83,36
269,47
353,17
226,34
305,14
528,23
412,56
233,15
265,31
300,0
417,45
98,36
234,47
333,17
236,34
311,14
507,23
387,56
246,15
251,31
313,0
393,45
89,36
321,47
263,17
262,34
900,14
526,23
444,56
236,15
264,31
284,0
470,45
79,36
300,47
332,17
235,34
336,14
491,23
389,56
244,15
297,31
307,0
419,45
101,36
465,47
365,17
237,34
367,14
669,23
615,56
235,15
301,31
291,0
488,45
96,36
266,47
362,17
249,34
409,14
566,23
396,56
321,15
224,31
462,0
494,45
78,36
302,47
324,17
213,34
416,14
485,23
541,56
220,15
302,31
300,0
494,45
96,36
258,47
327,17
247,34
373,14
631,23
493,56
269,15
297,31
320,0
458,45
96,36
283,47
321,17
266,34
389,14
583,23
443,56
268,15
274,31
298,0
442,45
98,36
298,47
338,17
295,34
359,14
559,23
456,56
252,15
278,31
320,0
449,45
86,36
276,47
336,17
295,34
417,14
564,23
408,56
240,15
309,31
331,0
483,45
86,36
294,47
322,17
242,34
448,14
520,23
400,56
230,15
299,31
322,0
453,45
81,36
317,47
326,17
270,34
348,14
515,23
403,56
274,15
303,31
344,0
456,45
99,36
279,47
337,17
281,34
411,14
613,23
1126,56
308,15
288,31
317,0
419,45
93,36
270,47
373,17
315,34
419,14
580,23
406,56
213,15
415,31
327,0
562,45
100,36
232,47
395,17
269,34
383,14
568,23
465,56
262,15
305,31
325,0
491,45
96,36
291,47
351,17
277,34
429,14
518,23
431,56
315,15
355,31
364,0
435,45
98,36
282,47
370,17
282,34
366,14
516,23
437,56
272,15
280,31
342,0
439,45
97,36
326,47
335,17
274,34
371,14
535,23
412,56
251,15
295,31
324,0
433,45
92,36
313,47
314,17
236,34
431,14
510,23
401,56
307,15
268,31
363,0
426,45
111,36
323,47
386,17
218,34
415,14
480,23
390,56
276,15
262,31
292,0
444,45
118,36
264,47
331,17
245,34
399,14
544,23
410,56
273,15
272,31
300,0
458,45
103,36
266,47
306,17
280,34
366,14
552,23
395,56
286,15
250,31
318,0
901,45
148,36
324,47
320,17
320,34
407,14
533,23
449,56
243,15
281,31
334,0
447,45
92,36
254,47
374,17
283,34
686,14
423,23
418,56
305,15
246,31
297,0
475,45
83,36
260,47
360,17
401,34
1030,14
505,23
416,56
292,15
276,31
285,0
468,45
115,36
300,47
327,17
275,34
380,14
508,23
427,56
261,15
302,31
301,0
452,45
93,36
253,47
348,17
277,34
379,14
505,23
396,56
290,15
241,31
500,0
520,45
99,36
280,47
349,17
251,34
391,14
476,23
402,56
249,15
327,31
356,0
436,45
105,36
305,47
345,17
288,34
364,14
509,23
432,56
246,15
286,31
325,0
518,45
100,36
250,47
315,17
272,34
300,14
569,23
436,56
230,15
303,31
331,0
521,45
82,36
275,47
312,17
241,34
345,14
575,23
417,56
268,15
290,31
337,0
477,45
79,36
316,47
287,17
297,34
302,14
535,23
393,56
265,15
282,31
299,0
479,45
91,36
262,47
312,17
240,34
305,14
527,23
442,56
262,15
391,31
292,0
504,45
87,36
290,47
307,17
277,34
321,14
559,23
437,56
270,15
255,31
313,0
475,45
90,36
258,47
333,17
235,34
317,14
512,23
440,56
253,15
298,31
296,0
454,45
119,36
257,47
302,17
263,34
340,14
530,23
400,56
259,15
279,31
311,0
473,45
91,36
302,47
283,17
247,34
360,14
538,23
392,56
272,15
283,31
304,0
641,45
102,36
282,47
328,17
249,34
356,14
550,23
408,56
255,15
276,31
318,0
510,45
90,36
264,47
363,17
274,34
320,14
539,23
400,56
263,15
312,31
328,0
457,45
96,36
307,47
323,17
277,34
399,14
518,23
412,56
246,15
314,31
345,0
469,45
77,36
242,47
341,17
216,34
370,14
554,23
416,56
284,15
259,31
322,0
462,45
91,36
229,47
336,17
252,34
393,14
541,23
433,56
266,15
307,31
340,0
489,45
91,36
243,47
338,17
296,34
329,14
583,23
413,56
262,15
307,31
362,0
457,45
96,36
255,47
332,17
257,34
335,14
538,23
437,56
288,15
265,31
310,0
442,45
87,36
218,47
358,17
255,34
324,14
557,23
377,56
238,15
305,31
344,0
585,45
113,36
284,47
330,17
227,34
325,14
508,23
395,56
242,15
304,31
353,0
469,45
71,36
274,47
328,17
256,34
345,14
606,23
536,56
224,15
946,31
333,0
409,45
83,36
278,47
319,17
233,34
305,14
542,23
377,56
342,15
302,31
340,0
490,45
72,36
277,47
371,17
349,34
387,14
554,23
442,56
286,15
302,31
326,0
478,45
85,36
281,47
338,17
269,34
365,14
475,23
390,56
285,15
256,31
374,0
431,45
83,36
254,47
366,17
253,34
325,14
543,23
417,56
357,15
282,31
354,0
444,45
87,36
226,47
326,17
272,34
376,14
530,23
445,56
264,15
316,31
374,0
461,45
93,36
236,47
334,17
262,34
370,14
563,23
423,56
240,15
309,31
342,0
434,45
84,36
241,47
344,17
306,34
389,14
611,23
428,56
293,15
284,31
357,0
474,45
71,36
262,47
328,17
238,34
351,14
515,23
456,56
251,15
374,31
320,0
437,45
99,36
250,47
358,17
213,34
648,14
600,23
404,56
232,15
413,31
286,0
523,45
95,36
283,47
300,17
257,34
345,14
536,23
419,56
257,15
311,31
343,0
437,45
90,36
265,47
327,17
246,34
328,14
562,23
405,56
273,15
306,31
376,0
478,45
92,36
249,47
340,17
262,34
354,14
509,23
476,56
263,15
304,31
331,0
438,45
94,36
280,47
334,17
263,34
353,14
516,23
398,56
249,15
302,31
333,0
448,45
83,36
224,47
332,17
266,34
350,14
563,23
440,56
269,15
293,31
375,0
470,45
99,36
221,47
362,17
247,34
347,14
539,23
385,56
286,15
297,31
346,0
440,45
87,36
236,47
362,17
268,34
327,14
531,23
381,56
246,15
292,31
332,0
457,45
90,36
275,47
329,17
300,34
348,14
578,23
401,56
298,15
279,31
358,0
500,45
86,36
264,47
370,17
276,34
367,14
549,23
434,56
299,15
252,31
341,0
452,45
96,36
295,47
325,17
286,34
366,14
541,23
448,56
272,15
293,31
336,0
460,45
88,36
263,47
303,17
264,34
379,14
580,23
418,56
304,15
357,31
985,0
457,45
92,36
244,47
378,17
277,34
316,14
533,23
437,56
269,15
301,31
360,0
489,45
87,36
