46,315
116,170
105,275
101,651
53,588
82,375
111,323
97,373
110,485
108,1008
46,356
116,265
105,235
101,475
53,571
82,370
111,295
97,512
110,332
108,840
46,479
116,176
105,333
101,652
53,462
82,342
111,230
97,350
110,375
108,1023
46,874
116,212
105,288
101,838
53,628
82,289
111,227
97,214
110,271
108,641
46,343
116,140
105,221
101,356
53,546
82,292
111,212
97,231
110,491
108,322
46,391
116,143
105,261
101,368
53,515
82,292
111,288
97,338
110,246
108,541
46,331
116,152
105,237
101,382
53,627
82,322
111,237
97,264
110,279
108,1007
46,309
116,204
105,305
101,1138
53,560
82,330
111,216
97,236
110,232
108,334
46,505
116,320
105,443
101,656
53,408
82,311
111,255
97,256
110,254
108,264
46,352
116,163
105,235
101,463
53,445
82,315
111,235
97,241
110,256
108,321
46,330
116,173
105,214
101,372
53,447
82,318
111,227
97,228
110,238
108,310
46,333
116,144
105,261
101,439
53,691
82,285
111,216
97,219
110,237
108,311
46,418
116,167
105,242
101,465
53,470
82,322
111,273
97,223
110,266
108,305
46,400
116,148
105,251
101,453
53,472
82,321
111,205
97,271
110,241
108,510
46,384
116,275
105,243
101,465
53,464
82,257
111,232
97,223
110,264
108,433
46,310
116,154
105,255
101,1125
53,483
82,310
111,211
97,164
110,234
108,312
46,777
116,195
105,251
101,378
53,407
82,285
111,226
97,264
110,260
108,538
46,311
116,181
105,212
101,426
53,422
82,299
111,182
97,234
110,267
108,509
46,445
116,171
105,238
101,492
53,396
82,316
111,234
97,318
110,281
108,273
46,384
116,176
105,212
101,404
53,536
82,344
111,199
97,256
110,242
108,591
46,404
116,171
105,249
101,645
53,463
82,300
111,207
97,253
110,263
108,320
46,311
116,173
105,198
101,647
53,433
82,362
111,231
97,230
110,255
108,366
46,320
116,188
105,181
101,913
53,492
82,340
111,222
97,438
110,236
108,341
46,325
116,229
105,228
101,561
53,433
82,348
111,254
97,201
110,275
108,358
46,381
116,236
105,230
101,519
53,476
82,323
111,184
97,235
110,228
108,295
46,366
116,181
105,198
101,865
53,613
82,321
111,129
97,262
110,268
108,365
46,362
116,155
105,216
101,389
53,398
82,329
111,202
97,219
110,248
108,306
46,334
116,197
105,226
101,751
53,491
82,326
111,242
97,186
110,197
108,348
46,355
116,187
105,399
101,431
53,663
82,242
111,231
97,219
110,229
108,316
46,329
116,168
105,184
101,313
53,438
82,263
111,197
97,222
110,250
108,310
46,300
116,148
105,202
101,367
53,384
82,279
111,213
97,253
110,237
108,360
46,327
116,174
105,217
101,357
53,416
82,296
111,253
97,185
110,251
108,319
46,350
116,149
105,272
101,452
53,485
82,378
111,104
97,235
110,258
108,328
46,262
116,148
105,230
101,535
53,500
82,351
111,241
97,243
110,181
108,330
46,338
116,194
105,226
101,316
53,440
82,326
111,263
97,178
110,256
108,294
46,403
116,174
105,220
101,339
53,415
82,308
111,312
97,172
110,259
108,326
46,886
116,189
105,203
101,712
53,410
82,341
111,211
97,215
110,235
108,306
46,390
116,173
105,191
101,441
53,471
82,335
111,242
97,194
110,284
108,330
46,363
116,188
105,205
101,431
53,381
82,333
111,251
97,309
110,213
108,391
46,326
116,211
105,208
101,578
53,416
82,337
111,232
97,249
110,263
108,614
46,358
116,191
105,292
101,918
53,469
82,299
111,255
97,196
110,229
108,514
46,348
116,173
105,228
101,787
53,559
82,283
111,188
97,735
110,255
108,301
46,372
116,232
105,137
101,688
53,386
82,334
111,216
97,249
110,249
108,278
46,374
116,214
105,889
101,627
53,394
82,295
111,224
97,203
110,239
108,361
46,331
116,167
105,217
101,598
53,435
82,297
111,237
97,221
110,220
108,486
46,318
116,180
105,263
101,552
53,424
82,307
111,227
97,210
110,250
108,295
46,241
116,204
105,208
101,471
53,434
82,319
111,197
97,204
110,262
108,507
46,301
116,171
105,208
101,337
53,422
82,306
111,199
97,282
110,514
108,531
46,323
116,167
105,202
101,335
53,398
82,333
111,203
97,244
110,249
108,243
46,389
116,186
105,217
101,624
53,437
82,279
111,245
97,237
110,207
108,352
46,359
116,246
105,286
101,613
53,835
82,377
111,314
97,252
110,256
108,449
46,415
116,236
105,280
101,426
53,479
82,321
111,265
97,385
110,279
108,323
46,370
116,194
105,261
101,486
53,453
82,283
111,219
97,294
110,270
108,315
46,429
116,222
105,250
101,633
53,503
82,316
111,212
97,260
110,246
108,347
46,331
116,195
105,314
101,497
53,479
82,285
111,203
97,240
110,234
108,270
46,386
116,189
105,197
101,517
53,442
82,287
111,242
97,337
110,267
108,383
46,403
116,204
105,262
101,375
53,407
82,260
111,159
97,212
110,204
108,290
46,281
116,179
105,216
101,343
53,434
82,272
111,231
97,209
110,206
108,285
46,466
116,186
105,565
101,452
53,398
82,231
111,210
97,221
110,234
108,280
46,413
116,202
105,312
101,344
53,444
82,254
111,216
97,186
110,222
108,288
46,332
116,199
105,198
101,391
53,370
82,209
111,193
97,155
110,215
108,355
46,375
116,194
105,260
101,385
53,473
82,235
111,221
97,216
110,184
108,273
46,312
116,175
105,237
101,357
53,434
82,266
111,201
97,202
110,215
108,274
46,273
116,199
105,783
101,344
53,380
82,198
111,190
97,183
110,210
108,278
46,276
116,181
105,262
101,364
53,512
82,219
111,225
97,166
110,204
108,255
46,260
116,178
105,963
101,686
53,410
82,219
111,177
97,182
110,189
108,563
46,335
116,267
105,316
101,314
53,440
82,248
111,239
97,223
110,171
108,410
46,353
116,170
105,274
101,343
53,389
82,227
111,218
97,191
110,241
108,310
46,331
116,157
105,236
101,316
53,406
82,308
111,91
97,317
110,299
108,346
46,282
116,182
105,223
101,355
53,507
82,293
111,240
97,190
110,213
108,563
46,306
116,161
105,324
101,328
53,364
82,215
111,234
97,216
110,239
108,295
46,293
116,169
105,205
101,295
53,376
82,227
111,231
97,194
110,250
108,344
46,411
116,159
105,217
101,376
53,386
82,193
111,252
97,159
110,235
108,307
46,334
116,161
105,217
101,343
53,412
82,197
111,283
97,159
110,236
108,271
46,324
116,178
105,239
101,356
53,406
82,256
111,284
97,233
110,220
108,294
46,259
116,172
105,210
101,312
53,447
82,284
111,299
97,177
110,231
108,351
46,291
116,181
105,196
101,343
53,357
82,252
111,203
97,228
110,259
108,319
46,406
116,154
105,220
101,353
53,365
82,229
111,260
97,200
110,182
108,409
46,291
116,179
105,235
101,353
53,370
82,186
111,242
97,213
110,236
108,315
46,311
116,207
105,241
101,707
53,585
82,302
111,211
97,203
110,221
108,305
46,248
116,185
105,194
101,329
53,389
82,292
111,208
97,205
110,220
108,337
46,343
116,161
105,197
101,324
53,419
82,227
111,241
97,197
110,216
108,366
46,316
116,198
105,624
101,420
53,696
82,201
111,231
97,183
110,234
108,306
46,244
116,183
105,192
101,435
53,405
82,301
111,206
97,219
110,205
108,299
46,319
116,204
105,274
101,403
53,388
82,265
111,213
97,203
110,225
108,355
46,277
116,187
105,200
101,370
53,440
82,294
111,256
97,164
110,245
108,303
46,309
116,174
105,184
101,364
53,384
82,243
111,216
97,210
110,236
108,351
46,368
116,185
105,214
101,349
53,408
82,387
111,542
97,234
110,250
108,262
46,309
116,188
105,207
101,364
53,373
82,286
111,182
97,226
110,178
108,302
46,374
116,175
105,213
101,371
53,383
82,266
111,241
97,213
110,245
108,324
46,349
116,191
105,182
101,324
53,377
82,241
111,219
97,222
110,224
108,309
46,292
116,149
105,238
101,277
53,398
82,259
111,232
97,206
110,246
108,401
46,332
116,168
105,212
101,410
53,399
82,265
111,226
97,208
110,261
108,494
46,281
116,179
105,210
101,308
53,401
82,318
111,242
97,193
110,242
108,300
46,362
116,173
105,202
101,344
53,399
82,245
111,233
97,203
110,228
108,340
46,306
116,179
105,184
101,319
53,351
82,270
111,203
97,203
110,228
108,329
46,285
116,147
105,167
101,350
53,446
82,249
111,200
97,221
110,244
108,279
46,239
116,198
105,173
101,299
53,427
82,205
111,216
97,196
110,221
108,334
46,254
116,156
105,207
101,309
53,401
82,238
111,255
97,178
110,296
108,318
46,302
116,150
105,215
101,615
53,560
82,309
111,199
97,456
110,211
108,292
46,293
116,216
105,286
101,479
53,443
82,274
111,286
97,202
110,281
108,290
46,291
116,190
105,266
101,331
53,412
82,252
111,294
97,179
110,261
108,296
46,313
116,170
105,228
101,342
53,389
82,237
111,241
97,231
110,273
108,281
46,348
116,200
105,218
101,327
53,387
82,250
111,230
97,192
110,252
108,292
46,294
116,136
105,225
101,471
53,386
82,232
111,202
97,199
110,372
108,256
46,266
116,153
105,188
101,268
53,393
82,305
111,283
97,200
110,277
108,335
46,259
116,165
105,196
101,297
53,419
82,275
111,276
97,211
110,232
108,272
46,252
116,169
105,169
101,287
53,381
82,243
111,231
97,211
110,253
108,272
46,220
116,162
105,149
101,285
53,362
82,196
111,232
97,164
110,229
108,264
46,219
116,156
105,163
101,309
53,348
82,203
111,212
97,200
110,208
108,290
46,216
116,197
105,159
101,332
53,392
82,221
111,258
97,174
110,253
108,265
46,267
116,171
105,193
101,284
53,345
82,229
111,238
97,183
110,255
108,294
46,233
116,156
105,204
101,303
53,371
82,245
111,255
97,190
110,244
108,279
46,240
116,170
105,187
101,288
53,345
82,217
111,216
97,182
110,223
108,281
46,195
116,169
105,196
101,283
53,343
82,241
111,215
97,193
110,237
108,280
46,241
116,152
105,172
101,291
53,372
82,217
111,227
97,201
110,249
108,276
46,248
116,117
105,172
101,294
53,341
82,225
111,215
97,166
110,275
108,261
46,218
116,156
105,184
101,316
53,321
82,217
111,200
97,208
110,223
108,287
46,232
116,177
105,188
101,773
53,417
82,663
111,362
97,248
110,238
108,257
46,230
116,162
105,175
101,303
53,334
82,271
111,233
97,203
110,242
108,304
46,231
116,159
105,156
101,285
53,321
82,227
111,190
97,212
110,200
108,282
46,185
116,214
105,135
101,322
53,410
82,247
111,176
97,243
110,247
108,344
46,259
116,192
105,207
101,301
53,369
82,252
111,241
97,217
110,224
108,274
46,229
116,233
105,589
101,295
53,395
82,191
111,237
97,181
110,245
108,251
46,204
116,200
105,140
101,284
53,330
82,219
111,191
97,226
110,174
108,267
46,227
116,189
105,122
101,327
53,335
82,217
111,190
97,208
110,220
108,261
46,269
116,157
105,142
101,281
53,333
82,247
111,213
97,246
110,245
108,328
46,218
116,174
105,178
101,269
53,333
82,247
111,169
97,212
110,296
108,264
46,269
116,147
105,162
101,308
53,312
82,268
111,198
97,194
110,263
108,293
46,239
116,172
105,179
101,301
53,353
82,310
111,212
97,254
110,253
108,324
46,267
116,188
105,163
101,287
53,344
82,276
111,207
97,205
110,257
108,300
46,245
116,164
105,173
101,287
53,781
82,292
111,203
97,304
110,218
108,260
46,201
116,181
105,196
101,254
53,318
82,281
111,251
97,160
110,264
108,286
46,213
116,244
105,136
101,277
53,346
82,305
111,194
97,214
110,236
108,313
46,256
116,161
105,162
101,738
53,382
82,248
111,194
97,221
110,238
108,265
46,270
116,163
105,175
101,267
53,333
82,229
111,236
97,207
110,257
108,269
46,228
116,179
105,141
101,300
53,386
82,255
111,266
97,235
110,244
108,317
46,221
116,174
105,156
101,301
53,466
82,296
111,214
97,230
110,230
108,274
46,276
116,150
105,201
101,294
53,313
82,301
111,232
97,198
110,227
108,308
46,240
116,215
105,118
101,315
53,318
82,247
111,177
97,194
110,257
108,435
46,380
116,176
105,1061
101,496
53,868
82,387
111,180
97,223
110,230
108,252
46,238
116,150
105,148
101,253
53,315
82,237
111,174
97,231
110,187
108,320
46,213
116,175
105,127
101,295
53,342
82,265
111,207
97,209
110,250
108,292
46,259
116,195
105,133
101,280
53,316
82,231
111,219
97,168
110,258
108,344
46,303
116,185
105,167
101,281
53,328
82,182
111,206
97,187
110,251
108,267
46,255
116,201
105,156
101,230
53,271
82,226
111,212
97,209
110,220
108,266
46,259
116,153
105,173
101,286
53,305
82,229
111,210
97,191
110,230
108,329
46,290
116,165
105,175
101,293
53,324
82,233
111,259
97,185
110,268
108,297
46,252
116,192
105,161
101,299
53,345
82,274
111,204
97,201
110,255
108,280
46,191
116,182
105,119
101,302
53,345
82,230
111,209
97,176
110,220
108,292
46,267
116,153
105,193
101,322
53,368
82,251
111,181
97,189
110,209
108,284
46,304
116,164
105,173
101,356
53,336
82,224
111,202
97,178
110,251
108,905
46,443
116,134
105,231
101,304
53,393
82,231
111,250
97,172
110,236
108,280
46,359
116,148
105,210
101,275
53,367
82,260
111,195
97,210
110,240
108,304
46,295
116,136
105,212
101,364
53,732
82,255
111,192
97,188
110,233
108,268
46,314
116,151
105,168
101,297
53,319
82,252
111,200
97,186
110,225
108,306
46,293
116,153
105,157
101,255
53,316
82,221
111,219
97,174
110,235
108,290
46,306
116,155
105,173
101,293
53,362
82,247
111,166
97,203
110,226
108,267
46,295
116,155
105,147
101,261
53,312
82,232
111,229
97,194
110,207
108,652
46,272
116,138
105,162
101,241
53,308
82,212
111,199
97,206
110,221
108,550
46,281
116,147
105,159
101,246
53,311
82,217
111,186
97,205
110,223
108,293
46,254
116,149
105,150
101,261
53,313
82,208
111,222
97,179
110,240
108,302
46,234
116,161
105,160
101,243
53,344
82,216
111,225
97,182
110,221
108,267
46,273
116,159
105,147
101,282
53,325
82,187
111,223
97,167
110,235
108,272
46,258
116,152
105,141
101,266
53,283
82,203
111,205
97,174
110,236
108,303
46,222
116,167
105,181
101,248
53,335
82,252
111,204
97,193
110,243
108,279
46,246
116,180
105,182
101,252
53,322
82,218
111,160
97,207
110,195
108,283
46,246
116,151
105,168
101,425
53,372
82,199
111,168
97,214
110,225
108,313
46,294
116,138
105,164
101,253
53,317
82,213
111,196
97,187
110,245
108,283
46,228
116,171
105,138
101,238
53,322
82,193
111,217
97,184
110,203
108,280
46,203
116,195
105,111
101,250
53,317
82,197
111,213
97,180
110,225
108,302
46,216
116,174
105,125
101,263
53,309
82,200
111,220
97,168
110,245
108,275
46,203
116,176
105,140
101,262
53,332
82,223
111,226
97,192
110,208
108,259
46,279
116,169
105,132
101,259
53,298
82,218
111,205
97,186
110,237
108,264
46,195
116,249
105,115
101,334
53,307
82,169
111,221
97,176
110,218
108,276
46,204
116,145
105,153
101,252
53,298
82,151
111,245
97,154
110,222
108,295
46,206
116,202
105,109
101,345
53,282
82,219
111,163
97,205
110,203
108,304
46,178
116,203
105,118
101,302
53,402
82,202
111,251
97,137
110,228
108,278
46,171
116,196
105,136
101,327
53,445
82,271
111,203
97,185
110,213
108,265
46,176
116,209
105,97
101,253
53,401
82,283
111,242
97,188
110,245
108,543
46,288
116,151
105,124
101,251
53,302
82,195
111,206
97,200
110,231
108,272
46,217
116,146
105,221
101,635
53,349
82,170
111,202
97,184
110,231
108,297
46,215
116,185
105,167
101,268
53,314
82,214
111,209
97,202
110,207
108,302
46,216
116,168
105,164
101,280
53,332
82,170
111,235
97,174
110,194
108,329
46,314
116,159
105,143
101,280
53,316
82,157
111,238
97,147
110,220
108,327
46,209
116,241
105,124
101,425
53,327
82,191
111,204
97,167
110,195
108,323
46,207
116,174
105,134
101,279
53,315
82,169
111,233
97,185
110,203
108,310
46,213
116,224
105,123
101,255
53,327
82,173
111,203
97,206
110,173
108,288
46,174
116,204
105,158
101,296
53,363
82,222
111,211
97,185
110,228
108,256
46,191
116,176
105,152
101,260
53,326
82,221
111,188
97,187
110,210
108,293
46,188
116,166
105,140
101,245
53,321
82,196
111,227
97,162
110,190
108,279
46,197
116,182
105,108
101,237
53,302
82,238
111,219
97,158
110,240
108,298
46,169
116,193
105,128
101,360
53,335
82,191
111,230
97,199
110,139
108,280
46,226
116,192
105,176
101,227
53,392
82,210
111,220
97,175
110,234
108,293
46,196
116,201
105,114
101,259
53,292
82,245
111,217
97,155
110,233
108,312
46,218
116,208
105,152
101,238
53,305
82,226
111,192
97,201
110,248
108,282
46,286
116,363
105,218
101,312
53,321
82,166
111,215
97,153
110,206
108,258
46,189
116,180
105,109
101,279
53,306
82,202
111,223
97,221
110,186
108,277
46,186
116,224
105,95
101,295
53,389
82,260
111,219
97,174
110,232
108,275
46,282
116,159
105,152
101,232
53,302
82,196
111,182
97,198
110,169
108,291
46,349
116,161
105,184
101,289
53,358
82,254
111,247
97,204
110,240
108,295
46,380
116,152
105,191
101,277
53,353
82,230
111,234
97,202
110,241
108,303
46,255
116,137
105,200
101,277
53,335
82,201
111,280
97,205
110,235
108,304
46,257
116,161
105,155
101,278
53,364
82,281
111,214
97,219
110,237
108,306
46,288
116,158
105,136
101,279
53,389
82,236
111,255
97,218
110,251
108,283
46,246
116,161
105,139
101,274
53,358
82,282
111,188
97,246
110,251
108,346
46,266
116,192
105,159
101,273
53,358
82,226
111,210
97,217
110,256
108,342
46,330
116,186
105,149
101,280
53,352
82,214
111,246
97,196
110,233
108,267
46,253
116,142
105,178
101,245
53,316
82,219
111,232
97,211
110,224
108,269
46,313
116,168
105,123
101,306
53,343
82,252
111,197
97,232
110,185
108,304
46,247
116,203
105,82
101,303
53,297
82,160
111,227
97,214
110,216
108,329
46,421
116,148
105,166
101,263
53,306
82,187
111,242
97,217
110,250
108,303
46,236
116,184
105,158
101,267
53,328
82,187
111,257
97,207
110,233
108,316
46,252
116,189
105,146
101,280
53,325
82,178
111,236
97,245
110,231
108,269
46,263
116,187
105,147
101,295
53,319
82,187
111,283
97,201
110,237
108,295
46,219
116,367
105,173
101,280
53,346
82,255
111,201
97,211
110,207
108,279
46,229
116,144
105,167
101,262
53,337
82,210
111,245
97,215
110,226
108,247
46,208
116,200
105,97
101,288
53,325
82,194
111,251
97,233
110,209
108,304
46,355
116,180
105,181
101,244
53,303
82,221
111,221
97,239
110,252
108,384
46,252
116,174
105,172
101,315
53,343
82,234
111,254
97,227
110,222
108,279
46,260
116,227
105,162
101,292
53,305
82,266
111,272
97,229
110,248
108,322
46,214
116,215
105,209
101,343
53,334
82,253
111,234
97,241
110,240
108,372
46,270
116,227
105,170
101,292
53,344
82,214
111,264
97,209
110,232
108,316
46,330
116,175
105,198
101,313
53,324
82,197
111,271
97,227
110,233
108,362
46,196
116,220
105,143
101,300
53,313
82,210
111,261
97,206
110,222
108,384
46,346
116,174
105,211
101,270
53,311
82,218
111,322
97,239
110,233
108,305
46,227
116,171
105,163
101,313
53,355
82,277
111,179
97,315
110,239
108,364
46,229
116,177
105,161
101,295
53,330
82,234
111,227
97,221
110,228
108,1497
46,291
116,296
105,219
101,308
53,342
82,273
111,210
97,277
110,244
108,329
46,274
116,236
105,183
101,364
53,392
82,288
111,297
97,230
110,254
108,317
46,265
116,208
105,138
101,340
53,342
82,401
111,451
97,225
110,255
108,303
46,276
116,181
105,188
101,264
53,351
82,342
111,471
97,185
110,253
108,420
46,235
116,148
105,180
101,266
53,294
82,221
111,234
97,247
110,228
108,317
46,524
116,162
105,214
101,261
53,288
82,244
111,194
97,251
110,224
108,308
46,226
116,202
105,154
101,296
53,381
82,305
111,229
97,189
110,218
108,321
46,217
116,280
105,173
101,259
53,312
82,228
111,241
97,209
110,224
108,344
46,238
116,193
105,123
101,287
53,314
82,264
111,216
97,243
110,202
108,286
46,237
116,231
105,143
101,316
53,358
82,279
111,264
97,224
110,237
108,290
46,265
116,184
105,158
101,302
53,329
82,255
111,221
97,263
110,218
108,325
46,218
116,201
105,148
101,313
53,381
82,290
111,222
97,236
110,247
108,325
46,217
116,223
105,131
101,253
53,357
82,302
111,227
97,247
110,247
108,306
46,221
116,217
105,156
101,277
53,321
82,229
111,272
97,211
110,268
108,300
46,231
116,208
105,144
101,308
53,342
82,280
111,240
97,217
110,220
108,290
46,269
116,199
105,160
101,309
53,356
82,274
111,242
97,243
110,209
108,302
46,236
116,215
105,171
101,266
53,340
82,258
111,240
97,239
110,198
108,283
46,284
116,194
105,179
101,286
53,366
82,281
111,265
97,261
110,228
108,276
46,271
116,220
105,147
101,271
53,346
82,260
111,243
97,266
110,148
108,278
46,388
116,165
105,197
101,306
53,374
82,252
111,247
97,305
110,238
108,309
46,256
116,247
105,148
101,392
53,345
82,275
111,239
97,241
110,209
108,310
46,249
116,251
105,135
101,294
53,363
82,242
111,249
97,259
110,212
108,249
46,247
116,183
105,165
101,269
53,298
82,319
111,194
97,266
110,228
108,260
46,223
116,167
105,149
101,265
53,311
82,247
111,218
97,207
110,219
108,267
46,226
116,181
105,166
101,354
53,310
82,310
111,201
97,210
110,244
108,269
46,262
116,189
105,141
101,283
53,310
82,274
111,209
97,248
110,232
108,299
46,349
116,198
105,156
101,260
53,315
82,291
111,242
97,265
110,269
108,322
46,339
116,225
105,171
101,297
53,307
82,256
111,224
97,234
110,246
108,726
46,326
116,167
105,157
101,270
53,302
82,291
111,216
97,241
110,236
108,311
46,261
116,185
105,140
101,267
53,321
82,346
111,196
97,263
110,269
108,351
46,237
116,188
105,170
101,343
53,370
82,341
111,209
97,245
110,245
108,286
46,264
116,167
105,129
101,293
53,314
82,336
111,176
97,248
110,230
108,650
46,321
116,150
105,130
101,312
53,326
82,269
111,296
97,215
110,240
108,306
46,316
116,175
105,169
101,323
53,367
82,308
111,183
97,242
110,224
108,297
46,200
116,239
105,124
101,302
53,335
82,334
111,315
97,200
110,393
108,303
46,241
116,229
105,149
101,298
53,320
82,330
111,235
97,219
110,236
108,337
46,284
116,234
105,181
101,348
53,360
82,364
111,270
97,209
110,274
108,291
46,179
116,242
105,150
101,300
53,368
82,292
111,237
97,265
110,225
108,320
46,205
116,217
105,159
101,311
53,363
82,277
111,238
97,270
110,252
108,332
46,249
116,222
105,177
101,274
53,339
82,284
111,230
97,238
110,224
108,319
46,206
116,225
105,98
101,338
53,342
82,295
111,240
97,169
110,235
108,282
46,246
116,214
105,129
101,251
53,335
82,248
111,256
97,184
110,234
108,308
46,206
116,242
105,106
101,354
53,350
82,280
111,262
97,202
110,260
108,316
46,231
116,227
105,113
101,289
53,346
82,281
111,239
97,241
110,268
108,275
46,240
116,256
105,131
101,313
53,349
82,284
111,216
97,212
110,264
108,340
46,220
116,221
105,154
101,311
53,340
82,273
111,231
97,245
110,300
108,355
46,293
116,189
105,145
101,296
53,323
82,279
111,307
97,221
110,264
108,299
46,233
116,210
105,139
101,288
53,314
82,271
111,245
97,248
110,249
108,272
46,291
116,200
105,151
101,280
53,364
82,318
111,209
97,243
110,236
108,318
46,243
116,246
105,122
101,345
53,381
82,268
111,227
97,210
110,187
108,322
46,226
116,226
105,124
101,323
53,328
82,304
111,216
97,206
110,284
108,371
46,298
116,194
105,172
101,249
53,323
82,333
111,214
97,217
110,278
108,392
46,222
116,239
105,117
101,304
53,335
82,254
111,238
97,235
110,253
108,323
46,248
116,207
105,229
101,280
53,417
82,241
111,220
97,240
110,209
108,332
46,210
116,208
105,121
101,287
53,348
82,352
111,301
97,280
110,235
108,298
46,262
116,213
105,122
101,293
53,330
82,311
111,223
97,219
110,238
108,287
46,211
116,261
105,147
101,379
53,339
82,275
111,246
97,224
110,218
108,268
46,220
116,214
105,127
101,371
53,319
82,241
111,268
97,282
110,290
108,281
46,239
116,185
105,146
101,241
53,323
82,223
111,290
97,240
110,221
108,278
46,245
116,194
105,182
101,285
53,318
82,228
111,243
97,208
110,202
108,259
46,249
116,147
105,218
101,273
53,369
82,275
111,268
97,218
110,241
108,265
46,262
116,222
105,148
101,279
53,336
82,319
111,214
97,265
110,195
108,315
46,210
116,222
105,142
101,311
53,376
82,278
111,215
97,212
110,234
108,319
46,245
116,250
105,141
101,316
53,357
82,287
111,186
97,284
110,235
108,268
46,192
116,256
105,118
101,374
53,349
82,233
111,217
97,227
110,214
108,288
46,245
116,167
105,235
101,293
53,331
82,311
111,76
97,316
110,232
108,251
46,286
116,153
105,217
101,250
53,337
82,210
111,213
97,218
110,236
108,314
46,266
116,233
105,172
101,329
53,327
82,288
111,199
97,204
110,236
108,309
46,209
116,242
105,119
101,358
53,307
82,287
111,199
97,218
110,300
108,659
46,259
116,172
105,181
101,272
53,291
82,277
111,251
97,146
110,328
108,310
46,246
116,206
105,155
101,276
53,323
82,252
111,250
97,201
110,221
108,286
46,337
116,184
105,181
101,299
53,326
82,297
111,254
97,191
110,257
108,274
46,223
116,194
105,154
101,298
53,349
82,232
111,175
97,199
110,248
108,286
46,201
116,173
105,126
101,260
53,301
82,224
111,205
97,186
110,255
108,295
46,254
116,173
105,150
101,260
53,365
82,263
111,287
97,88
110,247
108,329
46,216
116,195
105,300
101,356
53,384
82,317
111,233
97,236
110,209
108,296
46,255
116,221
105,188
101,266
53,313
82,269
111,207
97,188
110,270
108,311
46,266
116,200
105,116
101,297
53,315
82,269
111,153
97,268
110,217
108,335
46,278
116,161
105,156
101,258
53,343
82,244
111,234
97,205
110,252
108,333
46,304
116,184
105,145
101,305
53,331
82,258
111,182
97,225
110,209
108,355
46,240
116,191
105,146
101,277
53,312
82,239
111,192
97,234
110,249
108,344
46,180
116,223
105,111
101,249
53,338
82,199
111,200
97,217
110,226
108,290
46,221
116,189
105,88
101,314
53,316
82,227
111,234
97,172
110,269
108,364
46,239
116,150
105,166
101,237
53,322
82,181
111,243
97,195
110,227
108,313
46,244
116,206
105,130
101,264
53,328
82,227
111,180
97,218
110,269
108,342
46,231
116,234
105,107
101,238
53,305
82,274
111,189
97,216
110,248
108,252
46,354
116,181
105,122
101,248
53,278
82,207
111,217
97,200
110,269
108,328
46,168
116,211
105,110
101,227
53,296
82,167
111,218
97,187
110,197
108,267
46,168
116,203
105,99
101,289
53,315
82,212
111,192
97,184
110,227
108,301
46,205
116,194
105,118
101,253
53,333
82,199
111,260
97,182
110,288
108,302
46,179
116,179
105,100
101,240
53,272
82,188
111,223
97,208
110,186
108,354
46,169
116,224
105,125
101,252
53,309
82,268
111,135
97,244
110,224
108,646
46,212
116,216
105,109
101,252
53,324
82,240
111,210
97,231
110,245
108,348
46,277
116,199
105,158
101,266
53,338
82,238
111,210
97,291
110,262
108,375
46,235
116,247
105,159
101,279
53,341
82,278
111,290
97,235
110,255
108,351
46,188
116,243
105,233
101,391
53,317
82,269
111,220
97,234
110,229
108,373
46,198
116,243
105,145
101,297
53,390
82,233
111,523
97,252
110,228
108,342
46,174
116,211
105,119
101,291
53,313
82,199
111,234
97,223
110,243
108,386
46,420
116,244
105,201
101,270
53,327
82,201
111,243
97,215
110,184
108,356
46,222
116,215
105,142
101,308
53,319
82,207
111,303
97,217
110,264
108,390
46,336
116,219
105,150
101,276
53,321
82,231
111,275
97,191
110,237
108,440
46,241
116,240
105,157
101,306
53,335
82,207
111,270
97,224
110,181
108,358
46,195
116,234
105,110
101,257
53,306
82,195
111,271
97,203
110,181
108,318
46,188
116,214
105,106
101,246
53,311
82,197
111,298
97,213
110,194
108,327
46,220
116,216
105,154
101,204
53,311
82,221
111,225
97,222
110,165
108,380
46,214
116,178
105,126
101,261
53,317
82,193
111,251
97,203
110,241
108,325
46,186
116,236
105,112
101,301
53,307
82,224
111,231
97,245
110,128
108,358
46,171
116,237
105,104
101,291
53,322
82,247
111,208
97,280
110,109
108,385
46,221
116,189
105,148
101,214
53,302
82,187
111,215
97,325
110,233
108,298
46,205
116,204
105,128
101,233
53,293
82,217
111,236
97,245
110,132
108,331
46,174
116,209
105,145
101,233
53,360
82,178
111,262
97,178
110,184
108,358
46,196
116,190
105,139
101,260
53,310
82,220
111,253
97,190
110,197
108,278
46,185
116,214
105,133
101,217
53,307
82,252
111,211
97,264
110,254
108,281
46,198
116,185
105,124
101,248
53,307
82,259
111,287
97,213
110,252
108,279
46,244
116,204
105,131
101,288
53,335
82,226
111,263
97,228
110,196
108,346
46,225
116,230
105,149
101,275
53,305
82,317
111,177
97,315
110,189
108,339
46,191
116,241
105,142
101,312
53,342
82,293
111,260
97,231
110,242
108,289
46,225
116,223
105,183
101,294
53,342
82,229
111,271
97,267
110,258
108,308
46,214
116,230
105,119
101,295
53,304
82,256
111,216
97,248
110,190
108,329
46,200
116,240
105,181
101,294
53,309
82,235
111,515
97,302
110,221
108,290
46,187
116,208
105,162
101,241
53,306
82,238
111,225
97,219
110,173
108,354
46,204
116,235
105,113
101,274
53,320
82,352
111,613
97,273
110,533
108,529
46,251
116,147
105,153
101,257
53,327
82,237
111,144
97,199
110,212
108,265
46,180
116,206
105,41
101,274
53,344
82,186
111,184
97,165
110,238
108,249
46,182
116,220
105,76
101,217
53,303
82,188
111,210
97,174
110,216
108,255
46,233
116,196
105,105
101,271
53,307
82,274
111,206
97,143
110,243
108,254
46,177
116,227
105,74
101,270
53,292
82,239
111,177
97,209
110,232
108,273
46,225
116,230
105,99
101,273
53,302
82,206
111,207
97,193
110,228
108,313
46,275
116,172
105,116
101,245
53,291
82,261
111,120
97,233
110,215
108,271
46,282
116,175
105,159
101,264
53,329
82,217
111,189
97,202
110,238
108,256
46,217
116,199
105,111
101,286
53,292
82,226
111,210
97,201
110,233
108,277
46,196
116,202
105,107
101,281
53,316
82,183
111,199
97,201
110,212
108,274
46,266
116,211
105,88
101,273
53,279
82,223
111,212
97,203
110,212
108,353
46,254
116,172
105,127
101,253
53,316
82,233
111,199
97,203
110,191
108,271
46,256
116,145
105,136
101,268
53,303
82,207
111,180
97,207
110,214
108,297
46,226
116,191
105,83
101,276
53,276
82,229
111,181
97,210
110,213
108,352
46,231
116,185
105,120
101,290
53,320
82,228
111,210
97,224
110,229
108,659
46,223
116,189
105,103
101,259
53,332
82,193
111,191
97,180
110,228
108,324
46,276
116,191
105,122
101,238
53,353
82,187
111,223
97,207
110,255
108,292
46,219
116,250
105,95
101,287
53,343
82,226
111,227
97,190
110,237
108,288
46,230
116,215
105,100
101,366
53,336
82,186
111,228
97,172
110,226
108,305
46,266
116,166
105,143
101,288
53,390
82,221
111,221
97,202
110,233
108,385
46,298
116,203
105,114
101,248
53,279
82,187
111,192
97,234
110,298
108,318
46,232
116,204
105,154
101,262
53,308
82,207
111,222
97,172
110,272
108,296
46,241
116,138
105,219
101,320
53,376
82,211
111,183
97,218
110,292
108,305
46,208
116,250
105,134
101,288
53,349
82,188
111,231
97,186
110,202
108,389
46,212
116,230
105,182
101,305
53,314
82,251
111,222
97,246
110,241
108,352
46,227
116,227
105,92
101,384
53,304
82,232
111,252
97,183
110,236
108,292
46,231
116,224
105,77
101,275
53,274
82,214
111,230
97,153
110,277
108,388
46,204
116,196
105,124
101,291
53,297
82,180
111,226
97,213
110,255
108,293
46,208
116,176
105,126
101,256
53,345
82,246
111,223
97,249
110,219
108,276
46,220
116,221
105,93
101,298
53,278
82,206
111,215
97,217
110,235
108,263
46,228
116,198
105,121
101,267
53,290
82,233
111,203
97,203
110,207
108,270
46,196
116,256
105,108
101,270
53,271
82,223
111,210
97,239
110,211
108,369
46,195
116,236
105,126
101,337
53,342
82,228
111,216
97,211
110,248
108,699
46,213
116,257
105,120
101,313
53,308
82,211
111,273
97,233
110,217
108,304
46,228
116,224
105,106
101,277
53,292
82,229
111,198
97,276
110,211
108,317
46,216
116,203
105,134
101,258
53,318
82,211
111,203
97,250
110,193
108,283
46,201
116,209
105,121
101,257
53,329
82,226
111,196
97,216
110,230
108,315
46,197
116,683
105,232
101,340
53,395
82,267
111,187
97,193
110,224
108,319
46,218
116,219
105,174
101,268
53,301
82,247
111,204
97,220
110,245
108,332
46,217
116,266
105,144
101,431
53,366
82,261
111,165
97,259
110,211
108,288
46,210
116,263
105,86
101,280
53,292
82,219
111,210
97,181
110,299
108,278
46,201
116,276
105,108
101,358
53,286
82,226
111,188
97,221
110,247
108,390
46,263
116,192
105,148
101,252
53,309
82,226
111,220
97,181
110,279
108,337
46,215
116,264
105,168
101,363
53,370
82,230
111,225
97,181
110,311
108,273
46,207
116,289
105,144
101,278
53,323
82,246
111,215
97,237
110,229
108,266
46,240
116,276
105,112
101,364
53,304
82,222
111,240
97,119
110,338
108,289
46,217
116,224
105,141
101,330
53,341
82,185
111,205
97,246
110,200
108,286
46,200
116,270
105,146
101,379
53,342
82,234
111,186
97,273
110,237
108,279
46,195
116,249
105,127
101,313
53,334
82,202
111,234
97,211
110,257
108,306
46,226
116,222
105,115
101,371
53,354
82,210
111,198
97,216
110,201
108,269
