46,344
116,198
105,191
101,730
53,461
82,647
111,213
97,311
110,320
108,600
46,489
116,180
105,179
101,796
53,511
82,246
111,170
97,272
110,437
108,336
46,441
116,208
105,215
101,658
53,408
82,231
111,172
97,273
110,396
108,402
46,472
116,389
105,321
101,550
53,540
82,244
111,236
97,279
110,291
108,313
46,499
116,208
105,242
101,754
53,395
82,233
111,144
97,277
110,301
108,272
46,513
116,239
105,258
101,913
53,441
82,231
111,180
97,278
110,318
108,300
46,576
116,188
105,257
101,470
53,658
82,224
111,181
97,280
110,426
108,509
46,861
116,209
105,220
101,525
53,498
82,253
111,170
97,251
110,279
108,310
46,573
116,197
105,211
101,467
53,424
82,298
111,203
97,257
110,281
108,325
46,428
116,197
105,284
101,484
53,467
82,283
111,190
97,277
110,516
108,300
46,364
116,239
105,262
101,649
53,528
82,255
111,204
97,263
110,313
108,391
46,430
116,207
105,239
101,663
53,441
82,230
111,177
97,263
110,281
108,376
46,389
116,204
105,235
101,646
53,399
82,258
111,160
97,277
110,291
108,287
46,379
116,237
105,531
101,390
53,477
82,305
111,171
97,276
110,226
108,428
46,430
116,224
105,235
101,557
53,444
82,249
111,182
97,295
110,256
108,449
46,450
116,227
105,266
101,464
53,437
82,253
111,160
97,289
110,326
108,359
46,296
116,230
105,224
101,485
53,468
82,204
111,229
97,265
110,550
108,315
46,455
116,176
105,226
101,329
53,612
82,277
111,223
97,292
110,314
108,412
46,467
116,159
105,245
101,426
53,425
82,240
111,175
97,274
110,283
108,457
46,704
116,117
105,387
101,410
53,506
82,227
111,220
97,264
110,278
108,308
46,579
116,184
105,236
101,418
53,482
82,398
111,239
97,262
110,326
108,356
46,401
116,214
105,198
101,415
53,503
82,305
111,217
97,283
110,268
108,396
46,624
116,176
105,195
101,621
53,410
82,232
111,191
97,261
110,272
108,696
46,450
116,255
105,210
101,729
53,788
82,295
111,179
97,276
110,272
108,360
46,540
116,186
105,240
101,459
53,400
82,246
111,181
97,271
110,274
108,295
46,330
116,258
105,186
101,553
53,488
82,404
111,236
97,269
110,374
108,280
46,322
116,261
105,233
101,622
53,464
82,208
111,194
97,266
110,313
108,581
46,265
116,188
105,233
101,442
53,556
82,228
111,187
97,269
110,749
108,334
46,364
116,234
105,190
101,425
53,523
82,218
111,176
97,291
110,805
108,217
46,431
116,223
105,204
101,558
53,450
82,236
111,164
97,319
110,305
108,451
46,386
116,205
105,219
101,516
53,456
82,214
111,233
97,298
110,581
108,289
46,376
116,185
105,161
101,563
53,401
82,231
111,184
97,261
110,321
108,370
46,259
116,223
105,218
101,414
53,475
82,238
111,170
97,251
110,348
108,302
46,380
116,200
105,226
101,529
53,452
82,305
111,236
97,269
110,477
108,293
46,534
116,268
105,204
101,486
53,524
82,257
111,159
97,253
110,292
108,257
46,361
116,228
105,202
101,482
53,453
82,225
111,194
97,278
110,339
108,264
46,350
116,266
105,253
101,457
53,497
82,269
111,191
97,292
110,515
108,509
46,492
116,214
105,231
101,436
53,532
82,222
111,195
97,309
110,250
108,459
46,330
116,197
105,228
101,518
53,638
82,354
111,286
97,292
110,496
108,360
46,243
116,345
105,243
101,495
53,445
82,240
111,192
97,296
110,315
108,290
46,382
116,209
105,237
101,456
53,428
82,272
111,175
97,266
110,305
108,259
46,402
116,219
105,233
101,891
53,627
82,212
111,234
97,279
110,723
108,248
46,450
116,198
105,213
101,441
53,436
82,226
111,182
97,272
110,310
108,237
46,420
116,262
105,209
101,834
53,867
82,273
111,253
97,256
110,395
108,317
46,410
116,295
105,243
101,479
53,594
82,252
111,230
97,248
110,496
108,346
46,439
116,255
105,240
101,669
53,569
82,292
111,251
97,266
110,299
108,291
46,418
116,217
105,310
101,574
53,619
82,293
111,180
97,294
110,398
108,326
46,314
116,251
105,193
101,679
53,388
82,225
111,211
97,188
110,273
108,242
46,321
116,181
105,238
101,568
53,436
82,195
111,205
97,240
110,241
108,277
46,613
116,133
105,204
101,409
53,432
82,174
111,231
97,200
110,199
108,252
46,743
116,202
105,155
101,731
53,392
82,200
111,162
97,271
110,510
108,329
46,290
116,157
105,176
101,528
53,394
82,203
111,158
97,255
110,282
108,695
46,322
116,180
105,177
101,505
53,432
82,189
111,171
97,253
110,641
108,319
46,389
116,204
105,197
101,512
53,430
82,269
111,237
97,256
110,289
108,600
46,360
116,150
105,203
101,643
53,1018
82,284
111,201
97,266
110,253
108,870
46,277
116,183
105,178
101,491
53,416
82,231
111,177
97,291
110,379
108,318
46,327
116,170
105,197
101,480
53,391
82,224
111,191
97,260
110,363
108,287
46,323
116,191
105,189
101,446
53,381
82,224
111,161
97,280
110,344
108,313
46,257
116,183
105,203
101,443
53,388
82,219
111,180
97,261
110,303
108,305
46,422
116,156
105,244
101,442
53,396
82,215
111,181
97,277
110,578
108,375
46,269
116,206
105,199
101,407
53,457
82,209
111,209
97,228
110,234
108,304
46,278
116,201
105,189
101,391
53,450
82,276
111,97
97,416
110,293
108,337
46,291
116,194
105,196
101,325
53,451
82,245
111,195
97,257
110,224
108,342
46,233
116,222
105,197
101,324
53,412
82,236
111,191
97,261
110,280
108,291
46,264
116,208
105,189
101,371
53,480
82,247
111,209
97,250
110,245
108,280
46,252
116,218
105,264
101,325
53,478
82,338
111,177
97,260
110,212
108,474
46,381
116,199
105,286
101,370
53,640
82,266
111,202
97,250
110,254
108,317
46,245
116,204
105,244
101,1059
53,458
82,281
111,238
97,234
110,197
108,324
46,273
116,184
105,192
101,305
53,481
82,190
111,224
97,216
110,219
108,284
46,267
116,184
105,199
101,363
53,560
82,341
111,506
97,318
110,271
108,279
46,296
116,188
105,189
101,342
53,450
82,228
111,189
97,253
110,219
108,309
46,359
116,269
105,95
101,640
53,512
82,469
111,193
97,247
110,206
108,356
46,293
116,184
105,248
101,338
53,470
82,196
111,199
97,248
110,223
108,392
46,474
116,225
105,168
101,661
53,383
82,223
111,160
97,253
110,311
108,362
46,263
116,188
105,201
101,354
53,516
82,239
111,162
97,217
110,208
108,439
46,258
116,246
105,553
101,360
53,465
82,196
111,216
97,223
110,202
108,300
46,596
116,152
105,232
101,663
53,495
82,208
111,185
97,251
110,210
108,302
46,303
116,195
105,209
101,390
53,432
82,189
111,201
97,233
110,193
108,352
46,425
116,235
105,242
101,371
53,462
82,200
111,199
97,234
110,201
108,345
46,347
116,231
105,224
101,371
53,521
82,335
111,217
97,212
110,237
108,325
46,392
116,201
105,238
101,295
53,433
82,209
111,200
97,240
110,186
108,313
46,419
116,219
105,227
101,372
53,459
82,115
111,178
97,245
110,192
108,386
46,264
116,215
105,209
101,670
53,459
82,400
111,215
97,240
110,207
108,302
46,270
116,162
105,235
101,317
53,486
82,420
111,169
97,272
110,249
108,347
46,431
116,191
105,223
101,330
53,458
82,209
111,206
97,210
110,157
108,371
46,339
116,197
105,208
101,370
53,416
82,160
111,213
97,194
110,190
108,284
46,258
116,193
105,258
101,396
53,422
82,213
111,206
97,213
110,226
108,637
46,303
116,201
105,235
101,350
53,428
82,167
111,230
97,231
110,165
108,532
46,251
116,211
105,202
101,748
53,487
82,209
111,164
97,242
110,184
108,352
46,348
116,247
105,216
101,358
53,454
82,189
111,182
97,215
110,184
108,374
46,411
116,217
105,197
101,326
53,476
82,250
111,231
97,261
110,215
108,603
46,329
116,227
105,180
101,365
53,453
82,185
111,223
97,242
110,186
108,364
46,368
116,201
105,205
101,404
53,428
82,226
111,210
97,223
110,196
108,539
46,387
116,248
105,183
101,355
53,448
82,200
111,204
97,252
110,210
108,320
46,367
116,222
105,194
101,463
53,430
82,185
111,213
97,228
110,200
108,587
46,379
116,280
105,228
101,688
53,472
82,208
111,229
97,230
110,208
108,351
46,350
116,227
105,210
101,469
53,445
82,217
111,237
97,197
110,203
108,366
46,378
116,191
105,208
101,373
53,434
82,179
111,243
97,211
110,207
108,344
46,337
116,196
105,224
101,1102
53,611
82,217
111,212
97,226
110,148
108,292
46,581
116,185
105,222
101,446
53,468
82,196
111,213
97,221
110,169
108,320
46,329
116,176
105,153
101,480
53,347
82,222
111,159
97,248
110,211
108,229
46,249
116,182
105,135
101,483
53,387
82,188
111,177
97,233
110,214
108,266
46,291
116,173
105,158
101,475
53,375
82,183
111,157
97,231
110,211
108,311
46,256
116,232
105,171
101,490
53,358
82,214
111,182
97,225
110,214
108,316
46,391
116,163
105,205
101,504
53,386
82,138
111,219
97,204
110,224
108,316
46,360
116,147
105,216
101,464
53,373
82,205
111,186
97,233
110,250
108,303
46,315
116,190
105,401
101,443
53,420
82,229
111,160
97,254
110,228
108,371
46,292
116,152
105,200
101,469
53,369
82,176
111,176
97,213
110,268
108,354
46,350
116,173
105,179
101,408
53,378
82,189
111,188
97,204
110,222
108,315
46,285
116,154
105,182
101,406
53,375
82,207
111,157
97,242
110,227
108,252
46,319
116,159
105,179
101,409
53,407
82,170
111,144
97,239
110,231
108,291
46,267
116,179
105,137
101,407
53,421
82,190
111,188
97,215
110,205
108,319
46,257
116,174
105,158
101,369
53,365
82,143
111,210
97,219
110,209
108,310
46,294
116,130
105,159
101,412
53,470
82,205
111,190
97,207
110,211
108,287
46,314
116,171
105,160
101,382
53,395
82,162
111,185
97,203
110,229
108,595
46,302
116,167
105,169
101,414
53,406
82,581
111,200
97,224
110,230
108,314
46,260
116,179
105,168
101,370
53,374
82,206
111,182
97,217
110,194
108,325
46,256
116,187
105,168
101,395
53,380
82,188
111,189
97,204
110,207
108,296
46,276
116,186
105,180
101,386
53,408
82,240
111,211
97,210
110,244
108,568
46,271
116,157
105,150
101,401
53,426
82,200
111,192
97,243
110,204
108,584
46,297
116,206
105,207
101,592
53,380
82,215
111,155
97,199
110,216
108,288
46,292
116,195
105,190
101,567
53,421
82,182
111,219
97,194
110,210
108,291
46,354
116,220
105,182
101,489
53,414
82,165
111,197
97,205
110,216
108,326
46,333
116,186
105,172
101,350
53,406
82,196
111,204
97,214
110,191
108,310
46,278
116,189
105,156
101,351
53,416
82,231
111,176
97,223
110,202
108,300
46,270
116,203
105,173
101,432
53,389
82,198
111,195
97,206
110,189
108,302
46,294
116,182
105,178
101,479
53,425
82,173
111,172
97,186
110,188
108,303
46,339
116,192
105,162
101,395
53,428
82,187
111,172
97,224
110,188
108,277
46,286
116,199
105,172
101,414
53,443
82,143
111,194
97,220
110,186
108,324
46,323
116,201
105,186
101,396
53,410
82,165
111,206
97,199
110,190
108,295
46,275
116,179
105,173
101,313
53,392
82,193
111,164
97,219
110,181
108,317
46,350
116,187
105,181
101,326
53,415
82,160
111,203
97,236
110,187
108,336
46,304
116,208
105,338
101,448
53,387
82,180
111,222
97,172
110,187
108,314
46,276
116,195
105,152
101,312
53,486
82,189
111,318
97,240
110,320
108,298
46,326
116,160
105,175
101,292
53,414
82,159
111,201
97,183
110,203
108,329
46,286
116,218
105,181
101,496
53,434
82,215
111,157
97,217
110,173
108,290
46,330
116,199
105,171
101,446
53,459
82,314
111,204
97,214
110,217
108,336
46,328
116,190
105,193
101,342
53,403
82,230
111,153
97,230
110,199
108,297
46,272
116,193
105,769
101,1809
53,488
82,188
111,199
97,207
110,175
108,326
46,279
116,160
105,174
101,451
53,397
82,193
111,229
97,185
110,230
108,303
46,307
116,178
105,209
101,362
53,442
82,211
111,208
97,191
110,223
108,290
46,322
116,175
105,175
101,337
53,462
82,192
111,227
97,216
110,192
108,324
46,394
116,220
105,209
101,356
53,417
82,188
111,226
97,235
110,209
108,330
46,284
116,214
105,214
101,393
53,376
82,168
111,190
97,225
110,176
108,325
46,570
116,196
105,220
101,377
53,383
82,173
111,208
97,220
110,168
108,314
46,516
116,210
105,214
101,408
53,403
82,164
111,185
97,232
110,171
108,296
46,296
116,290
105,204
101,335
53,452
82,202
111,178
97,213
110,170
108,353
46,299
116,433
105,228
101,804
53,427
82,224
111,185
97,220
110,181
108,319
46,284
116,197
105,177
101,313
53,439
82,261
111,175
97,237
110,197
108,294
46,342
116,205
105,198
101,367
53,403
82,171
111,218
97,199
110,189
108,256
46,197
116,195
105,157
101,445
53,381
82,194
111,163
97,211
110,211
108,280
46,261
116,165
105,175
101,450
53,350
82,202
111,162
97,193
110,205
108,309
46,283
116,167
105,166
101,408
53,428
82,189
111,178
97,208
110,200
108,344
46,256
116,158
105,190
101,305
53,403
82,202
111,147
97,218
110,206
108,314
46,226
116,143
105,195
101,281
53,388
82,179
111,183
97,219
110,204
108,327
46,320
116,155
105,205
101,341
53,395
82,181
111,183
97,208
110,220
108,301
46,338
116,162
105,208
101,336
53,422
82,169
111,232
97,198
110,227
108,328
46,257
116,168
105,141
101,876
53,507
82,191
111,163
97,217
110,204
108,311
46,272
116,161
105,160
101,312
53,406
82,188
111,146
97,226
110,206
108,302
46,257
116,181
105,170
101,323
53,408
82,171
111,201
97,199
110,208
108,323
46,229
116,204
105,160
101,283
53,399
82,287
111,149
97,232
110,216
108,316
46,309
116,163
105,158
101,319
53,382
82,191
111,180
97,204
110,183
108,345
46,255
116,160
105,168
101,417
53,390
82,155
111,164
97,190
110,192
108,343
46,269
116,154
105,175
101,378
53,375
82,205
111,147
97,219
110,161
108,486
46,243
116,151
105,176
101,385
53,398
82,751
111,245
97,231
110,213
108,734
46,248
116,158
105,126
101,432
53,354
82,194
111,138
97,219
110,152
108,280
46,261
116,155
105,153
101,299
53,383
82,216
111,147
97,229
110,166
108,322
46,273
116,167
105,164
101,298
53,416
82,177
111,200
97,166
110,189
108,276
46,308
116,185
105,138
101,326
53,381
82,195
111,193
97,219
110,157
108,654
46,278
116,208
105,154
101,312
53,453
82,220
111,156
97,216
110,185
108,295
46,259
116,194
105,139
101,338
53,396
82,162
111,210
97,219
110,190
108,277
46,435
116,176
105,187
101,840
53,385
82,196
111,164
97,232
110,139
108,328
46,255
116,170
105,173
101,449
53,426
82,191
111,194
97,206
110,153
108,325
46,500
116,163
105,172
101,346
53,391
82,184
111,233
97,199
110,163
108,271
46,264
116,358
105,206
101,410
53,391
82,182
111,184
97,209
110,173
108,257
46,314
116,191
105,175
101,319
53,389
82,209
111,197
97,212
110,159
108,276
46,286
116,186
105,168
101,284
53,432
82,248
111,176
97,201
110,137
108,373
46,275
116,161
105,163
101,295
53,434
82,579
111,142
97,238
110,269
108,272
46,263
116,143
105,189
101,316
53,417
82,230
111,258
97,201
110,238
108,312
46,311
116,202
105,160
101,720
53,439
82,181
111,192
97,229
110,175
108,334
46,224
116,184
105,154
101,295
53,439
82,225
111,223
97,184
110,205
108,291
46,249
116,192
105,136
101,408
53,408
82,195
111,227
97,227
110,172
108,304
46,236
116,237
105,117
101,613
53,398
82,188
111,216
97,202
110,221
108,278
46,221
116,184
105,146
101,300
53,406
82,191
111,155
97,201
110,175
108,257
46,234
116,173
105,197
101,292
53,428
82,227
111,193
97,249
110,331
108,292
46,258
116,213
105,173
101,300
53,413
82,281
111,190
97,215
110,233
108,306
46,253
116,161
105,205
101,295
53,469
82,233
111,254
97,214
110,231
108,312
46,278
116,180
105,200
101,327
53,461
82,217
111,211
97,200
110,194
108,295
46,225
116,191
105,196
101,280
53,370
82,220
111,209
97,211
110,198
108,317
46,362
116,225
105,207
101,254
53,394
82,311
111,131
97,294
110,303
108,316
46,221
116,176
105,144
101,621
53,399
82,277
111,84
97,234
110,207
108,359
46,268
116,168
105,224
101,257
53,387
82,217
111,195
97,125
110,247
108,243
46,212
116,117
105,248
101,269
53,394
82,238
111,174
97,148
110,214
108,268
46,249
116,217
105,205
101,352
53,434
82,152
111,249
97,179
110,211
108,319
46,242
116,187
105,214
101,330
53,431
82,270
111,128
97,238
110,179
108,316
46,229
116,180
105,168
101,274
53,404
82,181
111,195
97,183
110,207
108,251
46,211
116,184
105,195
101,285
53,517
82,281
111,255
97,193
110,272
108,301
46,644
116,167
105,218
101,312
53,390
82,185
111,197
97,170
110,226
108,271
46,212
116,268
105,239
101,301
53,417
82,219
111,144
97,216
110,169
108,318
46,241
116,218
105,166
101,318
53,482
82,201
111,200
97,180
110,181
108,277
46,203
116,193
105,161
101,445
53,339
82,190
111,156
97,225
110,191
108,305
46,251
116,161
105,169
101,247
53,383
82,169
111,146
97,225
110,179
108,560
46,201
116,184
105,170
101,311
53,348
82,203
111,171
97,182
110,163
108,280
46,260
116,163
105,182
101,277
53,385
82,121
111,280
97,192
110,190
108,255
46,281
116,190
105,211
101,326
53,386
82,178
111,181
97,223
110,170
108,327
46,245
116,123
105,240
101,287
53,384
82,146
111,185
97,205
110,180
108,290
46,224
116,173
105,184
101,829
53,417
82,192
111,216
97,207
110,189
108,368
46,402
116,172
105,174
101,299
53,377
82,242
111,201
97,269
110,208
108,330
46,201
116,186
105,128
101,343
53,583
82,245
111,162
97,215
110,180
108,293
46,242
116,183
105,162
101,295
53,410
82,180
111,213
97,189
110,182
108,298
46,358
116,172
105,165
101,314
53,374
82,202
111,218
97,211
110,146
108,284
46,279
116,191
105,180
101,290
53,364
82,153
111,214
97,211
110,187
108,455
46,238
116,193
105,160
101,654
53,387
82,215
111,126
97,253
110,151
108,275
46,216
116,178
105,171
101,269
53,379
82,173
111,180
97,178
110,161
108,276
46,279
116,199
105,175
101,302
53,453
82,218
111,175
97,222
110,148
108,295
46,235
116,168
105,187
101,301
53,431
82,162
111,160
97,237
110,128
108,268
46,254
116,179
105,198
101,882
53,430
82,228
111,166
97,248
110,157
108,289
46,221
116,209
105,191
101,564
53,410
82,225
111,138
97,240
110,189
108,266
46,217
116,178
105,156
101,278
53,345
82,204
111,169
97,193
110,181
108,269
46,284
116,223
105,149
101,616
53,433
82,235
111,148
97,226
110,155
108,290
46,230
116,245
105,82
101,662
53,873
82,730
111,215
97,232
110,249
108,338
46,233
116,177
105,164
101,331
53,401
82,232
111,116
97,243
110,151
108,320
46,227
116,177
105,162
101,298
53,413
82,201
111,201
97,234
110,152
108,335
46,285
116,219
105,150
101,326
53,381
82,260
111,170
97,261
110,159
108,309
46,258
116,219
105,161
101,305
53,380
82,210
111,233
97,189
110,202
108,264
46,233
116,206
105,164
101,313
53,389
82,204
111,189
97,248
110,188
108,308
46,305
116,234
105,213
101,365
53,393
82,205
111,135
97,250
110,161
108,291
46,259
116,160
105,189
101,342
53,386
82,264
111,190
97,235
110,237
108,295
46,266
116,210
105,160
101,374
53,393
82,207
111,140
97,249
110,138
108,251
46,237
116,239
105,157
101,389
53,397
82,207
111,225
97,241
110,165
108,266
46,225
116,187
105,186
101,348
53,409
82,228
111,148
97,221
110,164
108,313
46,258
116,207
105,165
101,308
53,379
82,206
111,210
97,148
110,205
108,271
46,562
116,200
105,153
101,350
53,368
82,230
111,155
97,224
110,87
108,326
46,229
116,195
105,89
101,424
53,423
82,261
111,69
97,247
110,154
108,271
46,224
116,190
105,167
101,310
53,312
82,252
111,115
97,218
110,156
108,297
46,186
116,180
105,177
101,678
53,405
82,216
111,154
97,232
110,135
108,266
46,213
116,180
105,160
101,249
53,373
82,207
111,220
97,169
110,188
108,268
46,204
116,210
105,157
101,314
53,414
82,193
111,142
97,240
110,110
108,345
46,305
116,179
105,180
101,306
53,409
82,185
111,195
97,205
110,172
108,295
46,259
116,197
105,157
101,342
53,495
82,262
111,125
97,258
110,132
108,343
46,319
116,205
105,134
101,339
53,447
82,210
111,203
97,184
110,188
108,279
46,235
116,206
105,175
101,398
53,460
82,251
111,218
97,196
110,171
108,275
46,261
116,204
105,185
101,377
53,478
82,217
111,199
97,185
110,233
108,316
46,265
116,207
105,190
101,346
53,464
82,210
111,258
97,156
110,226
108,314
46,225
116,179
105,217
101,384
53,435
82,215
111,187
97,181
110,216
108,287
46,261
116,212
105,185
101,454
53,515
82,307
111,247
97,204
110,194
108,369
46,382
116,156
105,207
101,381
53,489
82,216
111,188
97,183
110,190
108,305
46,278
116,204
105,128
101,839
53,453
82,209
111,235
97,149
110,164
108,277
46,258
116,173
105,175
101,302
53,386
82,196
111,175
97,167
110,173
108,256
46,213
116,189
105,151
101,290
53,381
82,208
111,184
97,165
110,152
108,245
46,266
116,232
105,172
101,370
53,465
82,269
111,102
97,260
110,207
108,299
46,245
116,179
105,167
101,251
53,435
82,155
111,177
97,229
110,198
108,375
46,203
116,335
105,282
101,970
53,430
82,217
111,182
97,214
110,209
108,604
46,355
116,144
105,231
101,295
53,462
82,168
111,198
97,253
110,200
108,310
46,260
116,240
105,163
101,375
53,587
82,172
111,209
97,226
110,218
108,297
46,260
116,225
105,150
101,321
53,464
82,228
111,197
97,258
110,186
108,314
46,349
116,198
105,185
101,322
53,446
82,221
111,146
97,268
110,151
108,301
46,294
116,226
105,146
101,425
53,448
82,219
111,206
97,235
110,195
108,288
46,253
116,213
105,175
101,283
53,429
82,236
111,166
97,228
110,161
108,291
46,310
116,245
105,200
101,343
53,430
82,213
111,156
97,233
110,162
108,306
46,184
116,207
105,178
101,299
53,401
82,271
111,53
97,555
110,229
108,328
46,244
116,244
105,197
101,354
53,536
82,231
111,143
97,218
110,169
108,286
46,228
116,210
105,181
101,274
53,439
82,214
111,168
97,201
110,185
108,272
46,271
116,221
105,165
101,288
53,452
82,189
111,245
97,181
110,222
108,290
46,268
116,225
105,179
101,325
53,394
82,242
111,207
97,197
110,211
108,287
46,286
116,277
105,241
101,370
53,425
82,229
111,185
97,182
110,170
108,289
46,272
116,207
105,208
101,390
53,461
82,216
111,230
97,145
110,245
108,294
46,257
116,212
105,199
101,268
53,416
82,254
111,188
97,249
110,225
108,830
46,334
116,196
105,180
101,386
53,459
82,239
111,153
97,265
110,140
108,280
46,238
116,205
105,149
101,251
53,395
82,260
111,138
97,264
110,146
108,306
46,339
116,221
105,171
101,255
53,411
82,262
111,187
97,175
110,173
108,246
46,248
116,201
105,169
101,300
53,404
82,274
111,133
97,266
110,154
108,351
46,301
116,191
105,187
101,262
53,371
82,223
111,190
97,203
110,163
108,310
46,230
116,232
105,201
101,327
53,512
82,247
111,134
97,267
110,142
108,253
46,257
116,218
105,140
101,291
53,381
82,209
111,200
97,189
110,160
108,256
46,310
116,101
105,155
101,272
53,419
82,207
111,199
97,192
110,164
108,271
46,247
116,239
105,152
101,330
53,401
82,334
111,230
97,164
110,145
108,255
46,197
116,241
105,208
101,393
53,545
82,214
111,128
97,238
110,128
108,252
46,187
116,247
105,59
101,693
53,418
82,235
111,178
97,191
110,117
108,340
46,266
116,206
105,156
101,374
53,417
82,206
111,227
97,139
110,207
108,311
46,245
116,223
105,183
101,372
53,384
82,208
111,149
97,194
110,157
108,251
46,227
116,228
105,131
101,298
53,415
82,225
111,188
97,224
110,146
108,288
46,286
116,221
105,239
101,292
53,383
82,214
111,159
97,180
110,182
108,289
46,282
116,196
105,147
101,305
53,426
82,216
111,181
97,231
110,162
108,281
46,268
116,230
105,173
101,1327
53,431
82,219
111,139
97,239
110,177
108,289
46,192
116,201
105,195
101,327
53,389
82,232
111,128
97,238
110,199
108,258
46,217
116,229
105,159
101,307
53,407
82,239
111,174
97,216
110,171
108,304
46,255
116,210
105,170
101,274
53,392
82,239
111,251
97,216
110,235
108,340
46,321
116,456
105,165
101,885
53,438
82,220
111,187
97,216
110,114
108,284
46,200
116,180
105,132
101,289
53,393
82,203
111,235
97,160
110,157
108,272
46,233
116,161
105,189
101,274
53,379
82,216
111,213
97,157
110,189
108,245
46,191
116,173
105,208
101,294
53,394
82,251
111,188
97,164
110,198
108,268
46,230
116,208
105,157
101,312
53,474
82,355
111,194
97,218
110,133
108,298
46,274
116,201
105,175
101,272
53,367
82,249
111,182
97,210
110,155
108,297
46,239
116,215
105,162
101,300
53,364
82,224
111,198
97,190
110,151
108,259
46,212
116,205
105,179
101,288
53,463
82,274
111,226
97,182
110,186
108,283
46,283
116,183
105,171
101,289
53,407
82,284
111,231
97,216
110,185
108,267
46,209
116,190
105,175
101,276
53,408
82,438
111,250
97,198
110,348
108,286
46,278
116,220
105,201
101,320
53,393
82,285
111,185
97,215
110,120
108,301
46,232
116,196
105,204
101,332
53,395
82,229
111,160
97,222
110,131
108,274
46,353
116,141
105,178
101,335
53,468
82,183
111,162
97,212
110,191
108,306
46,219
116,146
105,168
101,275
53,387
82,179
111,170
97,207
110,184
108,276
46,191
116,172
105,160
101,308
53,377
82,200
111,132
97,187
110,175
108,263
46,247
116,167
105,190
101,301
53,384
82,200
111,194
97,138
110,170
108,254
46,267
116,143
105,209
101,287
53,371
82,199
111,211
97,175
110,190
108,287
46,196
116,193
105,132
101,283
53,401
82,238
111,166
97,219
110,161
108,273
46,200
116,157
105,192
101,311
53,470
82,224
111,253
97,166
110,194
108,284
46,195
116,138
105,172
101,310
53,792
82,252
111,211
97,187
110,191
108,260
46,486
116,134
105,158
101,308
53,384
82,241
111,162
97,206
110,175
108,275
46,252
116,189
105,162
101,249
53,374
82,235
111,182
97,203
110,171
108,270
46,241
116,190
105,164
101,258
53,376
82,523
111,244
97,192
110,243
108,275
46,194
116,166
105,206
101,296
53,410
82,238
111,219
97,218
110,170
108,233
46,195
116,207
105,223
101,287
53,581
82,244
111,208
97,236
110,169
108,262
46,246
116,151
105,215
101,264
53,442
82,243
111,252
97,131
110,287
108,367
46,241
116,184
105,131
101,288
53,369
82,241
111,167
97,198
110,205
108,283
46,196
116,167
105,183
101,248
53,343
82,248
111,138
97,239
110,214
108,273
46,196
116,168
105,231
101,268
53,368
82,283
111,167
97,199
110,193
108,349
46,318
116,164
105,168
101,217
53,373
82,256
111,245
97,157
110,196
108,258
46,251
116,188
105,161
101,282
53,416
82,248
111,255
97,121
110,297
108,264
46,277
116,192
105,141
101,368
53,403
82,249
111,135
97,357
110,250
108,260
46,300
116,204
105,203
101,319
53,378
82,285
111,185
97,215
110,190
108,339
46,411
116,237
105,168
101,337
53,386
82,273
111,207
97,226
110,205
108,309
46,227
116,169
105,239
101,290
53,396
82,263
111,254
97,208
110,275
108,494
46,222
116,151
105,144
101,273
53,338
82,273
111,117
97,268
110,171
108,237
46,217
116,175
105,183
101,268
53,344
82,241
111,145
97,230
110,209
108,260
46,197
116,182
105,195
101,264
53,334
82,222
111,200
97,209
110,184
108,283
46,201
116,172
105,152
101,273
53,335
82,250
111,195
97,227
110,175
108,295
46,238
116,189
105,161
101,298
53,418
82,540
111,210
97,245
110,239
108,282
46,206
116,199
105,204
101,285
53,378
82,258
111,269
97,233
110,213
108,304
46,320
116,190
105,152
101,280
53,420
82,260
111,231
97,190
110,157
108,296
46,260
116,181
105,246
101,377
53,382
82,199
111,227
97,182
110,187
108,329
46,210
116,208
105,164
101,287
53,382
82,229
111,259
97,180
110,211
108,294
46,194
116,191
105,159
101,322
53,442
82,314
111,231
97,166
110,180
108,254
46,246
116,187
105,176
101,505
53,387
82,242
111,190
97,196
110,179
108,274
46,178
116,203
105,176
101,270
53,350
82,273
111,127
97,262
110,204
108,332
46,245
116,221
105,182
101,277
53,393
82,416
111,187
97,175
110,220
108,253
46,248
116,185
105,185
101,319
53,416
82,254
111,195
97,239
110,102
108,254
46,197
116,209
105,188
101,298
53,395
82,263
111,173
97,232
110,185
108,294
46,238
116,198
105,204
101,305
53,402
82,263
111,230
97,229
110,181
108,247
46,196
116,201
105,206
101,371
53,789
82,313
111,266
97,183
110,224
108,301
46,198
116,176
105,198
101,287
53,414
82,255
111,224
97,159
110,168
108,266
46,217
116,206
105,195
101,332
53,380
82,232
111,245
97,134
110,233
108,272
46,324
116,196
105,185
101,282
53,369
82,236
111,234
97,218
110,183
108,325
46,272
116,230
105,308
101,385
53,405
82,245
111,170
97,227
110,175
108,259
46,250
116,252
105,171
101,328
53,353
82,235
111,188
97,219
110,180
108,272
46,213
116,192
105,213
101,293
53,362
82,224
111,224
97,154
110,215
108,283
46,227
116,180
105,226
101,305
53,387
82,255
111,260
97,191
110,210
108,304
46,371
116,196
105,235
101,361
53,361
82,192
111,241
97,237
110,114
108,297
46,205
116,206
105,183
101,278
53,344
82,263
111,218
97,234
110,224
108,321
46,225
116,168
105,248
101,369
53,406
82,261
111,177
97,236
110,189
108,283
46,227
116,162
105,127
101,404
53,355
82,192
111,137
97,252
110,196
108,265
46,214
116,182
105,145
101,241
53,375
82,178
111,172
97,224
110,166
108,286
46,190
116,171
105,193
101,255
53,390
82,187
111,202
97,208
110,165
108,304
46,210
116,180
105,190
101,281
53,374
82,218
111,138
97,240
110,178
108,294
46,225
116,226
105,175
101,598
53,368
82,176
111,202
97,201
110,170
108,293
46,243
116,173
105,166
101,305
53,373
82,179
111,158
97,192
110,198
108,268
46,214
116,175
105,157
101,250
53,348
82,225
111,135
97,250
110,162
108,360
46,180
116,187
105,161
101,211
53,367
82,240
111,152
97,233
110,158
108,305
46,173
116,181
105,133
101,255
53,413
82,210
111,197
97,209
110,158
108,242
46,239
116,172
105,147
101,231
53,389
82,203
111,182
97,200
110,163
108,281
46,244
116,155
105,164
101,337
53,375
82,230
111,101
97,247
110,154
108,286
46,233
116,172
105,121
101,248
53,368
82,207
111,163
97,185
110,157
108,261
46,216
116,332
105,339
101,398
53,385
82,192
111,171
97,216
110,165
108,258
46,205
116,186
105,134
101,295
53,381
82,201
111,175
97,197
110,170
108,254
46,189
116,176
105,161
101,235
53,379
82,204
111,176
97,207
110,135
108,229
46,188
116,164
105,220
101,247
53,429
82,240
111,159
97,209
110,166
108,248
46,269
116,163
105,170
101,270
53,392
82,239
111,159
97,224
110,116
108,270
46,216
116,181
105,177
101,292
53,459
82,409
111,231
97,194
110,170
108,244
46,208
116,202
105,141
101,228
53,357
82,229
111,147
97,261
110,136
108,304
46,199
116,213
105,161
101,280
53,382
82,245
111,212
97,173
110,136
108,252
46,272
116,172
105,149
101,250
53,366
82,204
111,215
97,197
110,138
108,263
46,201
116,174
105,119
101,247
53,399
82,224
111,148
97,220
110,174
108,276
46,228
116,242
105,129
101,501
53,443
82,164
111,198
97,206
110,151
108,265
46,190
116,180
105,184
101,227
53,346
82,193
111,182
97,220
110,128
108,272
46,235
116,102
105,201
101,696
53,346
82,180
111,234
97,180
110,156
108,277
46,244
116,138
105,169
101,201
53,342
82,198
111,176
97,208
110,158
108,253
46,198
116,217
105,159
101,237
53,363
82,250
111,149
97,232
110,159
108,282
46,200
116,195
105,120
101,247
53,545
82,235
111,247
97,148
110,203
108,241
46,209
116,204
105,117
101,256
53,380
82,215
111,168
97,217
110,158
108,243
46,219
116,187
105,179
101,254
53,404
82,308
111,185
97,208
110,145
108,243
46,188
116,148
105,161
101,404
53,342
82,215
111,178
97,203
110,143
108,248
46,201
116,202
105,151
101,248
53,356
82,221
111,183
97,174
110,172
108,208
46,196
116,171
105,174
101,253
53,377
82,213
111,174
97,188
110,164
108,250
46,243
116,209
105,161
101,261
53,380
82,195
111,215
97,182
110,122
108,265
46,262
116,198
105,69
101,420
53,710
82,304
111,41
97,318
110,392
108,343
46,459
116,162
105,193
101,369
53,360
82,226
111,109
97,236
110,155
108,237
46,287
116,207
105,151
101,658
53,392
82,191
111,158
97,208
110,164
108,256
46,209
116,186
105,153
101,281
53,408
82,237
111,182
97,204
110,152
108,276
46,222
116,208
105,161
101,275
53,412
82,254
111,181
97,186
110,128
108,250
46,217
116,196
105,210
101,276
53,392
82,199
111,225
97,177
110,190
108,278
46,256
116,204
105,159
101,398
53,351
82,197
111,141
97,225
110,114
108,270
46,222
116,189
105,186
101,279
53,369
82,220
111,192
97,197
110,158
108,258
46,279
116,220
105,219
101,393
53,380
82,195
111,201
97,210
110,194
108,298
46,287
116,179
105,188
101,257
53,377
82,182
111,213
97,178
110,154
108,295
46,255
116,193
105,175
101,331
53,355
82,181
111,176
97,162
110,148
108,292
46,303
116,158
105,184
101,328
53,402
82,220
111,206
97,196
110,143
108,335
46,164
116,220
105,176
101,465
53,379
82,168
111,159
97,204
110,184
108,305
46,224
116,194
105,162
101,347
53,494
82,239
111,168
97,196
110,143
108,270
46,227
116,540
105,160
101,393
53,395
82,190
111,176
97,207
110,178
108,285
46,345
116,176
105,189
101,312
53,386
82,193
111,212
97,189
110,149
108,232
