46,279
116,237
105,289
101,539
53,754
82,194
111,220
97,173
110,294
108,297
46,236
116,423
105,238
101,644
53,358
82,242
111,205
97,224
110,316
108,804
46,372
116,215
105,228
101,376
53,455
82,250
111,278
97,252
110,345
108,780
46,239
116,252
105,268
101,698
53,679
82,226
111,213
97,204
110,282
108,259
46,221
116,207
105,217
101,318
53,317
82,177
111,197
97,156
110,289
108,299
46,246
116,216
105,214
101,344
53,337
82,209
111,210
97,186
110,583
108,394
46,265
116,227
105,255
101,349
53,330
82,207
111,507
97,205
110,292
108,316
46,230
116,214
105,283
101,463
53,476
82,244
111,186
97,166
110,291
108,273
46,353
116,230
105,218
101,389
53,518
82,248
111,229
97,139
110,276
108,323
46,484
116,211
105,220
101,341
53,490
82,245
111,192
97,196
110,278
108,312
46,311
116,213
105,208
101,657
53,617
82,263
111,221
97,182
110,324
108,281
46,550
116,593
105,183
101,348
53,509
82,229
111,183
97,178
110,291
108,278
46,243
116,243
105,220
101,423
53,647
82,262
111,240
97,142
110,270
108,227
46,203
116,231
105,260
101,706
53,371
82,304
111,204
97,176
110,296
108,220
46,350
116,241
105,231
101,290
53,305
82,171
111,186
97,147
110,283
108,240
46,199
116,405
105,216
101,401
53,571
82,242
111,198
97,147
110,278
108,252
46,248
116,180
105,228
101,656
53,335
82,200
111,178
97,162
110,268
108,248
46,207
116,239
105,224
101,351
53,345
82,198
111,246
97,154
110,308
108,250
46,249
116,227
105,161
101,312
53,332
82,195
111,182
97,168
110,286
108,231
46,195
116,541
105,217
101,433
53,523
82,256
111,233
97,165
110,336
108,348
46,252
116,428
105,252
101,425
53,410
82,204
111,236
97,134
110,296
108,205
46,713
116,400
105,203
101,670
53,351
82,209
111,222
97,176
110,303
108,211
46,266
116,236
105,213
101,316
53,329
82,199
111,189
97,163
110,308
108,228
46,393
116,211
105,255
101,268
53,330
82,206
111,199
97,180
110,307
108,232
46,216
116,220
105,242
101,316
53,370
82,206
111,715
97,197
110,571
108,272
46,305
116,207
105,266
101,355
53,347
82,192
111,254
97,214
110,307
108,307
46,254
116,196
105,269
101,320
53,321
82,210
111,217
97,162
110,276
108,260
46,275
116,227
105,259
101,314
53,279
82,210
111,251
97,196
110,328
108,263
46,236
116,208
105,220
101,541
53,392
82,263
111,438
97,200
110,298
108,245
46,579
116,224
105,259
101,318
53,303
82,194
111,216
97,178
110,308
108,281
46,254
116,270
105,253
101,467
53,314
82,193
111,233
97,159
110,315
108,258
46,285
116,326
105,213
101,304
53,305
82,205
111,192
97,180
110,307
108,235
46,301
116,262
105,219
101,342
53,311
82,181
111,182
97,175
110,285
108,254
46,516
116,223
105,278
101,274
53,298
82,211
111,195
97,168
110,291
108,254
46,316
116,440
105,219
101,304
53,284
82,200
111,209
97,166
110,284
108,238
46,260
116,214
105,248
101,306
53,321
82,181
111,231
97,572
110,412
108,305
46,268
116,192
105,231
101,344
53,277
82,211
111,189
97,182
110,289
108,237
46,238
116,217
105,246
101,372
53,360
82,198
111,233
97,168
110,298
108,262
46,205
116,283
105,234
101,311
53,309
82,202
111,199
97,220
110,309
108,258
46,329
116,198
105,215
101,247
53,301
82,178
111,216
97,194
110,293
108,614
46,272
116,203
105,192
101,305
53,333
82,182
111,221
97,157
110,308
108,370
46,244
116,212
105,215
101,279
53,421
82,243
111,234
97,233
110,309
108,411
46,203
116,182
105,198
101,269
53,291
82,202
111,198
97,176
110,276
108,345
46,246
116,192
105,211
101,314
53,291
82,196
111,214
97,797
110,310
108,316
46,658
116,199
105,186
101,319
53,401
82,233
111,200
97,181
110,284
108,438
46,326
116,165
105,211
101,349
53,300
82,221
111,197
97,165
110,306
108,392
46,213
116,219
105,236
101,287
53,305
82,196
111,172
97,210
110,312
108,327
46,243
116,198
105,194
101,287
53,282
82,191
111,197
97,166
110,304
108,429
46,199
116,220
105,191
101,266
53,246
82,213
111,194
97,194
110,296
108,406
46,277
116,193
105,202
101,274
53,312
82,226
111,211
97,218
110,327
108,370
46,223
116,262
105,290
101,380
53,838
82,278
111,288
97,218
110,299
108,439
46,242
116,208
105,214
101,558
53,290
82,195
111,185
97,248
110,280
108,294
46,307
116,569
105,210
101,317
53,308
82,206
111,189
97,189
110,285
108,263
46,221
116,242
105,239
101,734
53,335
82,218
111,207
97,173
110,320
108,594
46,224
116,250
105,222
101,324
53,320
82,210
111,192
97,175
110,288
108,286
46,299
116,234
105,214
101,334
53,301
82,217
111,169
97,204
110,323
108,270
46,410
116,220
105,222
101,315
53,370
82,206
111,227
97,154
110,296
108,438
46,328
116,248
105,214
101,325
53,292
82,172
111,189
97,165
110,272
108,893
46,247
116,255
105,222
101,327
53,262
82,178
111,179
97,192
110,283
108,367
46,196
116,225
105,195
101,339
53,316
82,206
111,186
97,201
110,284
108,323
46,283
116,260
105,204
101,367
53,274
82,185
111,190
97,194
110,272
108,328
46,263
116,235
105,225
101,311
53,251
82,163
111,188
97,175
110,278
108,282
46,198
116,214
105,232
101,283
53,258
82,190
111,234
97,231
110,315
108,557
46,289
116,209
105,240
101,288
53,308
82,171
111,193
97,164
110,291
108,336
46,214
116,231
105,226
101,285
53,272
82,190
111,185
97,187
110,287
108,387
46,219
116,231
105,206
101,304
53,266
82,195
111,163
97,217
110,291
108,384
46,224
116,200
105,211
101,300
53,261
82,182
111,185
97,203
110,304
108,361
46,220
116,252
105,234
101,276
53,261
82,187
111,209
97,172
110,303
108,331
46,336
116,302
105,229
101,311
53,287
82,199
111,228
97,174
110,309
108,380
46,284
116,290
105,297
101,372
53,355
82,185
111,196
97,181
110,280
108,342
46,236
116,194
105,197
101,291
53,573
82,178
111,229
97,151
110,299
108,315
46,224
116,205
105,194
101,271
53,240
82,185
111,191
97,188
110,284
108,457
46,227
116,219
105,202
101,298
53,246
82,184
111,203
97,175
110,297
108,360
46,243
116,181
105,195
101,293
53,264
82,180
111,199
97,175
110,314
108,360
46,252
116,192
105,199
101,272
53,263
82,895
111,221
97,241
110,328
108,299
46,219
116,189
105,192
101,259
53,273
82,187
111,214
97,189
110,289
108,472
46,226
116,197
105,178
101,279
53,259
82,176
111,202
97,172
110,315
108,490
46,202
116,192
105,189
101,279
53,269
82,212
111,174
97,192
110,296
108,359
46,192
116,184
105,154
101,272
53,249
82,180
111,212
97,177
110,294
108,444
46,220
116,200
105,211
101,282
53,295
82,195
111,179
97,206
110,652
108,338
46,214
116,710
105,252
101,664
53,362
82,173
111,212
97,180
110,300
108,306
46,256
116,229
105,205
101,291
53,260
82,187
111,239
97,184
110,346
108,339
46,219
116,238
105,202
101,291
53,284
82,185
111,198
97,185
110,319
108,400
46,238
116,185
105,199
101,278
53,263
82,186
111,220
97,202
110,381
108,350
46,226
116,211
105,194
101,284
53,357
82,209
111,210
97,671
110,335
108,291
46,211
116,218
105,194
101,266
53,272
82,197
111,195
97,191
110,315
108,336
46,239
116,213
105,191
101,297
53,306
82,204
111,197
97,193
110,330
108,367
46,225
116,218
105,196
101,291
53,346
82,244
111,252
97,187
110,420
108,398
46,241
116,202
105,220
101,283
53,284
82,217
111,196
97,211
110,342
108,388
46,221
116,219
105,195
101,322
53,312
82,199
111,204
97,178
110,328
108,296
46,297
116,221
105,215
101,321
53,351
82,178
111,215
97,168
110,313
108,330
46,174
116,236
105,147
101,275
53,266
82,203
111,179
97,209
110,310
108,379
46,219
116,242
105,252
101,329
53,604
82,293
111,204
97,307
110,377
108,348
46,197
116,226
105,158
101,261
53,263
82,191
111,201
97,170
110,303
108,295
46,224
116,227
105,183
101,296
53,511
82,339
111,217
97,205
110,299
108,376
46,216
116,265
105,217
101,289
53,258
82,200
111,193
97,196
110,331
108,379
46,248
116,269
105,263
101,361
53,274
82,200
111,183
97,204
110,317
108,431
46,250
116,221
105,232
101,316
53,406
82,252
111,187
97,207
110,308
108,756
46,180
116,201
105,197
101,277
53,252
82,194
111,170
97,202
110,309
108,402
46,214
116,240
105,194
101,268
53,376
82,253
111,228
97,287
110,328
108,379
46,262
116,272
105,251
101,363
53,334
82,159
111,176
97,144
110,263
108,241
46,224
116,235
105,171
101,303
53,526
82,175
111,168
97,155
110,253
108,252
46,261
116,237
105,175
101,266
53,259
82,165
111,167
97,197
110,271
108,256
46,261
116,402
105,184
101,390
53,299
82,170
111,163
97,152
110,273
108,224
46,270
116,203
105,192
101,272
53,272
82,149
111,166
97,159
110,262
108,234
46,251
116,242
105,189
101,290
53,281
82,204
111,174
97,182
110,291
108,246
46,242
116,630
105,156
101,845
53,275
82,172
111,191
97,145
110,265
108,245
46,291
116,206
105,196
101,339
53,313
82,206
111,172
97,173
110,282
108,238
46,244
116,206
105,195
101,267
53,295
82,204
111,179
97,183
110,259
108,274
46,293
116,209
105,202
101,276
53,291
82,189
111,183
97,145
110,282
108,241
46,275
116,228
105,177
101,285
53,259
82,166
111,183
97,155
110,268
108,214
46,233
116,203
105,198
101,410
53,299
82,208
111,176
97,172
110,281
108,366
46,248
116,258
105,127
101,305
53,296
82,208
111,173
97,157
110,282
108,225
46,237
116,262
105,151
101,287
53,262
82,157
111,182
97,160
110,279
108,329
46,226
116,201
105,237
101,310
53,243
82,182
111,187
97,168
110,272
108,250
46,215
116,189
105,236
101,319
53,325
82,197
111,619
97,165
110,258
108,277
46,185
116,168
105,205
101,248
53,266
82,176
111,177
97,162
110,268
108,440
46,207
116,169
105,186
101,241
53,251
82,179
111,166
97,156
110,250
108,229
46,221
116,175
105,189
101,249
53,234
82,185
111,140
97,192
110,260
108,214
46,187
116,184
105,195
101,242
53,249
82,175
111,196
97,166
110,258
108,329
46,197
116,173
105,193
101,256
53,238
82,188
111,178
97,165
110,279
108,364
46,193
116,183
105,183
101,249
53,242
82,174
111,206
97,154
110,299
108,309
46,219
116,164
105,196
101,262
53,476
82,233
111,220
97,150
110,286
108,304
46,233
116,194
105,171
101,265
53,327
82,207
111,225
97,162
110,276
108,255
46,213
116,187
105,173
101,245
53,238
82,176
111,196
97,162
110,289
108,315
46,212
116,191
105,198
101,239
53,249
82,178
111,181
97,151
110,269
108,249
46,203
116,187
105,193
101,263
53,269
82,227
111,188
97,183
110,298
108,268
46,224
116,146
105,230
101,244
53,251
82,173
111,195
97,150
110,287
108,272
46,188
116,209
105,199
101,257
53,269
82,181
111,170
97,166
110,290
108,322
46,204
116,187
105,185
101,234
53,249
82,161
111,196
97,136
110,403
108,263
46,187
116,171
105,174
101,239
53,251
82,189
111,167
97,182
110,271
108,378
46,227
116,165
105,193
101,238
53,262
82,215
111,155
97,189
110,280
108,309
46,181
116,196
105,178
101,249
53,267
82,178
111,165
97,166
110,308
108,408
46,224
116,211
105,354
101,339
53,288
82,152
111,173
97,147
110,274
108,277
46,219
116,190
105,173
101,261
53,246
82,183
111,161
97,173
110,294
108,343
46,270
116,162
105,196
101,238
53,244
82,184
111,168
97,166
110,291
108,320
46,201
116,176
105,188
101,256
53,236
82,186
111,166
97,172
110,304
108,338
46,163
116,184
105,182
101,237
53,285
82,176
111,170
97,186
110,389
108,395
46,227
116,173
105,169
101,246
53,250
82,200
111,141
97,214
110,339
108,440
46,228
116,169
105,189
101,242
53,228
82,147
111,180
97,142
110,304
108,302
46,186
116,177
105,185
101,251
53,232
82,149
111,207
97,169
110,315
108,423
46,182
116,190
105,179
101,251
53,263
82,221
111,169
97,170
110,334
108,378
46,192
116,191
105,177
101,247
53,260
82,216
111,140
97,199
110,297
108,350
46,176
116,181
105,172
101,244
53,230
82,210
111,178
97,210
110,336
108,394
46,216
116,171
105,173
101,257
53,241
82,189
111,163
97,175
110,321
108,343
46,180
116,179
105,150
101,246
53,260
82,212
111,164
97,191
110,325
108,324
46,156
116,201
105,150
101,249
53,275
82,181
111,189
97,168
110,281
108,341
46,154
116,196
105,172
101,248
53,279
82,192
111,161
97,189
110,298
108,323
46,141
116,236
105,144
101,254
53,277
82,162
111,176
97,166
110,341
108,313
46,194
116,219
105,155
101,393
53,1217
82,282
111,172
97,152
110,272
108,290
46,233
116,247
105,223
101,373
53,323
82,190
111,209
97,152
110,1047
108,301
46,188
116,276
105,171
101,299
53,258
82,147
111,228
97,165
110,331
108,253
46,235
116,224
105,188
101,312
53,302
82,199
111,198
97,175
110,294
108,318
46,296
116,555
105,280
101,342
53,288
82,262
111,244
97,150
110,322
108,288
46,257
116,253
105,290
101,304
53,271
82,150
111,229
97,155
110,294
108,290
46,287
116,375
105,225
101,313
53,294
82,186
111,210
97,145
110,316
108,308
46,310
116,227
105,198
101,284
53,276
82,171
111,213
97,148
110,303
108,239
46,300
116,299
105,216
101,289
53,259
82,177
111,220
97,145
110,306
108,272
46,219
116,229
105,181
101,285
53,255
82,208
111,179
97,195
110,403
108,293
46,287
116,497
105,240
101,304
53,241
82,178
111,233
97,194
110,339
108,385
46,282
116,222
105,229
101,288
53,273
82,225
111,185
97,324
110,367
108,335
46,264
116,260
105,233
101,293
53,337
82,289
111,258
97,170
110,280
108,441
46,255
116,210
105,211
101,291
53,300
82,236
111,193
97,176
110,318
108,324
46,262
116,231
105,195
101,279
53,264
82,188
111,203
97,167
110,340
108,344
46,269
116,226
105,235
101,311
53,277
82,198
111,214
97,161
110,333
108,296
46,256
116,375
105,242
101,530
53,300
82,212
111,224
97,193
110,304
108,358
46,236
116,335
105,211
101,489
53,397
82,218
111,213
97,153
110,284
108,371
46,218
116,232
105,211
101,286
53,291
82,189
111,200
97,161
110,289
108,362
46,238
116,205
105,195
101,288
53,264
82,196
111,212
97,189
110,307
108,305
46,248
116,220
105,217
101,298
53,259
82,210
111,198
97,198
110,321
108,369
46,246
116,225
105,219
101,296
53,281
82,263
111,183
97,235
110,310
108,363
46,268
116,213
105,193
101,282
53,278
82,193
111,226
97,171
110,338
108,338
46,272
116,259
105,223
101,280
53,256
82,645
111,257
97,193
110,295
108,193
46,251
116,210
105,193
101,284
53,246
82,188
111,209
97,170
110,285
108,279
46,237
116,174
105,187
101,281
53,258
82,196
111,206
97,238
110,346
108,375
46,227
116,219
105,194
101,278
53,271
82,608
111,228
97,234
110,302
108,209
46,288
116,188
105,210
101,268
53,239
82,162
111,198
97,170
110,296
108,214
46,248
116,196
105,190
101,269
53,251
82,177
111,222
97,158
110,295
108,245
46,262
116,180
105,211
101,276
53,282
82,189
111,227
97,168
110,312
108,285
46,226
116,226
105,196
101,290
53,255
82,197
111,206
97,180
110,306
108,279
46,245
116,188
105,205
101,281
53,293
82,257
111,255
97,192
110,301
108,243
46,257
116,179
105,207
101,288
53,325
82,369
111,202
97,176
110,269
108,223
46,222
116,194
105,181
101,275
53,268
82,345
111,236
97,173
110,286
108,220
46,215
116,181
105,223
101,275
53,261
82,233
111,209
97,187
110,288
108,257
46,229
116,193
105,196
101,255
53,455
82,240
111,214
97,192
110,305
108,215
46,290
116,378
105,256
101,315
53,271
82,256
111,257
97,115
110,319
108,296
46,280
116,296
105,195
101,284
53,260
82,201
111,213
97,162
110,297
108,261
46,267
116,186
105,197
101,282
53,265
82,261
111,206
97,184
110,277
108,355
46,250
116,207
105,179
101,291
53,276
82,250
111,190
97,174
110,298
108,265
46,199
116,206
105,179
101,276
53,274
82,199
111,219
97,155
110,341
108,308
46,244
116,180
105,180
101,277
53,306
82,234
111,222
97,190
110,311
108,248
46,218
116,201
105,167
101,259
53,287
82,199
111,272
97,193
110,341
108,247
46,252
116,154
105,212
101,272
53,264
82,200
111,208
97,156
110,287
108,291
46,237
116,190
105,199
101,294
53,275
82,215
111,216
97,179
110,347
108,718
46,184
116,197
105,176
101,280
53,284
82,196
111,212
97,164
110,312
108,404
46,327
116,144
105,202
101,288
53,296
82,200
111,220
97,147
110,290
108,232
46,184
116,191
105,164
101,295
53,290
82,236
111,207
97,162
110,297
108,365
46,192
116,192
105,197
101,268
53,300
82,209
111,199
97,177
110,260
108,193
46,209
116,222
105,185
101,298
53,401
82,255
111,256
97,554
110,321
108,333
46,268
116,181
105,190
101,300
53,299
82,237
111,197
97,180
110,329
108,345
46,261
116,219
105,597
101,524
53,373
82,150
111,216
97,129
110,270
108,242
46,272
116,228
105,161
101,278
53,289
82,162
111,170
97,136
110,285
108,207
46,233
116,217
105,179
101,269
53,252
82,150
111,172
97,149
110,263
108,245
46,199
116,201
105,180
101,258
53,242
82,139
111,190
97,139
110,286
108,233
46,228
116,201
105,198
101,283
53,251
82,155
111,193
97,133
110,347
108,286
46,255
116,237
105,216
101,272
53,241
82,201
111,164
97,185
110,285
108,215
46,256
116,201
105,184
101,275
53,257
82,187
111,185
97,151
110,265
108,192
46,260
116,210
105,176
101,251
53,249
82,156
111,188
97,146
110,244
108,221
46,248
116,206
105,179
101,264
53,251
82,182
111,171
97,148
110,246
108,188
46,211
116,215
105,205
101,305
53,248
82,196
111,167
97,172
110,274
108,224
46,219
116,233
105,151
101,280
53,254
82,189
111,184
97,158
110,286
108,188
46,238
116,178
105,181
101,246
53,237
82,160
111,180
97,151
110,289
108,225
46,219
116,235
105,191
101,251
53,251
82,139
111,211
97,133
110,255
108,211
46,172
116,285
105,222
101,291
53,243
82,152
111,202
97,140
110,287
108,205
46,311
116,179
105,202
101,477
53,369
82,210
111,214
97,193
110,275
108,163
46,220
116,144
105,192
101,241
53,250
82,164
111,183
97,149
110,279
108,236
46,214
116,215
105,161
101,268
53,256
82,170
111,196
97,151
110,286
108,242
46,210
116,253
105,104
101,322
53,249
82,187
111,176
97,173
110,273
108,205
46,223
116,179
105,195
101,242
53,256
82,196
111,157
97,192
110,248
108,221
46,182
116,200
105,204
101,251
53,271
82,166
111,179
97,189
110,280
108,173
46,283
116,172
105,182
101,230
53,253
82,171
111,197
97,144
110,281
108,219
46,212
116,226
105,193
101,270
53,309
82,185
111,185
97,140
110,257
108,193
46,166
116,199
105,175
101,243
53,252
82,150
111,208
97,129
110,242
108,218
46,196
116,208
105,162
101,241
53,243
82,198
111,162
97,179
110,254
108,226
46,185
116,164
105,169
101,253
53,260
82,162
111,199
97,160
110,269
108,210
46,184
116,213
105,139
101,265
53,247
82,152
111,204
97,138
110,236
108,255
46,200
116,172
105,190
101,234
53,250
82,173
111,181
97,155
110,243
108,286
46,214
116,163
105,214
101,254
53,253
82,195
111,160
97,179
110,266
108,233
46,187
116,174
105,162
101,235
53,250
82,197
111,183
97,154
110,258
108,219
46,192
116,194
105,146
101,240
53,253
82,146
111,193
97,145
110,260
108,200
46,139
116,223
105,138
101,263
53,316
82,365
111,239
97,142
110,260
108,180
46,202
116,193
105,164
101,232
53,254
82,206
111,171
97,160
110,243
108,294
46,194
116,213
105,178
101,242
53,229
82,160
111,181
97,156
110,258
108,257
46,177
116,165
105,149
101,231
53,253
82,180
111,169
97,159
110,254
108,364
46,190
116,169
105,177
101,241
53,267
82,187
111,173
97,169
110,266
108,237
46,223
116,186
105,193
101,244
53,261
82,223
111,157
97,167
110,268
108,219
46,185
116,190
105,162
101,242
53,287
82,232
111,167
97,244
110,307
108,259
46,208
116,183
105,179
101,252
53,256
82,158
111,212
97,146
110,308
108,238
46,211
116,227
105,161
101,276
53,246
82,206
111,210
97,526
110,279
108,340
46,209
116,168
105,167
101,242
53,265
82,153
111,210
97,135
110,265
108,255
46,215
116,174
105,168
101,235
53,285
82,215
111,187
97,157
110,274
108,217
46,215
116,130
105,199
101,243
53,267
82,165
111,196
97,162
110,273
108,248
46,227
116,171
105,182
101,232
53,274
82,200
111,184
97,159
110,281
108,255
46,165
116,218
105,190
101,262
53,346
82,305
111,291
97,170
110,301
108,212
46,216
116,182
105,178
101,258
53,258
82,254
111,114
97,285
110,291
108,408
46,189
116,213
105,158
101,280
53,259
82,182
111,209
97,159
110,279
108,226
46,206
116,200
105,150
101,294
53,236
82,221
111,206
97,164
110,292
108,289
46,190
116,232
105,176
101,277
53,274
82,219
111,200
97,153
110,299
108,264
46,231
116,212
105,179
101,252
53,258
82,200
111,169
97,175
110,312
108,311
46,192
116,190
105,192
101,264
53,272
82,191
111,209
97,150
110,305
108,286
46,220
116,198
105,210
101,338
53,260
82,137
111,214
97,122
110,266
108,238
46,238
116,199
105,226
101,294
53,245
82,119
111,207
97,131
110,276
108,238
46,274
116,191
105,237
101,302
53,250
82,139
111,180
97,144
110,282
108,228
46,265
116,194
105,201
101,267
53,261
82,154
111,172
97,157
110,267
108,214
46,306
116,158
105,200
101,386
53,260
82,133
111,230
97,109
110,335
108,226
46,216
116,164
105,188
101,263
53,237
82,132
111,232
97,121
110,288
108,228
46,243
116,166
105,172
101,241
53,224
82,124
111,201
97,148
110,264
108,221
46,338
116,197
105,193
101,259
53,308
82,212
111,221
97,173
110,288
108,229
46,257
116,190
105,171
101,286
53,232
82,150
111,210
97,158
110,285
108,214
46,246
116,192
105,194
101,273
53,243
82,127
111,224
97,163
110,307
108,229
46,289
116,215
105,185
101,275
53,238
82,193
111,199
97,159
110,276
108,254
46,256
116,167
105,206
101,295
53,261
82,148
111,228
97,118
110,310
108,271
46,227
116,201
105,165
101,279
53,255
82,149
111,208
97,151
110,304
108,234
46,268
116,200
105,182
101,269
53,255
82,138
111,224
97,193
110,313
108,280
46,227
116,211
105,124
101,315
53,236
82,167
111,276
97,176
110,322
108,355
46,262
116,170
105,200
101,309
53,263
82,165
111,188
97,149
110,280
108,309
46,281
116,163
105,217
101,259
53,250
82,164
111,169
97,152
110,294
108,274
46,164
116,193
105,158
101,256
53,235
82,149
111,209
97,167
110,309
108,359
46,221
116,205
105,168
101,247
53,261
82,157
111,194
97,160
110,266
108,268
46,232
116,178
105,168
101,245
53,242
82,236
111,230
97,159
110,283
108,321
46,227
116,180
105,191
101,257
53,239
82,160
111,219
97,140
110,350
108,372
46,209
116,154
105,177
101,245
53,247
82,160
111,206
97,144
110,291
108,279
46,219
116,195
105,164
101,1102
53,416
82,180
111,182
97,154
110,292
108,268
46,187
116,172
105,168
101,258
53,258
82,175
111,183
97,160
110,304
108,391
46,221
116,164
105,181
101,272
53,303
82,190
111,203
97,154
110,269
108,352
46,257
116,186
105,179
101,265
53,286
82,158
111,205
97,154
110,298
108,294
46,217
116,149
105,187
101,236
53,252
82,164
111,194
97,174
110,529
108,244
46,205
116,182
105,206
101,262
53,251
82,133
111,217
97,149
110,322
108,309
46,240
116,170
105,195
101,254
53,251
82,169
111,198
97,155
110,301
108,318
46,200
116,172
105,178
101,249
53,267
82,169
111,209
97,145
110,291
108,274
46,213
116,181
105,201
101,300
53,689
82,201
111,193
97,154
110,288
108,323
46,221
116,163
105,191
101,256
53,233
82,144
111,217
97,155
110,293
108,274
46,228
116,163
105,195
101,260
53,278
82,177
111,197
97,151
110,314
108,288
46,229
116,156
105,173
101,262
53,252
82,188
111,178
97,180
110,311
108,296
46,223
116,166
105,170
101,250
53,251
82,161
111,183
97,165
110,301
108,335
46,264
116,209
105,176
101,251
53,258
82,191
111,178
97,172
110,308
108,277
46,231
116,181
105,167
101,253
53,252
82,153
111,199
97,165
110,303
108,261
46,262
116,177
105,182
101,251
53,263
82,193
111,193
97,181
110,297
108,292
46,218
116,169
105,186
101,242
53,259
82,188
111,196
97,165
110,399
108,295
46,219
116,170
105,200
101,250
53,252
82,213
111,204
97,170
110,331
108,248
46,227
116,174
105,184
101,247
53,260
82,219
111,170
97,183
110,304
108,285
46,201
116,189
105,176
101,253
53,250
82,175
111,177
97,191
110,309
108,268
46,228
116,177
105,156
101,244
53,252
82,186
111,194
97,161
110,319
108,246
46,201
116,182
105,168
101,242
53,256
82,188
111,180
97,168
110,298
108,292
46,198
116,195
105,187
101,248
53,258
82,157
111,238
97,135
110,301
108,284
46,207
116,168
105,194
101,288
53,259
82,179
111,187
97,181
110,325
108,285
46,232
116,195
105,188
101,270
53,275
82,163
111,218
97,154
110,339
108,305
46,245
116,215
105,157
101,284
53,272
82,170
111,214
97,159
110,284
108,248
46,190
116,199
105,151
101,260
53,241
82,143
111,205
97,145
110,302
108,277
46,182
116,246
105,155
101,288
53,318
82,161
111,282
97,518
110,325
108,313
46,225
116,214
105,181
101,299
53,276
82,170
111,184
97,148
110,293
108,232
46,214
116,202
105,223
101,289
53,242
82,157
111,219
97,151
110,287
108,234
46,219
116,179
105,182
101,254
53,249
82,171
111,222
97,128
110,296
108,202
46,223
116,168
105,198
101,272
53,255
82,171
111,211
97,136
110,304
108,230
46,199
116,161
105,192
101,245
53,245
82,160
111,215
97,145
110,285
108,227
46,232
116,188
105,190
101,292
53,265
82,171
111,191
97,187
110,315
108,405
46,119
116,215
105,190
101,289
53,276
82,169
111,195
97,189
110,288
108,369
46,266
116,194
105,199
101,286
53,283
82,210
111,178
97,184
110,286
108,261
46,236
116,152
105,204
101,279
53,268
82,174
111,203
97,147
110,327
108,267
46,200
116,194
105,199
101,250
53,265
82,181
111,222
97,135
110,298
108,296
46,226
116,175
105,182
101,261
53,265
82,161
111,222
97,127
110,315
108,241
46,214
116,183
105,187
101,267
53,252
82,189
111,170
97,212
110,298
108,265
46,278
116,167
105,224
101,245
53,271
82,165
111,211
97,156
110,295
108,276
46,182
116,186
105,170
101,271
53,270
82,198
111,214
97,161
110,333
108,298
46,256
116,537
105,198
101,321
53,319
82,193
111,585
97,179
110,289
108,245
46,229
116,155
105,223
101,252
53,259
82,168
111,219
97,155
110,307
108,251
46,184
116,219
105,201
101,281
53,362
82,202
111,308
97,153
110,330
108,227
46,202
116,192
105,199
101,276
53,297
82,441
111,277
97,162
110,299
108,207
46,185
116,213
105,219
101,289
53,309
82,180
111,307
97,180
110,320
108,242
46,246
116,172
105,253
101,305
53,340
82,210
111,270
97,150
110,278
108,208
46,183
116,212
105,202
101,268
53,305
82,201
111,231
97,213
110,301
108,209
46,166
116,207
105,197
101,257
53,312
82,233
111,248
97,176
110,280
108,318
46,220
116,167
105,186
101,268
53,309
82,197
111,223
97,155
110,289
108,247
46,241
116,227
105,212
101,279
53,317
82,225
111,194
97,164
110,281
108,247
46,218
116,195
105,197
101,290
53,290
82,202
111,206
97,172
110,290
108,235
46,243
116,195
105,207
101,266
53,284
82,277
111,193
97,241
110,306
108,258
46,203
116,187
105,195
101,266
53,296
82,168
111,232
97,134
110,303
108,214
46,223
116,171
105,202
101,276
53,294
82,176
111,245
97,196
110,283
108,207
46,214
116,191
105,193
101,256
53,287
82,188
111,247
97,165
110,283
108,212
46,190
116,162
105,185
101,266
53,350
82,266
111,208
97,174
110,301
108,212
46,249
116,178
105,188
101,276
53,323
82,177
111,255
97,134
110,283
108,209
46,303
116,212
105,197
101,283
53,263
82,187
111,198
97,186
110,267
108,252
46,185
116,168
105,191
101,266
53,260
82,167
111,194
97,151
110,314
108,365
46,527
116,172
105,216
101,265
53,244
82,177
111,207
97,161
110,318
108,235
46,301
116,180
105,290
101,320
53,330
82,168
111,236
97,138
110,318
108,228
46,247
116,177
105,223
101,283
53,321
82,218
111,242
97,141
110,279
108,230
46,297
116,204
105,213
101,295
53,308
82,157
111,247
97,173
110,301
108,226
46,257
116,162
105,219
101,285
53,290
82,173
111,254
97,172
110,319
108,251
46,200
116,286
105,207
101,271
53,293
82,165
111,239
97,128
110,313
108,215
46,193
116,243
105,88
101,485
53,424
82,172
111,223
97,145
110,299
108,294
46,355
116,219
105,181
101,295
53,313
82,232
111,229
97,163
110,301
108,185
46,206
116,184
105,194
101,282
53,290
82,145
111,285
97,180
110,274
108,322
46,212
116,198
105,191
101,271
53,286
82,176
111,224
97,152
110,304
108,218
46,213
116,208
105,213
101,286
53,325
82,183
111,221
97,134
110,319
108,229
46,199
116,201
105,173
101,280
53,286
82,194
111,221
97,179
110,332
108,234
46,199
116,184
105,205
101,262
53,269
82,171
111,197
97,177
110,311
108,254
46,198
116,195
105,188
101,243
53,322
82,202
111,186
97,182
110,304
108,241
46,208
116,190
105,194
101,286
53,272
82,195
111,219
97,165
110,300
108,303
46,192
116,216
105,190
101,277
53,272
82,223
111,159
97,203
110,320
108,322
46,157
116,204
105,159
101,277
53,289
82,170
111,231
97,128
110,406
108,373
46,258
116,177
105,197
101,274
53,251
82,170
111,188
97,153
110,272
108,592
46,294
116,184
105,192
101,284
53,284
82,171
111,196
97,148
110,301
108,232
46,244
116,132
105,191
101,266
53,300
82,164
111,190
97,173
110,320
108,223
46,242
116,178
105,179
101,245
53,248
82,136
111,227
97,149
110,288
108,235
46,279
116,204
105,201
101,266
53,249
82,170
111,199
97,175
110,293
108,235
46,188
116,210
105,143
101,255
53,264
82,165
111,204
97,198
110,293
108,291
46,232
116,149
105,191
101,254
53,249
82,132
111,231
97,159
110,295
108,228
46,228
116,176
105,188
101,254
53,264
82,170
111,194
97,157
110,322
108,323
46,210
116,187
105,155
101,249
53,267
82,157
111,213
97,178
110,349
108,355
46,259
116,162
105,209
101,260
53,257
82,202
111,178
97,194
110,327
108,284
46,230
116,154
105,190
101,273
53,302
82,248
111,222
97,149
110,305
108,230
46,279
116,164
105,185
101,256
53,251
82,200
111,150
97,223
110,322
108,264
46,287
116,178
105,198
101,265
53,254
82,181
111,200
97,182
110,312
108,268
46,202
116,196
105,192
101,253
53,255
82,187
111,198
97,164
110,332
108,316
46,205
116,230
105,133
101,231
53,263
82,181
111,199
97,183
110,309
108,286
46,184
116,188
105,160
101,266
53,254
82,187
111,182
97,217
110,330
108,257
46,164
116,212
105,190
101,261
53,446
82,211
111,207
97,172
110,297
108,266
46,180
116,213
105,156
101,271
53,320
82,216
111,158
97,216
110,296
108,259
46,229
116,201
105,180
101,315
53,291
82,172
111,219
97,155
110,307
108,232
46,197
116,205
105,185
101,276
53,307
82,220
111,189
97,185
110,293
108,242
46,213
116,221
105,187
101,294
53,309
82,171
111,216
97,166
110,308
108,298
46,209
116,185
105,198
101,260
53,290
82,180
111,223
97,153
110,288
108,232
46,188
116,207
105,189
101,259
53,286
82,169
111,227
97,143
110,306
108,239
46,205
116,187
105,209
101,267
53,298
82,155
111,272
97,208
110,244
108,339
46,173
116,201
105,182
101,273
53,279
82,217
111,190
97,197
110,315
108,227
46,233
116,165
105,203
101,279
53,569
82,235
111,223
97,155
110,276
108,258
46,269
116,179
105,214
101,283
53,311
82,171
111,245
97,148
110,320
108,205
46,185
116,193
105,204
101,269
53,305
82,187
111,211
97,197
110,315
108,196
46,184
116,211
105,195
101,295
53,298
82,179
111,191
97,187
110,325
108,223
46,198
116,189
105,210
101,283
53,284
82,211
111,141
97,247
110,300
108,246
46,212
116,196
105,212
101,243
53,286
82,179
111,206
97,192
110,297
108,213
46,271
116,152
105,233
101,263
53,272
82,191
111,168
97,213
110,295
108,334
46,217
116,180
105,190
101,287
53,302
82,184
111,222
97,168
110,315
108,223
46,226
116,172
105,173
101,270
53,328
82,229
111,174
97,201
110,307
108,307
46,250
116,167
105,237
101,299
53,293
82,219
111,170
97,216
110,344
108,230
46,252
116,177
105,257
101,294
53,318
82,225
111,202
97,212
110,330
108,230
46,212
116,199
105,224
101,284
53,286
82,208
111,205
97,227
110,328
108,222
46,222
116,175
105,221
101,284
53,304
82,227
111,202
97,211
110,336
108,231
46,243
116,187
105,183
101,279
53,292
82,198
111,217
97,191
110,322
108,232
46,194
116,197
105,189
101,266
53,297
82,207
111,232
97,188
110,305
108,199
46,241
116,165
105,220
101,279
53,287
82,187
111,213
97,183
110,324
108,207
46,220
116,195
105,232
101,304
53,306
82,176
111,247
97,194
110,329
108,193
46,211
116,239
105,181
101,273
53,289
82,217
111,225
97,188
110,317
108,228
46,266
116,204
105,211
101,277
53,307
82,208
111,178
97,215
110,400
108,240
46,217
116,217
105,311
101,354
53,359
82,172
111,244
97,180
110,320
108,188
46,229
116,163
105,241
101,287
53,337
82,217
111,241
97,198
110,308
108,279
46,228
116,214
105,210
101,291
53,323
82,195
111,214
97,209
110,338
108,205
46,209
116,192
105,220
101,299
53,325
82,243
111,243
97,162
110,325
108,278
46,243
116,199
105,251
101,289
53,343
82,211
111,217
97,209
110,333
108,224
46,196
116,206
105,227
101,278
53,304
82,192
111,226
97,194
110,343
108,261
