368,47
209,17
248,34
819,14
624,23
458,56
301,15
431,31
299,0
344,45
45,36
229,47
355,17
261,34
619,14
492,23
320,56
337,15
272,31
281,0
254,45
72,36
289,47
299,17
213,34
505,14
509,23
320,56
163,15
325,31
236,0
429,45
131,36
255,47
200,17
231,34
665,14
685,23
370,56
209,15
391,31
242,0
471,45
65,36
289,47
221,17
264,34
1408,14
903,23
373,56
340,15
241,31
285,0
429,45
114,36
403,47
211,17
921,34
364,14
687,23
302,56
184,15
276,31
249,0
344,45
100,36
320,47
334,17
235,34
550,14
499,23
318,56
188,15
274,31
260,0
1493,45
113,36
260,47
271,17
761,34
657,14
485,23
315,56
231,15
268,31
213,0
348,45
80,36
305,47
222,17
244,34
546,14
785,23
324,56
340,15
232,31
252,0
664,45
133,36
320,47
332,17
599,34
520,14
552,23
322,56
150,15
351,31
401,0
399,45
113,36
221,47
238,17
1085,34
397,14
707,23
353,56
257,15
231,31
266,0
370,45
130,36
347,47
175,17
267,34
834,14
633,23
364,56
212,15
236,31
205,0
337,45
127,36
352,47
204,17
261,34
562,14
503,23
346,56
280,15
199,31
266,0
305,45
98,36
399,47
511,17
239,34
1060,14
771,23
272,56
199,15
268,31
247,0
301,45
106,36
357,47
226,17
196,34
677,14
521,23
319,56
184,15
319,31
166,0
655,45
150,36
445,47
218,17
192,34
659,14
482,23
303,56
177,15
272,31
222,0
271,45
141,36
250,47
251,17
217,34
553,14
483,23
563,56
184,15
279,31
241,0
268,45
148,36
299,47
236,17
267,34
1062,14
571,23
336,56
175,15
258,31
212,0
274,45
118,36
282,47
300,17
192,34
453,14
669,23
374,56
236,15
267,31
183,0
367,45
59,36
239,47
238,17
262,34
449,14
568,23
402,56
163,15
300,31
236,0
247,45
149,36
437,47
243,17
266,34
939,14
459,23
294,56
173,15
291,31
221,0
455,45
154,36
274,47
255,17
252,34
694,14
502,23
351,56
187,15
311,31
236,0
374,45
46,36
353,47
287,17
256,34
590,14
400,23
306,56
142,15
306,31
221,0
298,45
134,36
307,47
377,17
209,34
589,14
587,23
303,56
225,15
279,31
189,0
764,45
113,36
302,47
283,17
232,34
620,14
571,23
333,56
185,15
318,31
181,0
976,45
151,36
335,47
385,17
177,34
556,14
521,23
337,56
181,15
275,31
202,0
375,45
161,36
305,47
297,17
194,34
533,14
499,23
334,56
213,15
255,31
179,0
560,45
187,36
374,47
245,17
242,34
482,14
578,23
338,56
183,15
296,31
168,0
450,45
119,36
516,47
620,17
287,34
512,14
578,23
300,56
198,15
280,31
165,0
345,45
140,36
204,47
336,17
186,34
707,14
723,23
295,56
229,15
279,31
169,0
367,45
140,36
239,47
234,17
230,34
486,14
591,23
288,56
170,15
270,31
174,0
812,45
141,36
348,47
228,17
237,34
298,14
554,23
288,56
154,15
295,31
172,0
516,45
164,36
308,47
316,17
222,34
669,14
663,23
326,56
559,15
334,31
186,0
293,45
187,36
566,47
500,17
173,34
619,14
513,23
298,56
242,15
329,31
170,0
510,45
155,36
299,47
240,17
256,34
370,14
583,23
301,56
210,15
255,31
211,0
318,45
179,36
294,47
275,17
234,34
653,14
503,23
366,56
190,15
279,31
118,0
299,45
169,36
300,47
321,17
266,34
500,14
539,23
290,56
200,15
296,31
143,0
357,45
175,36
347,47
290,17
213,34
506,14
606,23
303,56
203,15
269,31
139,0
374,45
130,36
293,47
285,17
205,34
938,14
613,23
283,56
202,15
307,31
116,0
380,45
93,36
311,47
285,17
251,34
903,14
590,23
313,56
197,15
267,31
168,0
350,45
167,36
294,47
252,17
232,34
742,14
573,23
314,56
144,15
306,31
134,0
292,45
172,36
385,47
417,17
175,34
533,14
569,23
420,56
163,15
331,31
101,0
304,45
172,36
372,47
253,17
208,34
532,14
603,23
310,56
167,15
311,31
88,0
363,45
139,36
462,47
270,17
264,34
440,14
589,23
400,56
176,15
288,31
123,0
260,45
167,36
287,47
275,17
237,34
648,14
741,23
316,56
207,15
270,31
146,0
314,45
157,36
323,47
248,17
254,34
414,14
599,23
319,56
241,15
288,31
102,0
351,45
133,36
425,47
363,17
195,34
488,14
515,23
401,56
197,15
273,31
132,0
311,45
173,36
249,47
333,17
272,34
563,14
718,23
304,56
508,15
344,31
150,0
322,45
159,36
283,47
254,17
235,34
488,14
605,23
357,56
181,15
300,31
95,0
295,45
146,36
277,47
295,17
250,34
607,14
601,23
354,56
268,15
254,31
116,0
349,45
128,36
412,47
237,17
218,34
1173,14
676,23
565,56
258,15
438,31
205,0
261,45
92,36
243,47
251,17
214,34
454,14
411,23
295,56
179,15
268,31
172,0
307,45
108,36
214,47
265,17
170,34
440,14
405,23
367,56
156,15
256,31
203,0
306,45
138,36
206,47
301,17
310,34
395,14
483,23
327,56
196,15
233,31
183,0
255,45
154,36
187,47
273,17
197,34
378,14
523,23
548,56
206,15
215,31
232,0
262,45
125,36
239,47
315,17
176,34
475,14
462,23
353,56
217,15
233,31
163,0
238,45
99,36
251,47
268,17
177,34
373,14
477,23
414,56
253,15
255,31
255,0
253,45
143,36
296,47
267,17
234,34
455,14
471,23
366,56
232,15
262,31
191,0
463,45
120,36
268,47
183,17
232,34
340,14
429,23
292,56
192,15
203,31
159,0
259,45
94,36
197,47
246,17
209,34
369,14
479,23
333,56
190,15
246,31
170,0
253,45
85,36
204,47
236,17
190,34
393,14
464,23
373,56
262,15
220,31
241,0
252,45
24,36
185,47
234,17
169,34
357,14
509,23
322,56
170,15
308,31
159,0
206,45
129,36
203,47
214,17
182,34
473,14
535,23
395,56
192,15
240,31
146,0
223,45
109,36
302,47
552,17
173,34
365,14
578,23
314,56
231,15
230,31
438,0
372,45
154,36
204,47
440,17
212,34
392,14
478,23
336,56
258,15
252,31
159,0
170,45
153,36
259,47
270,17
201,34
315,14
479,23
350,56
187,15
299,31
153,0
252,45
138,36
242,47
238,17
226,34
328,14
461,23
399,56
237,15
245,31
165,0
325,45
114,36
325,47
148,17
298,34
401,14
537,23
454,56
213,15
327,31
122,0
314,45
76,36
293,47
249,17
258,34
321,14
512,23
309,56
222,15
243,31
186,0
172,45
165,36
269,47
245,17
193,34
338,14
469,23
368,56
227,15
233,31
145,0
252,45
178,36
277,47
296,17
227,34
330,14
473,23
326,56
232,15
226,31
135,0
369,45
129,36
269,47
263,17
199,34
287,14
561,23
444,56
211,15
285,31
148,0
189,45
126,36
262,47
320,17
256,34
392,14
510,23
343,56
221,15
193,31
147,0
343,45
131,36
352,47
359,17
281,34
386,14
466,23
313,56
223,15
209,31
102,0
363,45
155,36
225,47
242,17
250,34
379,14
469,23
294,56
261,15
186,31
145,0
281,45
132,36
518,47
305,17
303,34
367,14
489,23
354,56
408,15
281,31
190,0
256,45
95,36
327,47
317,17
144,34
441,14
519,23
314,56
201,15
266,31
136,0
229,45
143,36
538,47
329,17
279,34
293,14
414,23
350,56
190,15
203,31
192,0
242,45
116,36
267,47
274,17
231,34
310,14
450,23
320,56
400,15
221,31
211,0
624,45
147,36
256,47
233,17
208,34
318,14
464,23
325,56
275,15
251,31
145,0
228,45
134,36
272,47
268,17
283,34
304,14
444,23
308,56
240,15
217,31
171,0
211,45
142,36
260,47
312,17
237,34
310,14
426,23
348,56
224,15
261,31
125,0
166,45
126,36
267,47
304,17
150,34
380,14
497,23
364,56
306,15
287,31
188,0
218,45
106,36
248,47
328,17
256,34
297,14
433,23
308,56
253,15
237,31
204,0
168,45
122,36
315,47
339,17
274,34
311,14
387,23
388,56
247,15
226,31
144,0
219,45
139,36
226,47
292,17
279,34
311,14
365,23
392,56
247,15
252,31
203,0
134,45
156,36
303,47
264,17
232,34
333,14
436,23
345,56
197,15
305,31
436,0
337,45
176,36
250,47
262,17
337,34
256,14
460,23
310,56
187,15
364,31
222,0
367,45
98,36
300,47
250,17
208,34
332,14
425,23
454,56
257,15
261,31
156,0
247,45
142,36
283,47
305,17
115,34
369,14
414,23
383,56
275,15
249,31
182,0
237,45
116,36
187,47
253,17
199,34
290,14
399,23
366,56
293,15
274,31
226,0
196,45
97,36
277,47
357,17
287,34
338,14
407,23
430,56
289,15
263,31
207,0
249,45
139,36
236,47
336,17
262,34
372,14
419,23
340,56
227,15
249,31
174,0
142,45
140,36
289,47
306,17
239,34
415,14
431,23
379,56
209,15
277,31
154,0
118,45
134,36
364,47
315,17
291,34
435,14
450,23
414,56
228,15
262,31
185,0
113,45
87,36
259,47
311,17
222,34
348,14
476,23
425,56
193,15
278,31
176,0
125,45
121,36
258,47
364,17
267,34
331,14
932,23
354,56
181,15
289,31
289,0
291,45
152,36
253,47
248,17
251,34
386,14
416,23
291,56
200,15
193,31
241,0
847,45
136,36
250,47
218,17
249,34
437,14
462,23
427,56
198,15
298,31
319,0
304,45
156,36
267,47
276,17
239,34
377,14
441,23
355,56
198,15
275,31
297,0
370,45
121,36
241,47
163,17
271,34
427,14
442,23
268,56
189,15
223,31
351,0
608,45
128,36
211,47
199,17
253,34
301,14
403,23
343,56
244,15
211,31
308,0
279,45
171,36
226,47
192,17
180,34
290,14
390,23
281,56
208,15
190,31
189,0
192,45
127,36
257,47
165,17
220,34
285,14
387,23
276,56
188,15
217,31
214,0
203,45
126,36
199,47
214,17
228,34
331,14
401,23
308,56
180,15
197,31
164,0
228,45
117,36
252,47
190,17
199,34
433,14
465,23
303,56
230,15
186,31
238,0
132,45
146,36
233,47
221,17
240,34
318,14
404,23
288,56
211,15
138,31
218,0
178,45
120,36
624,47
235,17
228,34
259,14
349,23
266,56
230,15
194,31
202,0
98,45
144,36
241,47
193,17
218,34
277,14
325,23
280,56
258,15
190,31
241,0
179,45
102,36
188,47
218,17
256,34
259,14
425,23
258,56
246,15
198,31
242,0
206,45
121,36
257,47
171,17
205,34
280,14
397,23
326,56
152,15
275,31
205,0
205,45
142,36
221,47
228,17
331,34
296,14
381,23
249,56
170,15
206,31
224,0
337,45
109,36
269,47
189,17
177,34
254,14
361,23
270,56
241,15
177,31
198,0
547,45
113,36
282,47
153,17
210,34
313,14
373,23
258,56
210,15
189,31
186,0
266,45
116,36
224,47
200,17
221,34
334,14
345,23
271,56
264,15
196,31
161,0
144,45
166,36
177,47
192,17
247,34
305,14
408,23
324,56
255,15
163,31
290,0
133,45
145,36
260,47
490,17
250,34
327,14
380,23
325,56
210,15
174,31
390,0
182,45
177,36
316,47
301,17
187,34
340,14
354,23
363,56
210,15
213,31
205,0
305,45
160,36
234,47
244,17
221,34
297,14
400,23
306,56
203,15
183,31
212,0
143,45
128,36
291,47
348,17
265,34
401,14
404,23
304,56
209,15
200,31
168,0
187,45
139,36
226,47
219,17
236,34
293,14
422,23
348,56
214,15
220,31
186,0
415,45
120,36
197,47
248,17
223,34
349,14
376,23
302,56
197,15
180,31
192,0
190,45
124,36
394,47
238,17
273,34
271,14
398,23
275,56
172,15
192,31
173,0
282,45
96,36
233,47
192,17
239,34
383,14
378,23
296,56
191,15
169,31
207,0
272,45
127,36
202,47
423,17
287,34
313,14
447,23
333,56
238,15
208,31
244,0
269,45
146,36
264,47
285,17
201,34
282,14
414,23
304,56
232,15
204,31
178,0
171,45
100,36
280,47
267,17
206,34
306,14
370,23
319,56
188,15
184,31
409,0
535,45
130,36
250,47
204,17
221,34
284,14
360,23
294,56
257,15
147,31
398,0
289,45
176,36
168,47
253,17
198,34
307,14
384,23
301,56
289,15
242,31
182,0
257,45
145,36
198,47
280,17
259,34
310,14
362,23
320,56
259,15
236,31
215,0
238,45
155,36
224,47
246,17
223,34
341,14
404,23
391,56
273,15
202,31
251,0
293,45
131,36
208,47
277,17
217,34
359,14
403,23
298,56
212,15
208,31
238,0
221,45
107,36
219,47
204,17
240,34
302,14
414,23
378,56
243,15
276,31
283,0
320,45
133,36
164,47
233,17
219,34
312,14
397,23
295,56
225,15
200,31
211,0
150,45
118,36
202,47
248,17
246,34
322,14
383,23
434,56
270,15
240,31
150,0
262,45
121,36
226,47
256,17
228,34
295,14
384,23
399,56
259,15
241,31
207,0
366,45
131,36
201,47
565,17
232,34
339,14
401,23
315,56
226,15
205,31
332,0
327,45
132,36
237,47
285,17
233,34
309,14
519,23
393,56
267,15
261,31
146,0
237,45
123,36
233,47
277,17
249,34
294,14
373,23
382,56
228,15
208,31
138,0
319,45
126,36
256,47
229,17
188,34
372,14
350,23
340,56
163,15
220,31
196,0
236,45
151,36
235,47
276,17
228,34
319,14
432,23
363,56
218,15
227,31
165,0
290,45
120,36
223,47
320,17
246,34
595,14
419,23
340,56
171,15
282,31
113,0
306,45
33,36
267,47
242,17
283,34
310,14
412,23
370,56
213,15
244,31
190,0
256,45
151,36
174,47
233,17
284,34
399,14
421,23
283,56
175,15
255,31
110,0
190,45
88,36
255,47
246,17
220,34
333,14
389,23
349,56
180,15
220,31
186,0
75,45
115,36
261,47
307,17
230,34
316,14
417,23
373,56
202,15
278,31
181,0
362,45
143,36
164,47
308,17
229,34
351,14
380,23
373,56
200,15
260,31
161,0
281,45
112,36
235,47
227,17
221,34
313,14
419,23
336,56
211,15
260,31
203,0
145,45
118,36
255,47
197,17
329,34
420,14
435,23
397,56
186,15
190,31
236,0
103,45
148,36
231,47
319,17
257,34
475,14
577,23
311,56
160,15
249,31
154,0
266,45
113,36
226,47
201,17
217,34
233,14
368,23
279,56
172,15
236,31
196,0
228,45
99,36
225,47
183,17
190,34
234,14
348,23
278,56
185,15
188,31
226,0
365,45
116,36
275,47
153,17
269,34
307,14
327,23
292,56
184,15
208,31
215,0
173,45
98,36
276,47
183,17
311,34
287,14
355,23
281,56
198,15
176,31
261,0
110,45
105,36
207,47
198,17
169,34
278,14
340,23
323,56
204,15
226,31
202,0
289,45
127,36
187,47
279,17
40,34
555,14
391,23
234,56
170,15
194,31
201,0
185,45
101,36
200,47
289,17
188,34
267,14
347,23
285,56
198,15
201,31
197,0
164,45
91,36
486,47
219,17
184,34
330,14
354,23
285,56
219,15
159,31
298,0
163,45
102,36
241,47
220,17
197,34
306,14
334,23
304,56
209,15
218,31
195,0
171,45
95,36
225,47
226,17
256,34
255,14
375,23
340,56
319,15
192,31
205,0
97,45
98,36
220,47
227,17
178,34
891,14
455,23
353,56
184,15
298,31
350,0
288,45
100,36
286,47
249,17
120,34
457,14
454,23
298,56
192,15
219,31
216,0
232,45
80,36
242,47
215,17
164,34
285,14
347,23
299,56
175,15
219,31
306,0
380,45
111,36
221,47
295,17
182,34
313,14
366,23
288,56
208,15
145,31
302,0
172,45
120,36
247,47
228,17
223,34
263,14
374,23
269,56
246,15
145,31
438,0
30,45
162,36
207,47
237,17
175,34
256,14
332,23
273,56
244,15
109,31
317,0
413,45
98,36
173,47
285,17
232,34
337,14
368,23
252,56
244,15
291,31
185,0
205,45
108,36
201,47
204,17
176,34
280,14
374,23
274,56
226,15
182,31
209,0
126,45
108,36
196,47
219,17
199,34
253,14
345,23
280,56
266,15
195,31
271,0
234,45
109,36
216,47
222,17
226,34
251,14
334,23
267,56
236,15
177,31
164,0
130,45
98,36
206,47
304,17
180,34
308,14
321,23
252,56
274,15
205,31
235,0
243,45
111,36
275,47
295,17
183,34
334,14
292,23
286,56
252,15
205,31
257,0
109,45
118,36
258,47
292,17
221,34
216,14
370,23
278,56
211,15
198,31
208,0
236,45
113,36
370,47
255,17
148,34
294,14
351,23
296,56
340,15
197,31
206,0
192,45
67,36
249,47
216,17
224,34
248,14
375,23
305,56
276,15
207,31
319,0
275,45
188,36
305,47
265,17
167,34
356,14
386,23
359,56
244,15
252,31
228,0
204,45
138,36
314,47
293,17
201,34
349,14
331,23
362,56
208,15
226,31
200,0
178,45
100,36
276,47
212,17
238,34
445,14
553,23
394,56
209,15
223,31
221,0
363,45
143,36
261,47
325,17
261,34
328,14
383,23
378,56
186,15
211,31
257,0
104,45
130,36
267,47
273,17
210,34
289,14
338,23
403,56
236,15
204,31
235,0
505,45
121,36
261,47
258,17
230,34
401,14
332,23
383,56
251,15
203,31
299,0
67,45
128,36
316,47
294,17
231,34
311,14
393,23
327,56
220,15
189,31
198,0
226,45
122,36
251,47
256,17
251,34
340,14
375,23
330,56
213,15
180,31
194,0
231,45
89,36
204,47
188,17
221,34
313,14
354,23
380,56
225,15
202,31
199,0
128,45
113,36
257,47
308,17
184,34
299,14
378,23
276,56
203,15
199,31
186,0
135,45
109,36
236,47
257,17
208,34
306,14
420,23
325,56
212,15
197,31
168,0
130,45
106,36
253,47
251,17
199,34
304,14
380,23
339,56
317,15
243,31
237,0
673,45
118,36
245,47
242,17
213,34
273,14
337,23
348,56
212,15
152,31
249,0
203,45
123,36
265,47
278,17
247,34
339,14
342,23
347,56
224,15
215,31
231,0
310,45
125,36
250,47
277,17
229,34
275,14
321,23
372,56
254,15
225,31
197,0
307,45
117,36
210,47
329,17
211,34
288,14
378,23
320,56
245,15
169,31
232,0
43,45
78,36
222,47
251,17
193,34
290,14
388,23
338,56
184,15
220,31
214,0
118,45
127,36
223,47
271,17
189,34
263,14
341,23
334,56
248,15
197,31
221,0
350,45
97,36
187,47
257,17
173,34
276,14
344,23
332,56
195,15
184,31
245,0
114,45
115,36
205,47
249,17
199,34
235,14
313,23
339,56
184,15
215,31
187,0
245,45
120,36
203,47
256,17
177,34
292,14
363,23
329,56
245,15
185,31
266,0
363,45
111,36
207,47
221,17
197,34
280,14
339,23
386,56
260,15
198,31
181,0
219,45
118,36
246,47
250,17
185,34
296,14
376,23
434,56
217,15
215,31
201,0
170,45
102,36
244,47
254,17
219,34
401,14
487,23
312,56
227,15
179,31
257,0
366,45
78,36
266,47
278,17
183,34
344,14
480,23
349,56
199,15
172,31
202,0
147,45
105,36
241,47
229,17
158,34
528,14
415,23
291,56
195,15
409,31
300,0
280,45
124,36
205,47
224,17
133,34
261,14
359,23
343,56
170,15
271,31
171,0
238,45
96,36
179,47
211,17
209,34
253,14
331,23
269,56
216,15
182,31
229,0
208,45
92,36
188,47
233,17
173,34
249,14
303,23
311,56
181,15
204,31
197,0
257,45
69,36
179,47
206,17
189,34
262,14
364,23
332,56
163,15
224,31
193,0
237,45
125,36
188,47
198,17
258,34
410,14
365,23
281,56
219,15
197,31
182,0
548,45
123,36
233,47
205,17
186,34
285,14
352,23
336,56
165,15
229,31
233,0
270,45
129,36
171,47
223,17
232,34
306,14
343,23
350,56
205,15
199,31
237,0
558,45
94,36
215,47
226,17
404,34
428,14
463,23
439,56
290,15
233,31
235,0
395,45
111,36
247,47
303,17
254,34
340,14
359,23
354,56
207,15
215,31
224,0
251,45
109,36
241,47
215,17
225,34
362,14
424,23
328,56
205,15
270,31
267,0
241,45
115,36
281,47
190,17
442,34
337,14
375,23
678,56
317,15
252,31
246,0
200,45
120,36
205,47
243,17
171,34
283,14
335,23
374,56
260,15
170,31
274,0
260,45
137,36
236,47
268,17
184,34
351,14
355,23
384,56
283,15
274,31
237,0
175,45
134,36
201,47
244,17
269,34
449,14
378,23
385,56
231,15
280,31
206,0
321,45
170,36
205,47
266,17
231,34
298,14
334,23
360,56
236,15
237,31
194,0
224,45
116,36
263,47
228,17
183,34
309,14
396,23
424,56
205,15
234,31
234,0
228,45
130,36
223,47
560,17
260,34
269,14
358,23
368,56
209,15
167,31
224,0
228,45
154,36
212,47
273,17
231,34
315,14
331,23
348,56
263,15
178,31
238,0
193,45
129,36
194,47
286,17
216,34
276,14
351,23
400,56
285,15
173,31
339,0
197,45
126,36
303,47
236,17
244,34
307,14
316,23
363,56
191,15
196,31
220,0
154,45
105,36
248,47
245,17
175,34
298,14
348,23
377,56
259,15
192,31
272,0
24,45
144,36
291,47
708,17
284,34
300,14
347,23
338,56
225,15
197,31
201,0
274,45
144,36
239,47
283,17
190,34
326,14
317,23
350,56
320,15
198,31
253,0
426,45
102,36
258,47
365,17
212,34
268,14
331,23
322,56
229,15
183,31
200,0
238,45
104,36
200,47
239,17
222,34
300,14
333,23
382,56
232,15
351,31
211,0
236,45
165,36
394,47
338,17
302,34
330,14
293,23
368,56
218,15
233,31
216,0
284,45
23,36
273,47
212,17
250,34
350,14
380,23
390,56
275,15
223,31
239,0
253,45
104,36
244,47
255,17
223,34
286,14
340,23
395,56
213,15
249,31
166,0
296,45
133,36
232,47
224,17
258,34
317,14
437,23
437,56
218,15
216,31
164,0
232,45
131,36
261,47
299,17
242,34
268,14
309,23
375,56
254,15
188,31
211,0
288,45
117,36
199,47
204,17
221,34
323,14
806,23
397,56
238,15
260,31
569,0
366,45
124,36
209,47
223,17
251,34
307,14
354,23
445,56
210,15
293,31
177,0
277,45
139,36
230,47
283,17
225,34
312,14
370,23
420,56
173,15
232,31
269,0
213,45
123,36
261,47
239,17
259,34
273,14
354,23
445,56
221,15
235,31
204,0
285,45
104,36
245,47
219,17
180,34
303,14
374,23
579,56
199,15
240,31
215,0
193,45
169,36
253,47
256,17
260,34
261,14
434,23
408,56
197,15
184,31
272,0
227,45
143,36
222,47
220,17
244,34
297,14
317,23
419,56
241,15
220,31
201,0
257,45
103,36
214,47
227,17
242,34
309,14
374,23
379,56
208,15
216,31
201,0
253,45
62,36
209,47
289,17
214,34
288,14
361,23
414,56
207,15
220,31
218,0
384,45
209,36
227,47
246,17
221,34
320,14
355,23
405,56
154,15
237,31
222,0
372,45
166,36
225,47
237,17
245,34
259,14
309,23
347,56
191,15
229,31
192,0
279,45
130,36
232,47
292,17
263,34
337,14
374,23
402,56
227,15
156,31
349,0
343,45
176,36
197,47
259,17
245,34
298,14
374,23
451,56
200,15
184,31
224,0
297,45
175,36
266,47
399,17
286,34
504,14
453,23
373,56
218,15
192,31
211,0
219,45
125,36
236,47
276,17
278,34
406,14
392,23
347,56
217,15
274,31
252,0
206,45
121,36
203,47
225,17
194,34
259,14
356,23
356,56
200,15
177,31
267,0
248,45
37,36
228,47
274,17
226,34
324,14
377,23
362,56
244,15
210,31
216,0
216,45
83,36
168,47
230,17
212,34
308,14
364,23
371,56
239,15
197,31
222,0
295,45
126,36
221,47
286,17
194,34
281,14
323,23
371,56
233,15
159,31
289,0
229,45
137,36
236,47
210,17
137,34
271,14
308,23
321,56
204,15
201,31
258,0
404,45
120,36
188,47
225,17
265,34
134,14
325,23
657,56
169,15
271,31
163,0
228,45
81,36
184,47
192,17
165,34
227,14
290,23
329,56
229,15
215,31
212,0
243,45
120,36
227,47
171,17
284,34
211,14
345,23
335,56
203,15
217,31
212,0
231,45
121,36
167,47
209,17
226,34
211,14
319,23
294,56
244,15
198,31
218,0
123,45
119,36
220,47
213,17
179,34
246,14
281,23
329,56
235,15
208,31
210,0
178,45
129,36
236,47
280,17
301,34
229,14
346,23
337,56
232,15
182,31
264,0
188,45
149,36
237,47
240,17
261,34
173,14
323,23
402,56
215,15
228,31
201,0
185,45
137,36
276,47
233,17
208,34
310,14
334,23
344,56
213,15
218,31
180,0
222,45
95,36
392,47
300,17
270,34
273,14
349,23
328,56
198,15
211,31
225,0
199,45
120,36
291,47
400,17
258,34
228,14
327,23
342,56
237,15
115,31
341,0
197,45
116,36
190,47
227,17
208,34
243,14
327,23
333,56
197,15
216,31
261,0
146,45
123,36
245,47
264,17
185,34
197,14
323,23
325,56
216,15
197,31
281,0
168,45
115,36
295,47
325,17
383,34
383,14
341,23
331,56
218,15
149,31
226,0
204,45
133,36
193,47
274,17
218,34
252,14
307,23
321,56
312,15
297,31
242,0
270,45
32,36
346,47
496,17
200,34
235,14
347,23
499,56
245,15
261,31
290,0
164,45
146,36
292,47
272,17
238,34
240,14
310,23
333,56
211,15
216,31
200,0
252,45
156,36
288,47
327,17
208,34
240,14
334,23
335,56
199,15
234,31
135,0
355,45
142,36
256,47
299,17
251,34
230,14
348,23
393,56
246,15
248,31
207,0
239,45
127,36
242,47
357,17
230,34
254,14
335,23
344,56
266,15
343,31
202,0
261,45
116,36
230,47
266,17
235,34
310,14
340,23
351,56
292,15
207,31
227,0
430,45
121,36
248,47
257,17
189,34
240,14
330,23
379,56
246,15
234,31
220,0
293,45
30,36
285,47
274,17
231,34
216,14
344,23
396,56
255,15
227,31
193,0
274,45
131,36
210,47
250,17
233,34
294,14
369,23
366,56
260,15
208,31
196,0
215,45
124,36
215,47
255,17
243,34
257,14
320,23
355,56
244,15
235,31
218,0
193,45
122,36
224,47
358,17
271,34
223,14
358,23
332,56
207,15
247,31
186,0
268,45
148,36
211,47
373,17
240,34
247,14
359,23
372,56
258,15
246,31
221,0
178,45
141,36
197,47
268,17
208,34
279,14
349,23
361,56
191,15
251,31
147,0
240,45
166,36
285,47
278,17
197,34
255,14
338,23
340,56
198,15
239,31
169,0
161,45
134,36
194,47
330,17
185,34
250,14
336,23
311,56
231,15
226,31
184,0
285,45
120,36
252,47
293,17
250,34
222,14
338,23
335,56
202,15
258,31
267,0
384,45
131,36
346,47
347,17
211,34
229,14
405,23
379,56
235,15
242,31
182,0
231,45
149,36
482,47
261,17
228,34
224,14
360,23
341,56
237,15
250,31
192,0
199,45
120,36
231,47
225,17
570,34
368,14
377,23
321,56
267,15
211,31
252,0
612,45
166,36
278,47
239,17
261,34
233,14
369,23
371,56
275,15
285,31
213,0
266,45
109,36
267,47
244,17
210,34
302,14
328,23
338,56
238,15
207,31
191,0
279,45
129,36
214,47
244,17
248,34
259,14
339,23
356,56
274,15
264,31
234,0
185,45
109,36
239,47
237,17
249,34
290,14
324,23
357,56
213,15
270,31
158,0
205,45
150,36
219,47
225,17
216,34
251,14
333,23
369,56
238,15
248,31
254,0
241,45
136,36
217,47
246,17
240,34
283,14
454,23
367,56
199,15
268,31
220,0
187,45
147,36
237,47
262,17
242,34
333,14
352,23
371,56
202,15
250,31
251,0
105,45
138,36
208,47
226,17
203,34
220,14
324,23
364,56
216,15
244,31
267,0
272,45
28,36
245,47
232,17
209,34
218,14
318,23
343,56
216,15
226,31
184,0
343,45
162,36
185,47
264,17
235,34
282,14
361,23
352,56
245,15
194,31
174,0
259,45
161,36
183,47
282,17
204,34
248,14
350,23
307,56
253,15
250,31
211,0
321,45
153,36
193,47
275,17
213,34
270,14
297,23
404,56
294,15
185,31
196,0
274,45
130,36
213,47
241,17
214,34
261,14
355,23
378,56
244,15
263,31
156,0
300,45
134,36
233,47
262,17
298,34
230,14
379,23
418,56
243,15
246,31
179,0
264,45
68,36
210,47
235,17
205,34
282,14
329,23
337,56
242,15
228,31
200,0
245,45
142,36
195,47
272,17
212,34
266,14
317,23
313,56
236,15
232,31
201,0
203,45
131,36
211,47
206,17
200,34
310,14
768,23
392,56
204,15
262,31
225,0
247,45
143,36
300,47
239,17
239,34
248,14
303,23
334,56
196,15
226,31
204,0
217,45
123,36
183,47
212,17
217,34
198,14
302,23
677,56
230,15
297,31
170,0
407,45
127,36
203,47
203,17
194,34
220,14
314,23
349,56
209,15
241,31
202,0
135,45
165,36
207,47
177,17
226,34
206,14
304,23
287,56
262,15
224,31
212,0
132,45
157,36
213,47
198,17
246,34
220,14
312,23
342,56
262,15
195,31
217,0
203,45
127,36
170,47
204,17
195,34
220,14
322,23
326,56
228,15
300,31
217,0
136,45
129,36
223,47
185,17
219,34
200,14
314,23
364,56
201,15
207,31
186,0
196,45
84,36
221,47
197,17
266,34
224,14
324,23
324,56
205,15
187,31
168,0
245,45
144,36
220,47
203,17
227,34
197,14
318,23
335,56
189,15
211,31
185,0
168,45
146,36
212,47
192,17
294,34
274,14
355,23
321,56
204,15
165,31
193,0
240,45
164,36
202,47
238,17
207,34
212,14
314,23
305,56
208,15
120,31
231,0
175,45
122,36
181,47
257,17
255,34
320,14
326,23
282,56
210,15
129,31
255,0
222,45
116,36
204,47
186,17
294,34
158,14
340,23
453,56
186,15
176,31
228,0
214,45
130,36
214,47
225,17
245,34
284,14
282,23
342,56
182,15
156,31
194,0
183,45
114,36
247,47
218,17
240,34
185,14
355,23
392,56
210,15
165,31
241,0
198,45
123,36
210,47
222,17
211,34
268,14
351,23
315,56
214,15
213,31
220,0
233,45
119,36
233,47
215,17
249,34
256,14
314,23
317,56
257,15
222,31
509,0
263,45
114,36
186,47
222,17
228,34
231,14
295,23
302,56
259,15
176,31
325,0
158,45
198,36
218,47
214,17
259,34
259,14
321,23
353,56
246,15
221,31
244,0
151,45
140,36
210,47
220,17
224,34
277,14
338,23
342,56
329,15
292,31
239,0
167,45
114,36
206,47
204,17
223,34
260,14
275,23
375,56
265,15
278,31
234,0
264,45
145,36
230,47
195,17
231,34
225,14
316,23
351,56
225,15
194,31
226,0
363,45
154,36
273,47
324,17
220,34
217,14
299,23
332,56
231,15
222,31
182,0
224,45
142,36
183,47
210,17
253,34
216,14
288,23
319,56
247,15
184,31
220,0
170,45
133,36
216,47
271,17
226,34
230,14
591,23
335,56
140,15
315,31
257,0
379,45
125,36
196,47
240,17
239,34
249,14
314,23
349,56
231,15
251,31
222,0
188,45
130,36
205,47
210,17
261,34
254,14
332,23
351,56
215,15
225,31
181,0
190,45
133,36
229,47
202,17
237,34
245,14
268,23
336,56
189,15
200,31
184,0
193,45
123,36
250,47
272,17
256,34
224,14
318,23
362,56
203,15
229,31
171,0
190,45
128,36
208,47
190,17
259,34
282,14
301,23
372,56
219,15
219,31
158,0
207,45
121,36
173,47
204,17
242,34
218,14
324,23
366,56
241,15
188,31
148,0
291,45
137,36
209,47
218,17
257,34
215,14
327,23
612,56
248,15
292,31
183,0
142,45
146,36
195,47
219,17
251,34
221,14
346,23
366,56
218,15
247,31
197,0
192,45
145,36
223,47
228,17
248,34
337,14
291,23
522,56
198,15
261,31
153,0
301,45
159,36
242,47
230,17
246,34
334,14
208,23
505,56
222,15
248,31
170,0
195,45
147,36
231,47
225,17
295,34
300,14
330,23
535,56
179,15
295,31
138,0
195,45
152,36
236,47
260,17
253,34
316,14
361,23
372,56
242,15
206,31
239,0
183,45
127,36
247,47
248,17
255,34
356,14
432,23
462,56
176,15
223,31
204,0
109,45
142,36
275,47
232,17
195,34
311,14
326,23
447,56
136,15
371,31
189,0
119,45
138,36
227,47
232,17
218,34
225,14
290,23
499,56
202,15
271,31
224,0
56,45
131,36
247,47
284,17
266,34
350,14
306,23
424,56
220,15
432,31
193,0
350,45
75,36
171,47
520,17
231,34
287,14
329,23
356,56
201,15
241,31
97,0
208,45
138,36
195,47
239,17
231,34
227,14
298,23
358,56
195,15
264,31
195,0
284,45
135,36
250,47
249,17
202,34
255,14
301,23
408,56
184,15
275,31
234,0
111,45
151,36
236,47
267,17
248,34
267,14
356,23
384,56
210,15
221,31
175,0
218,45
147,36
225,47
326,17
259,34
271,14
341,23
390,56
204,15
358,31
223,0
361,45
140,36
154,47
305,17
238,34
255,14
307,23
380,56
216,15
247,31
241,0
306,45
134,36
158,47
256,17
249,34
292,14
306,23
600,56
196,15
298,31
170,0
187,45
140,36
228,47
351,17
236,34
273,14
329,23
346,56
235,15
216,31
217,0
177,45
135,36
167,47
259,17
176,34
614,14
401,23
344,56
166,15
281,31
207,0
187,45
84,36
189,47
197,17
166,34
225,14
283,23
306,56
165,15
311,31
77,0
465,45
119,36
195,47
206,17
165,34
270,14
300,23
277,56
185,15
180,31
188,0
160,45
116,36
187,47
216,17
220,34
240,14
290,23
279,56
200,15
215,31
169,0
171,45
117,36
174,47
194,17
208,34
218,14
297,23
276,56
184,15
261,31
158,0
165,45
108,36
174,47
177,17
217,34
223,14
296,23
301,56
195,15
259,31
222,0
158,45
108,36
183,47
224,17
202,34
190,14
302,23
266,56
223,15
182,31
245,0
244,45
61,36
195,47
164,17
205,34
208,14
277,23
309,56
196,15
182,31
285,0
164,45
90,36
192,47
163,17
249,34
209,14
303,23
295,56
194,15
214,31
226,0
215,45
43,36
211,47
194,17
211,34
179,14
303,23
315,56
219,15
235,31
267,0
88,45
143,36
218,47
192,17
232,34
166,14
318,23
351,56
244,15
229,31
198,0
232,45
176,36
207,47
153,17
256,34
143,14
276,23
275,56
502,15
203,31
188,0
244,45
114,36
187,47
183,17
195,34
223,14
307,23
293,56
191,15
231,31
225,0
174,45
137,36
213,47
202,17
282,34
170,14
286,23
318,56
242,15
160,31
212,0
177,45
134,36
182,47
193,17
216,34
219,14
329,23
275,56
263,15
182,31
279,0
212,45
133,36
184,47
190,17
276,34
205,14
332,23
323,56
250,15
178,31
206,0
193,45
123,36
232,47
185,17
231,34
246,14
308,23
330,56
197,15
189,31
275,0
232,45
99,36
251,47
148,17
282,34
198,14
345,23
316,56
240,15
180,31
184,0
182,45
126,36
230,47
248,17
190,34
223,14
304,23
283,56
255,15
157,31
240,0
276,45
51,36
238,47
181,17
258,34
276,14
275,23
283,56
253,15
142,31
214,0
227,45
46,36
242,47
250,17
255,34
196,14
319,23
296,56
291,15
125,31
291,0
211,45
121,36
241,47
204,17
250,34
179,14
333,23
304,56
275,15
86,31
226,0
175,45
109,36
262,47
227,17
203,34
326,14
262,23
311,56
254,15
156,31
294,0
208,45
147,36
202,47
206,17
240,34
203,14
320,23
353,56
253,15
204,31
229,0
166,45
128,36
249,47
206,17
247,34
186,14
301,23
310,56
316,15
189,31
266,0
182,45
128,36
194,47
192,17
242,34
206,14
300,23
305,56
276,15
161,31
243,0
187,45
125,36
215,47
215,17
224,34
253,14
281,23
303,56
224,15
177,31
252,0
183,45
131,36
229,47
262,17
220,34
172,14
298,23
328,56
289,15
183,31
237,0
160,45
133,36
240,47
212,17
220,34
234,14
280,23
316,56
236,15
221,31
217,0
238,45
143,36
199,47
255,17
269,34
189,14
315,23
360,56
286,15
135,31
296,0
314,45
166,36
202,47
225,17
241,34
192,14
314,23
338,56
334,15
255,31
197,0
383,45
78,36
169,47
228,17
218,34
193,14
261,23
315,56
208,15
230,31
230,0
182,45
134,36
256,47
218,17
227,34
277,14
267,23
351,56
259,15
247,31
217,0
230,45
160,36
192,47
236,17
261,34
205,14
291,23
437,56
374,15
270,31
214,0
218,45
109,36
169,47
300,17
225,34
210,14
279,23
308,56
223,15
242,31
201,0
179,45
149,36
171,47
231,17
222,34
204,14
283,23
343,56
240,15
182,31
204,0
163,45
142,36
195,47
301,17
219,34
220,14
301,23
347,56
241,15
171,31
235,0
159,45
119,36
187,47
227,17
249,34
169,14
275,23
354,56
232,15
243,31
193,0
107,45
128,36
193,47
196,17
278,34
271,14
259,23
413,56
278,15
191,31
228,0
204,45
147,36
158,47
212,17
232,34
205,14
313,23
339,56
226,15
215,31
198,0
184,45
120,36
166,47
212,17
234,34
221,14
297,23
357,56
216,15
207,31
192,0
177,45
115,36
153,47
198,17
226,34
218,14
322,23
386,56
241,15
242,31
159,0
176,45
130,36
163,47
217,17
267,34
205,14
340,23
396,56
264,15
259,31
129,0
230,45
153,36
195,47
224,17
242,34
283,14
388,23
385,56
255,15
124,31
191,0
146,45
136,36
201,47
241,17
252,34
218,14
314,23
346,56
221,15
211,31
168,0
164,45
94,36
162,47
244,17
242,34
207,14
267,23
326,56
208,15
276,31
97,0
220,45
129,36
165,47
285,17
231,34
236,14
334,23
337,56
220,15
164,31
181,0
195,45
109,36
214,47
224,17
237,34
218,14
297,23
357,56
242,15
146,31
239,0
235,45
121,36
166,47
240,17
197,34
203,14
336,23
288,56
197,15
207,31
154,0
168,45
113,36
143,47
187,17
211,34
217,14
300,23
305,56
210,15
207,31
203,0
207,45
124,36
