46,453
116,408
105,325
101,1064
53,905
82,738
111,240
97,341
110,471
108,549
46,437
116,283
105,252
101,1242
53,756
82,455
111,314
97,470
110,555
108,861
46,754
116,267
105,325
101,1042
53,509
82,456
111,312
97,356
110,493
108,566
46,1816
116,342
105,398
101,394
53,632
82,389
111,307
97,273
110,394
108,702
46,462
116,275
105,244
101,1386
53,633
82,434
111,588
97,325
110,644
108,505
46,509
116,194
105,261
101,767
53,560
82,375
111,304
97,337
110,458
108,619
46,428
116,466
105,591
101,1009
53,593
82,357
111,294
97,321
110,515
108,586
46,835
116,387
105,545
101,758
53,513
82,317
111,278
97,725
110,348
108,762
46,799
116,319
105,285
101,801
53,748
82,331
111,223
97,348
110,443
108,629
46,433
116,260
105,266
101,754
53,566
82,320
111,373
97,361
110,472
108,732
46,392
116,237
105,280
101,621
53,1136
82,637
111,596
97,377
110,397
108,418
46,358
116,303
105,257
101,768
53,531
82,310
111,359
97,294
110,334
108,623
46,378
116,271
105,265
101,766
53,447
82,319
111,226
97,248
110,313
108,443
46,513
116,322
105,310
101,776
53,489
82,351
111,258
97,250
110,473
108,430
46,366
116,248
105,267
101,616
53,682
82,359
111,301
97,281
110,336
108,611
46,453
116,273
105,288
101,1087
53,502
82,321
111,345
97,485
110,415
108,441
46,325
116,274
105,252
101,776
53,609
82,388
111,289
97,359
110,435
108,462
46,357
116,327
105,275
101,478
53,792
82,384
111,327
97,256
110,359
108,514
46,394
116,244
105,295
101,634
53,600
82,395
111,702
97,329
110,323
108,381
46,386
116,224
105,278
101,754
53,584
82,362
111,225
97,342
110,352
108,384
46,384
116,323
105,271
101,562
53,429
82,318
111,225
97,265
110,328
108,411
46,288
116,251
105,276
101,722
53,451
82,318
111,205
97,272
110,363
108,534
46,328
116,248
105,276
101,704
53,877
82,278
111,261
97,303
110,275
108,445
46,416
116,297
105,232
101,521
53,440
82,329
111,189
97,267
110,289
108,448
46,373
116,297
105,204
101,441
53,481
82,293
111,226
97,279
110,301
108,582
46,393
116,397
105,699
101,547
53,545
82,371
111,230
97,329
110,313
108,373
46,304
116,284
105,292
101,771
53,424
82,296
111,196
97,260
110,287
108,462
46,398
116,297
105,1014
101,360
53,520
82,407
111,215
97,242
110,240
108,453
46,296
116,228
105,304
101,590
53,577
82,268
111,214
97,211
110,237
108,466
46,553
116,306
105,278
101,748
53,431
82,281
111,217
97,203
110,242
108,391
46,269
116,270
105,252
101,631
53,489
82,296
111,203
97,239
110,229
108,442
46,653
116,240
105,189
101,607
53,498
82,245
111,209
97,221
110,335
108,386
46,328
116,248
105,286
101,561
53,496
82,300
111,313
97,488
110,386
108,454
46,326
116,254
105,232
101,686
53,378
82,275
111,185
97,220
110,263
108,454
46,332
116,280
105,242
101,372
53,443
82,311
111,281
97,232
110,292
108,444
46,339
116,256
105,246
101,367
53,485
82,340
111,275
97,268
110,227
108,488
46,531
116,984
105,648
101,839
53,875
82,232
111,240
97,185
110,194
108,396
46,534
116,219
105,263
101,545
53,670
82,267
111,207
97,428
110,406
108,437
46,437
116,313
105,389
101,817
53,448
82,283
111,192
97,229
110,202
108,407
46,275
116,322
105,795
101,442
53,588
82,253
111,264
97,151
110,245
108,452
46,409
116,279
105,295
101,515
53,1027
82,290
111,203
97,241
110,184
108,684
46,265
116,260
105,261
101,645
53,425
82,283
111,217
97,246
110,250
108,520
46,982
116,265
105,188
101,324
53,455
82,262
111,221
97,214
110,236
108,429
46,449
116,289
105,261
101,348
53,702
82,297
111,219
97,244
110,231
108,437
46,690
116,292
105,283
101,798
53,895
82,294
111,183
97,289
110,300
108,553
46,487
116,215
105,267
101,665
53,564
82,317
111,235
97,350
110,323
108,618
46,373
116,286
105,307
101,660
53,497
82,307
111,240
97,313
110,320
108,527
46,449
116,268
105,289
101,388
53,621
82,317
111,202
97,349
110,454
108,444
46,1150
116,253
105,286
101,488
53,572
82,305
111,353
97,354
110,339
108,434
46,721
116,231
105,251
101,438
53,538
82,305
111,235
97,293
110,257
108,968
46,353
116,249
105,282
101,1491
53,483
82,298
111,186
97,370
110,465
108,391
46,325
116,288
105,224
101,726
53,614
82,296
111,293
97,254
110,323
108,422
46,393
116,236
105,279
101,453
53,455
82,312
111,129
97,292
110,340
108,358
46,363
116,204
105,307
101,384
53,511
82,251
111,234
97,239
110,283
108,1298
46,573
116,253
105,274
101,402
53,630
82,310
111,183
97,278
110,301
108,616
46,363
116,280
105,275
101,417
53,481
82,278
111,203
97,216
110,230
108,401
46,332
116,240
105,269
101,422
53,472
82,232
111,192
97,237
110,242
108,422
46,361
116,328
105,210
101,397
53,453
82,235
111,188
97,266
110,199
108,443
46,314
116,281
105,1269
101,441
53,467
82,289
111,225
97,182
110,259
108,403
46,293
116,348
105,184
101,388
53,372
82,284
111,181
97,250
110,336
108,508
46,229
116,312
105,386
101,377
53,402
82,212
111,249
97,176
110,258
108,439
46,304
116,422
105,303
101,417
53,621
82,293
111,249
97,271
110,286
108,447
46,355
116,296
105,292
101,374
53,415
82,290
111,207
97,227
110,273
108,404
46,249
116,266
105,241
101,479
53,537
82,302
111,263
97,201
110,267
108,483
46,290
116,279
105,85
101,352
53,422
82,274
111,264
97,234
110,213
108,380
46,293
116,221
105,260
101,564
53,452
82,257
111,273
97,153
110,237
108,375
46,198
116,240
105,290
101,554
53,439
82,225
111,243
97,247
110,282
108,445
46,289
116,252
105,190
101,305
53,351
82,290
111,254
97,226
110,205
108,372
46,669
116,282
105,205
101,444
53,441
82,245
111,235
97,216
110,145
108,435
46,228
116,281
105,200
101,574
53,393
82,265
111,270
97,197
110,219
108,628
46,310
116,225
105,234
101,614
53,381
82,282
111,268
97,201
110,204
108,441
46,341
116,256
105,256
101,315
53,449
82,302
111,219
97,237
110,237
108,373
46,191
116,321
105,187
101,517
53,405
82,335
111,453
97,327
110,272
108,458
46,267
116,272
105,387
101,519
53,620
82,253
111,275
97,297
110,227
108,440
46,203
116,272
105,229
101,449
53,654
82,311
111,249
97,223
110,211
108,453
46,235
116,259
105,191
101,583
53,432
82,306
111,312
97,217
110,235
108,733
46,271
116,260
105,405
101,540
53,470
82,296
111,303
97,381
110,220
108,513
46,327
116,275
105,244
101,628
53,387
82,272
111,257
97,293
110,210
108,569
46,273
116,278
105,199
101,582
53,437
82,295
111,268
97,298
110,247
108,378
46,218
116,257
105,185
101,825
53,404
82,401
111,316
97,363
110,202
108,449
46,217
116,224
105,215
101,611
53,451
82,359
111,300
97,356
110,210
108,750
46,236
116,232
105,199
101,608
53,372
82,281
111,355
97,225
110,199
108,415
46,230
116,239
105,221
101,641
53,382
82,336
111,345
97,255
110,210
108,500
46,187
116,335
105,146
101,860
53,405
82,273
111,248
97,288
110,200
108,427
46,234
116,252
105,179
101,368
53,447
82,356
111,281
97,350
110,209
108,460
46,200
116,312
105,397
101,716
53,402
82,361
111,251
97,286
110,232
108,644
46,279
116,235
105,221
101,529
53,417
82,296
111,254
97,252
110,301
108,609
46,267
116,268
105,219
101,501
53,435
82,313
111,216
97,253
110,202
108,705
46,321
116,248
105,216
101,779
53,487
82,296
111,197
97,311
110,199
108,501
46,261
116,269
105,213
101,646
53,494
82,720
111,492
97,262
110,303
108,394
46,218
116,249
105,235
101,690
53,383
82,358
111,215
97,297
110,185
108,642
46,277
116,298
105,130
101,364
53,501
82,364
111,254
97,332
110,243
108,452
46,273
116,226
105,264
101,614
53,350
82,325
111,214
97,285
110,199
108,412
46,716
116,197
105,389
101,1534
53,553
82,325
111,212
97,385
110,298
108,415
46,233
116,244
105,257
101,785
53,404
82,307
111,252
97,236
110,289
108,442
46,227
116,196
105,241
101,559
53,368
82,329
111,222
97,271
110,183
108,405
46,309
116,272
105,219
101,911
53,383
82,357
111,225
97,286
110,240
108,468
46,291
116,307
105,1114
101,490
53,415
82,418
111,82
97,500
110,244
108,604
46,265
116,239
105,258
101,786
53,412
82,331
111,238
97,298
110,238
108,403
46,198
116,214
105,258
101,646
53,463
82,334
111,180
97,305
110,237
108,459
46,283
116,222
105,285
101,821
53,424
82,318
111,174
97,251
110,377
108,425
46,321
116,264
105,267
101,538
53,436
82,293
111,177
97,241
110,289
108,523
46,661
116,352
105,317
101,710
53,398
82,271
111,224
97,265
110,283
108,428
46,405
116,328
105,267
101,379
53,440
82,322
111,190
97,268
110,278
108,401
46,301
116,320
105,274
101,357
53,450
82,252
111,268
97,233
110,259
108,406
46,297
116,256
105,265
101,596
53,411
82,302
111,292
97,272
110,332
108,481
46,352
116,220
105,259
101,646
53,419
82,313
111,252
97,322
110,329
108,495
46,274
116,215
105,232
101,474
53,389
82,252
111,283
97,262
110,249
108,431
46,209
116,289
105,236
101,563
53,343
82,263
111,296
97,289
110,262
108,503
46,252
116,271
105,225
101,603
53,374
82,319
111,235
97,314
110,285
108,459
46,342
116,292
105,236
101,577
53,560
82,434
111,404
97,309
110,296
108,654
46,338
116,262
105,284
101,465
53,418
82,335
111,345
97,272
110,516
108,372
46,338
116,252
105,289
101,547
53,456
82,346
111,330
97,432
110,255
108,488
46,271
116,281
105,264
101,510
53,401
82,407
111,328
97,363
110,288
108,410
46,383
116,286
105,228
101,556
53,399
82,306
111,246
97,318
110,295
108,524
46,282
116,236
105,240
101,740
53,387
82,353
111,287
97,343
110,285
108,597
46,408
116,309
105,254
101,451
53,453
82,381
111,241
97,367
110,243
108,485
46,233
116,290
105,253
101,646
53,563
82,355
111,289
97,377
110,263
108,610
46,351
116,277
105,298
101,468
53,422
82,298
111,244
97,329
110,250
108,429
46,309
116,279
105,254
101,523
53,438
82,323
111,267
97,307
110,232
108,435
46,258
116,228
105,262
101,490
53,431
82,332
111,285
97,222
110,271
108,593
46,287
116,258
105,246
101,440
53,433
82,276
111,264
97,250
110,312
108,452
46,262
116,212
105,271
101,364
53,482
82,349
111,230
97,340
110,273
108,423
46,394
116,302
105,246
101,1076
53,858
82,419
111,419
97,360
110,247
108,479
46,248
116,233
105,267
101,611
53,481
82,302
111,240
97,288
110,258
108,452
46,248
116,270
105,243
101,397
53,593
82,398
111,334
97,312
110,287
108,430
46,306
116,273
105,273
101,368
53,472
82,363
111,218
97,357
110,251
108,454
46,260
116,273
105,273
101,733
53,461
82,356
111,318
97,455
110,301
108,439
46,270
116,258
105,254
101,658
53,472
82,333
111,420
97,650
110,279
108,426
46,406
116,437
105,162
101,945
53,525
82,360
111,235
97,396
110,284
108,431
46,396
116,293
105,260
101,408
53,512
82,388
111,354
97,325
110,342
108,433
46,378
116,279
105,236
101,424
53,514
82,346
111,340
97,418
110,319
108,452
46,289
116,294
105,206
101,354
53,483
82,334
111,248
97,293
110,293
108,514
46,277
116,296
105,234
101,406
53,433
82,371
111,230
97,367
110,288
108,442
46,309
116,263
105,228
101,656
53,473
82,336
111,250
97,346
110,303
108,501
46,161
116,773
105,259
101,601
53,519
82,317
111,251
97,313
110,358
108,520
46,256
116,228
105,295
101,379
53,473
82,373
111,307
97,289
110,351
108,461
46,373
116,37
105,522
101,498
53,643
82,435
111,275
97,350
110,330
108,465
46,429
116,616
105,299
101,513
53,406
82,324
111,244
97,354
110,306
108,423
46,264
116,285
105,191
101,582
53,482
82,309
111,350
97,319
110,364
108,447
46,363
116,271
105,250
101,358
53,459
82,360
111,322
97,317
110,314
108,455
46,345
116,298
105,290
101,360
53,521
82,415
111,350
97,331
110,294
108,448
46,384
116,254
105,268
101,484
53,519
82,317
111,214
97,301
110,291
108,405
46,303
116,246
105,242
101,502
53,657
82,371
111,264
97,328
110,231
108,418
46,295
116,244
105,278
101,482
53,1086
82,342
111,278
97,269
110,338
108,392
46,852
116,240
105,299
101,320
53,432
82,257
111,294
97,278
110,272
108,418
46,325
116,250
105,311
101,385
53,584
82,649
111,403
97,255
110,366
108,485
46,319
116,333
105,249
101,407
53,503
82,357
111,295
97,349
110,259
108,490
46,275
116,277
105,291
101,352
53,481
82,352
111,259
97,303
110,302
108,500
46,311
116,222
105,279
101,359
53,722
82,351
111,328
97,273
110,288
108,396
46,307
116,296
105,261
101,392
53,427
82,346
111,225
97,298
110,259
108,479
46,286
116,253
105,264
101,348
53,431
82,317
111,212
97,355
110,254
108,457
46,289
116,261
105,261
101,365
53,422
82,317
111,191
97,296
110,239
108,430
46,435
116,277
105,227
101,495
53,388
82,282
111,215
97,274
110,442
108,396
46,295
116,264
105,381
101,556
53,584
82,320
111,237
97,337
110,259
108,409
46,267
116,261
105,272
101,273
53,390
82,317
111,209
97,279
110,195
108,438
46,211
116,305
105,229
101,446
53,451
82,272
111,289
97,313
110,195
108,432
46,318
116,350
105,236
101,463
53,444
82,329
111,283
97,289
110,282
108,583
46,234
116,268
105,231
101,399
53,448
82,357
111,273
97,246
110,292
108,499
46,181
116,283
105,220
101,368
53,400
82,317
111,269
97,267
110,246
108,449
46,297
116,225
105,357
101,508
53,329
82,331
111,230
97,234
110,274
108,394
46,187
116,252
105,219
101,311
53,424
82,384
111,278
97,306
110,243
108,408
46,208
116,257
105,222
101,330
53,438
82,354
111,362
97,289
110,370
108,462
46,293
116,260
105,233
101,406
53,475
82,281
111,228
97,252
110,225
108,317
46,167
116,321
105,261
101,441
53,366
82,272
111,254
97,245
110,230
108,379
46,223
116,259
105,261
101,377
53,392
82,286
111,227
97,250
110,209
108,497
46,399
116,244
105,292
101,361
53,424
82,310
111,250
97,276
110,256
108,389
46,224
116,264
105,287
101,559
53,381
82,285
111,286
97,292
110,270
108,448
46,169
116,283
105,221
101,399
53,411
82,261
111,346
97,297
110,261
108,404
46,246
116,252
105,228
101,382
53,455
82,398
111,364
97,255
110,238
108,418
46,223
116,287
105,217
101,986
53,509
82,405
111,414
97,220
110,577
108,346
46,253
116,270
105,235
101,354
53,424
82,290
111,258
97,300
110,242
108,439
46,247
116,249
105,216
101,358
53,349
82,323
111,262
97,285
110,159
108,393
46,261
116,267
105,228
101,319
53,448
82,354
111,207
97,308
110,200
108,356
46,220
116,269
105,254
101,552
53,485
82,365
111,210
97,312
110,195
108,394
46,239
116,276
105,209
101,403
53,397
82,317
111,292
97,304
110,256
108,368
46,258
116,240
105,260
101,371
53,456
82,360
111,317
97,287
110,228
108,457
46,303
116,257
105,269
101,366
53,393
82,306
111,334
97,418
110,280
108,611
46,263
116,221
105,292
101,364
53,459
82,337
111,263
97,280
110,263
108,387
46,243
116,218
105,263
101,383
53,291
82,392
111,261
97,319
110,261
108,420
46,256
116,218
105,249
101,357
53,386
82,334
111,375
97,284
110,287
108,353
46,236
116,260
105,243
101,346
53,427
82,360
111,407
97,284
110,275
108,385
46,188
116,324
105,233
101,429
53,393
82,335
111,278
97,266
110,271
108,415
46,243
116,278
105,157
101,344
53,361
82,329
111,330
97,322
110,269
108,391
46,267
116,256
105,211
101,347
53,380
82,347
111,290
97,304
110,257
108,425
46,242
116,281
105,242
101,312
53,391
82,332
111,266
97,274
110,233
108,373
46,347
116,252
105,246
101,1024
53,482
82,737
111,402
97,256
110,570
108,361
46,357
116,378
105,249
101,439
53,398
82,266
111,253
97,249
110,217
108,325
46,244
116,256
105,205
101,337
53,410
82,270
111,257
97,291
110,230
108,352
46,236
116,215
105,276
101,305
53,980
82,316
111,276
97,285
110,246
108,371
46,198
116,256
105,219
101,407
53,461
82,355
111,329
97,286
110,222
108,378
46,253
116,244
105,264
101,315
53,420
82,447
111,317
97,396
110,277
108,359
46,202
116,261
105,252
101,326
53,385
82,322
111,317
97,325
110,363
108,520
46,218
116,242
105,253
101,317
53,390
82,337
111,303
97,331
110,243
108,372
46,227
116,255
105,253
101,316
53,450
82,380
111,286
97,315
110,240
108,393
46,271
116,237
105,218
101,326
53,336
82,348
111,270
97,280
110,240
108,438
46,239
116,288
105,205
101,381
53,381
82,734
111,332
97,280
110,236
108,412
46,219
116,285
105,159
101,325
53,372
82,426
111,281
97,283
110,231
108,374
46,241
116,240
105,239
101,399
53,390
82,354
111,303
97,300
110,223
108,377
46,382
116,216
105,258
101,368
53,404
82,507
111,483
97,359
110,256
108,401
46,792
116,418
105,327
101,602
53,505
82,313
111,257
97,237
110,263
108,542
46,504
116,274
105,345
101,432
53,383
82,335
111,262
97,242
110,209
108,570
46,334
116,279
105,326
101,433
53,424
82,318
111,279
97,227
110,254
108,569
46,354
116,251
105,291
101,424
53,508
82,341
111,287
97,268
110,237
108,462
46,308
116,265
105,217
101,470
53,474
82,351
111,239
97,292
110,320
108,742
46,392
116,257
105,281
101,377
53,498
82,345
111,264
97,271
110,242
108,573
46,313
116,218
105,320
101,330
53,434
82,347
111,240
97,275
110,298
108,544
46,296
116,312
105,231
101,342
53,468
82,333
111,292
97,318
110,279
108,562
46,255
116,244
105,253
101,339
53,448
82,473
111,321
97,316
110,336
108,485
46,571
116,360
105,318
101,397
53,434
82,417
111,405
97,318
110,231
108,425
46,555
116,503
105,224
101,408
53,447
82,329
111,292
97,277
110,246
108,511
46,292
116,268
105,192
101,407
53,694
82,376
111,288
97,271
110,205
108,394
46,248
116,254
105,267
101,378
53,476
82,372
111,373
97,312
110,246
108,387
46,475
116,294
105,287
101,406
53,704
82,372
111,268
97,287
110,234
108,368
46,314
116,329
105,177
101,459
53,599
82,315
111,363
97,286
110,255
108,393
46,306
116,258
105,324
101,481
53,413
82,389
111,248
97,303
110,236
108,511
46,357
116,288
105,252
101,402
53,470
82,391
111,201
97,340
110,217
108,380
46,189
116,287
105,203
101,1186
53,537
82,321
111,237
97,302
110,207
108,351
46,214
116,241
105,196
101,460
53,418
82,319
111,268
97,253
110,213
108,379
46,318
116,271
105,257
101,450
53,459
82,354
111,279
97,314
110,202
108,560
46,339
116,222
105,280
101,401
53,409
82,385
111,267
97,281
110,259
108,646
46,345
116,280
105,255
101,457
53,460
82,379
111,257
97,323
110,191
108,470
46,271
116,249
105,226
101,357
53,455
82,435
111,228
97,293
110,209
108,468
46,268
116,258
105,246
101,379
53,431
82,389
111,338
97,277
110,234
108,418
46,235
116,245
105,229
101,319
53,404
82,375
111,224
97,378
110,200
108,418
46,259
116,274
105,219
101,341
53,349
82,380
111,239
97,318
110,220
108,485
46,377
116,268
105,350
101,534
53,384
82,383
111,217
97,359
110,159
108,345
46,228
116,230
105,224
101,320
53,346
82,414
111,164
97,422
110,188
108,401
46,244
116,252
105,589
101,481
53,399
82,319
111,215
97,354
110,179
108,570
46,305
116,285
105,288
101,446
53,450
82,356
111,299
97,325
110,177
108,348
46,228
116,262
105,250
101,482
53,426
82,321
111,237
97,332
110,229
108,549
46,295
116,292
105,433
101,459
53,462
82,353
111,270
97,309
110,187
108,384
46,277
116,241
105,273
101,383
53,387
82,365
111,306
97,351
110,217
108,406
46,246
116,238
105,248
101,477
53,416
82,368
111,287
97,392
110,195
108,401
46,211
116,287
105,267
101,501
53,403
82,339
111,232
97,287
110,176
108,365
46,284
116,268
105,230
101,466
53,558
82,340
111,249
97,304
110,214
108,406
46,232
116,267
105,190
101,324
53,461
82,436
111,339
97,332
110,200
108,356
46,312
116,301
105,260
101,347
53,408
82,356
111,324
97,289
110,225
108,472
46,236
116,322
105,340
101,502
53,420
82,344
111,259
97,381
110,196
108,403
46,296
116,255
105,438
101,466
53,464
82,365
111,328
97,322
110,301
108,404
46,257
116,240
105,267
101,402
53,421
82,337
111,288
97,331
110,216
108,425
46,237
116,244
105,236
101,868
53,656
82,427
111,248
97,291
110,216
108,360
46,243
116,270
105,243
101,359
53,431
82,368
111,243
97,356
110,245
108,436
46,129
116,270
105,233
101,857
53,565
82,348
111,250
97,325
110,200
108,399
46,250
116,246
105,251
101,350
53,512
82,349
111,339
97,274
110,228
108,512
46,284
116,271
105,220
101,480
53,623
82,352
111,317
97,275
110,248
108,416
46,215
116,267
105,205
101,478
53,471
82,329
111,524
97,315
110,211
108,388
46,263
116,352
105,283
101,384
53,524
82,345
111,332
97,380
110,225
108,394
46,286
116,294
105,226
101,467
53,523
82,365
111,317
97,329
110,271
108,389
46,272
116,289
105,306
101,519
53,512
82,391
111,259
97,290
110,228
108,369
46,304
116,220
105,286
101,820
53,336
82,334
111,191
97,279
110,234
108,581
46,349
116,241
105,314
101,279
53,418
82,319
111,205
97,307
110,356
108,399
46,346
116,246
105,292
101,314
53,384
82,278
111,220
97,264
110,191
108,372
46,240
116,330
105,515
101,472
53,475
82,491
111,288
97,296
110,232
108,633
46,388
116,235
105,364
101,440
53,389
82,291
111,298
97,323
110,184
108,601
46,399
116,243
105,410
101,454
53,435
82,312
111,303
97,357
110,193
108,496
46,348
116,226
105,308
101,362
53,375
82,306
111,232
97,293
110,155
108,318
46,274
116,236
105,368
101,429
53,373
82,297
111,229
97,315
110,175
108,339
46,337
116,296
105,244
101,338
53,368
82,308
111,250
97,355
110,282
108,445
46,285
116,208
105,234
101,373
53,408
82,331
111,270
97,319
110,244
108,405
46,299
116,225
105,253
101,352
53,442
82,266
111,296
97,282
110,228
108,378
46,233
116,494
105,394
101,398
53,395
82,379
111,357
97,286
110,255
108,382
46,272
116,223
105,284
101,802
53,569
82,463
111,235
97,268
110,258
108,465
46,304
116,267
105,381
101,517
53,355
82,348
111,265
97,300
110,280
108,619
46,313
116,266
105,332
101,587
53,524
82,317
111,293
97,314
110,211
108,420
46,352
116,240
105,266
101,398
53,427
82,239
111,315
97,227
110,277
108,405
46,350
116,238
105,286
101,319
53,447
82,249
111,271
97,352
110,223
108,413
46,262
116,281
105,277
101,357
53,403
82,349
111,260
97,247
110,342
108,443
46,283
116,223
105,265
101,345
53,487
82,300
111,222
97,385
110,216
108,431
46,282
116,298
105,266
101,369
53,413
82,372
111,270
97,336
110,252
108,440
46,294
116,289
105,254
101,384
53,406
82,325
111,290
97,308
110,256
108,451
46,379
116,270
105,280
101,371
53,392
82,283
111,258
97,335
110,184
108,366
46,200
116,312
105,257
101,467
53,396
82,306
111,319
97,198
110,279
108,615
46,289
116,261
105,359
101,449
53,420
82,320
111,263
97,356
110,250
108,595
46,317
116,242
105,279
101,346
53,436
82,475
111,271
97,337
110,322
108,574
46,386
116,281
105,271
101,474
53,440
82,297
111,292
97,312
110,288
108,470
46,253
116,222
105,284
101,335
53,416
82,311
111,456
97,329
110,244
108,385
46,328
116,239
105,284
101,344
53,340
82,330
111,271
97,355
110,244
108,432
46,353
116,331
105,328
101,402
53,361
82,273
111,312
97,249
110,265
108,578
46,404
116,270
105,408
101,429
53,494
82,491
111,258
97,257
110,267
108,474
46,274
116,310
105,273
101,368
53,447
82,334
111,248
97,305
110,225
108,595
46,473
116,275
105,326
101,365
53,428
82,325
111,267
97,277
110,283
108,446
46,343
116,239
105,282
101,339
53,401
82,243
111,343
97,289
110,263
108,438
46,279
116,273
105,344
101,525
53,524
82,355
111,207
97,313
110,192
108,412
46,243
116,286
105,214
101,329
53,460
82,333
111,362
97,269
110,329
108,470
46,235
116,248
105,210
101,346
53,446
82,316
111,370
97,240
110,254
108,413
46,221
116,309
105,184
101,340
53,360
82,334
111,256
97,257
110,224
108,444
46,264
116,263
105,243
101,333
53,328
82,356
111,229
97,314
110,478
108,339
46,265
116,348
105,211
101,359
53,358
82,525
111,413
97,193
110,310
108,356
46,261
116,270
105,253
101,354
53,383
82,341
111,343
97,394
110,239
108,442
46,221
116,276
105,238
101,344
53,414
82,334
111,216
97,402
110,265
108,440
46,208
116,317
105,258
101,363
53,370
82,292
111,206
97,303
110,236
108,377
46,225
116,234
105,222
101,379
53,361
82,338
111,285
97,298
110,211
108,410
46,273
116,266
105,238
101,317
53,379
82,343
111,184
97,279
110,223
108,454
46,298
116,283
105,178
101,298
53,386
82,364
111,217
97,392
110,249
108,399
46,259
116,287
105,211
101,382
53,377
82,340
111,197
97,365
110,228
108,405
46,250
116,347
105,87
101,395
53,389
82,347
111,165
97,410
110,214
108,408
46,267
116,246
105,221
101,349
53,389
82,331
111,207
97,364
110,171
108,377
46,251
116,235
105,256
101,329
53,382
82,396
111,308
97,741
110,280
108,417
46,273
116,217
105,216
101,326
53,340
82,289
111,237
97,318
110,204
108,410
46,423
116,271
105,333
101,789
53,362
82,308
111,217
97,285
110,266
108,579
46,271
116,291
105,269
101,381
53,445
82,409
111,234
97,267
110,230
108,376
46,236
116,264
105,333
101,396
53,451
82,310
111,244
97,288
110,218
108,341
46,420
116,301
105,308
101,375
53,378
82,299
111,199
97,291
110,236
108,352
46,301
116,227
105,301
101,316
53,384
82,297
111,191
97,319
110,305
108,426
46,312
116,239
105,294
101,342
53,376
82,283
111,206
97,269
110,322
108,433
46,243
116,263
105,255
101,380
53,371
82,258
111,219
97,311
110,237
108,366
46,325
116,232
105,248
101,301
53,392
82,333
111,192
97,301
110,216
108,362
46,274
116,244
105,245
101,363
53,449
82,354
111,283
97,532
110,260
108,431
46,405
116,262
105,298
101,328
53,353
82,307
111,160
97,278
110,263
108,554
46,278
116,251
105,270
101,372
53,414
82,373
111,174
97,380
110,249
108,427
46,274
116,399
105,303
101,373
53,426
82,314
111,190
97,348
110,221
108,343
46,251
116,241
105,270
101,310
53,374
82,333
111,240
97,278
110,246
108,349
46,337
116,280
105,325
101,422
53,350
82,292
111,274
97,401
110,280
108,447
46,288
116,275
105,274
101,316
53,400
82,329
111,154
97,338
110,319
108,517
46,379
116,263
105,248
101,324
53,397
82,251
111,252
97,317
110,204
108,385
46,266
116,222
105,221
101,326
53,332
82,336
111,155
97,371
110,261
108,385
46,231
116,242
105,292
101,283
53,349
82,339
111,206
97,331
110,239
108,371
46,303
116,233
105,271
101,334
53,370
82,322
111,200
97,320
110,212
108,561
46,279
116,231
105,264
101,336
53,409
82,437
111,44
97,422
110,256
108,426
46,289
116,241
105,248
101,280
53,376
82,328
111,307
97,397
110,344
108,346
46,213
116,318
105,249
101,317
53,349
82,290
111,242
97,306
110,268
108,442
46,367
116,195
105,346
101,208
53,325
82,277
111,312
97,415
110,254
108,390
46,256
116,302
105,229
101,354
53,433
82,290
111,218
97,310
110,202
108,370
46,236
116,262
105,309
101,371
53,357
82,431
111,244
97,323
110,323
108,420
46,275
116,278
105,479
101,453
53,338
82,365
111,201
97,293
110,242
108,300
46,293
116,273
105,265
101,341
53,352
82,346
111,269
97,300
110,242
108,477
46,291
116,278
105,277
101,327
53,351
82,296
111,288
97,233
110,232
108,537
46,307
116,246
105,268
101,322
53,380
82,319
111,354
97,241
110,490
108,381
46,255
116,241
105,276
101,453
53,430
82,362
111,274
97,270
110,277
108,368
46,294
116,237
105,265
101,340
53,429
82,304
111,379
97,140
110,178
108,419
46,261
116,255
105,220
101,332
53,355
82,294
111,266
97,297
110,253
108,573
46,337
116,239
105,247
101,357
53,362
82,306
111,199
97,347
110,181
108,529
46,420
116,209
105,300
101,908
53,559
82,344
111,196
97,279
110,236
108,569
46,325
116,209
105,290
101,557
53,497
82,371
111,227
97,299
110,232
108,405
46,643
116,280
105,311
101,300
53,430
82,291
111,275
97,289
110,415
108,525
46,355
116,241
105,285
101,334
53,581
82,406
111,234
97,352
110,301
108,441
46,316
116,281
105,401
101,549
53,554
82,349
111,262
97,314
110,317
108,444
46,316
116,288
105,256
101,363
53,459
82,437
111,205
97,322
110,308
108,408
46,285
116,242
105,278
101,317
53,403
82,358
111,258
97,322
110,295
108,504
46,347
116,284
105,283
101,329
53,491
82,466
111,295
97,388
110,248
108,356
46,298
116,272
105,272
101,360
53,461
82,345
111,260
97,405
110,330
108,427
46,307
116,255
105,264
101,365
53,441
82,404
111,247
97,376
110,231
108,460
46,308
116,305
105,309
101,351
53,546
82,368
111,336
97,256
110,252
108,415
46,279
116,301
105,243
101,345
53,399
82,343
111,246
97,327
110,250
108,489
46,281
116,271
105,235
101,355
53,384
82,329
111,306
97,297
110,285
108,524
46,354
116,244
105,274
101,613
53,499
82,328
111,196
97,315
110,255
108,422
46,266
116,249
105,241
101,310
53,438
82,312
111,239
97,273
110,218
108,387
46,202
116,260
105,220
101,302
53,420
82,452
111,225
97,298
110,226
108,369
46,289
116,249
105,322
101,392
53,427
82,342
111,221
97,354
110,202
108,370
46,396
116,174
105,302
101,447
53,792
82,500
111,237
97,363
110,310
108,403
46,283
116,244
105,245
101,438
53,421
82,348
111,210
97,253
110,178
108,307
46,260
116,237
105,242
101,316
53,461
82,275
111,219
97,277
110,175
108,305
46,296
116,267
105,283
101,310
53,418
82,294
111,196
97,280
110,182
108,334
46,728
116,254
105,321
101,360
53,347
82,295
111,228
97,382
110,177
108,474
46,364
116,249
105,310
101,289
53,338
82,284
111,235
97,263
110,197
108,329
46,338
116,288
105,200
101,287
53,401
82,279
111,260
97,226
110,226
108,693
46,343
116,302
105,305
101,349
53,402
82,257
111,229
97,254
110,243
108,466
46,384
116,253
105,260
101,314
53,364
82,271
111,244
97,313
110,242
108,397
46,252
116,250
105,355
101,493
53,383
82,336
111,224
97,322
110,260
108,368
46,326
116,235
105,303
101,325
53,375
82,290
111,254
97,262
110,307
108,405
46,299
116,242
105,290
101,313
53,349
82,298
111,195
97,317
110,190
108,367
46,299
116,436
105,289
101,344
53,370
82,297
111,245
97,292
110,259
108,382
46,259
116,251
105,267
101,301
53,377
82,336
111,224
97,268
110,254
108,373
46,274
116,264
105,252
101,314
53,362
82,339
111,246
97,345
110,196
108,336
46,304
116,250
105,264
101,304
53,371
82,371
111,225
97,329
110,189
108,380
46,229
116,281
105,209
101,279
53,343
82,274
111,241
97,282
110,300
108,507
46,289
116,241
105,254
101,316
53,391
82,378
111,110
97,385
110,257
108,384
46,231
116,241
105,247
101,303
53,355
82,262
111,271
97,254
110,187
108,356
46,262
116,259
105,225
101,322
53,358
82,304
111,325
97,190
110,614
108,398
46,215
116,282
105,233
101,290
53,341
82,370
111,226
97,299
110,226
108,330
46,305
116,243
105,228
101,323
53,427
82,291
111,322
97,251
110,233
108,594
46,283
116,223
105,291
101,372
53,537
82,523
111,277
97,290
110,280
108,476
46,428
116,48
105,563
101,334
53,345
82,272
111,262
97,311
110,191
108,305
46,340
116,287
105,235
101,314
53,310
82,349
111,225
97,309
110,266
108,406
46,210
116,326
105,206
101,364
53,345
82,315
111,302
97,302
110,260
108,385
46,316
116,248
105,246
101,304
53,312
82,273
111,313
97,344
110,276
108,374
46,362
116,315
105,276
101,311
53,345
82,266
111,295
97,285
110,241
108,332
46,313
116,241
105,272
101,307
53,382
82,335
111,270
97,264
110,245
108,368
46,268
116,271
105,251
101,877
53,460
82,303
111,251
97,288
110,225
108,408
46,388
116,297
105,256
101,297
53,437
82,341
111,270
97,251
110,243
108,362
46,247
116,289
105,282
101,346
53,337
82,321
111,259
97,318
110,232
108,441
46,276
116,251
105,269
101,346
53,311
82,353
111,227
97,296
110,236
108,309
46,264
116,265
105,227
101,286
53,348
82,265
111,294
97,263
110,231
108,498
46,353
116,256
105,264
101,253
53,392
82,347
111,204
97,402
110,226
108,326
46,261
116,302
105,208
101,306
53,333
82,261
111,291
97,263
110,166
108,390
46,258
116,284
105,274
101,304
53,360
82,348
111,268
97,227
110,233
108,349
46,214
116,285
105,247
101,221
53,419
82,374
111,363
97,244
110,385
108,451
46,274
116,315
105,249
101,331
53,375
82,320
111,261
97,260
110,217
108,367
46,335
116,263
105,251
101,338
53,335
82,338
111,274
97,257
110,297
108,536
46,292
116,271
105,299
101,321
53,361
82,346
111,291
97,278
110,220
108,373
46,358
116,308
105,238
101,291
53,370
82,296
111,290
97,290
110,235
108,433
46,399
116,218
105,268
101,313
53,326
82,334
111,282
97,273
110,270
108,547
46,281
116,315
105,225
101,710
53,470
82,385
111,238
97,315
110,310
108,416
46,269
116,267
105,274
101,333
53,391
82,331
111,274
97,341
110,296
108,433
46,266
116,270
105,280
101,333
53,408
82,400
111,250
97,305
110,247
108,353
46,978
116,240
105,265
101,276
53,371
82,284
111,251
97,288
110,201
108,331
46,246
116,265
105,291
101,279
53,366
82,376
111,220
97,274
110,206
108,395
46,341
116,329
105,148
101,329
53,386
82,537
111,428
97,347
110,231
108,451
46,238
116,376
105,297
101,328
53,390
82,311
111,288
97,332
110,232
108,551
