46,509
116,131
105,180
101,951
53,438
82,195
111,174
97,190
110,580
108,493
46,238
116,184
105,177
101,504
53,374
82,197
111,160
97,183
110,216
108,252
46,482
116,155
105,168
101,854
53,574
82,211
111,154
97,374
110,270
108,224
46,362
116,198
105,426
101,384
53,926
82,211
111,179
97,315
110,243
108,211
46,393
116,170
105,279
101,547
53,467
82,164
111,182
97,169
110,209
108,409
46,555
116,156
105,156
101,247
53,483
82,204
111,174
97,192
110,249
108,387
46,325
116,142
105,429
101,324
53,574
82,209
111,185
97,179
110,244
108,311
46,554
116,293
105,192
101,926
53,427
82,210
111,198
97,153
110,224
108,363
46,258
116,160
105,173
101,701
53,434
82,182
111,161
97,155
110,452
108,265
46,276
116,163
105,159
101,351
53,414
82,182
111,177
97,192
110,197
108,320
46,260
116,145
105,161
101,513
53,508
82,409
111,227
97,294
110,240
108,301
46,333
116,144
105,188
101,433
53,401
82,259
111,220
97,197
110,340
108,363
46,370
116,152
105,177
101,324
53,510
82,197
111,172
97,180
110,232
108,539
46,457
116,127
105,170
101,286
53,405
82,218
111,207
97,196
110,216
108,402
46,315
116,195
105,181
101,770
53,756
82,228
111,151
97,209
110,213
108,253
46,234
116,167
105,179
101,298
53,490
82,223
111,195
97,168
110,188
108,420
46,259
116,206
105,154
101,419
53,447
82,189
111,160
97,183
110,178
108,359
46,318
116,134
105,200
101,455
53,471
82,191
111,162
97,170
110,175
108,359
46,189
116,165
105,186
101,656
53,464
82,247
111,207
97,163
110,183
108,329
46,190
116,199
105,123
101,593
53,696
82,189
111,171
97,184
110,187
108,286
46,194
116,192
105,162
101,780
53,448
82,274
111,193
97,198
110,219
108,366
46,224
116,189
105,158
101,510
53,345
82,194
111,157
97,161
110,193
108,305
46,300
116,152
105,482
101,620
53,477
82,199
111,183
97,146
110,199
108,587
46,308
116,116
105,171
101,313
53,411
82,157
111,168
97,198
110,164
108,317
46,313
116,142
105,166
101,272
53,381
82,196
111,173
97,211
110,212
108,434
46,182
116,189
105,141
101,312
53,456
82,234
111,255
97,169
110,181
108,288
46,620
116,157
105,160
101,271
53,412
82,207
111,164
97,176
110,190
108,385
46,325
116,154
105,171
101,251
53,379
82,200
111,164
97,192
110,186
108,300
46,242
116,188
105,153
101,265
53,425
82,182
111,171
97,189
110,185
108,225
46,352
116,188
105,205
101,810
53,776
82,193
111,212
97,166
110,211
108,496
46,202
116,201
105,170
101,481
53,384
82,213
111,172
97,193
110,206
108,472
46,246
116,160
105,167
101,329
53,389
82,205
111,160
97,211
110,190
108,523
46,341
116,176
105,151
101,424
53,545
82,191
111,153
97,181
110,204
108,439
46,437
116,133
105,298
101,516
53,458
82,189
111,155
97,170
110,166
108,426
46,370
116,174
105,143
101,230
53,343
82,191
111,144
97,209
110,195
108,398
46,168
116,191
105,166
101,567
53,411
82,195
111,212
97,60
110,589
108,276
46,269
116,153
105,158
101,360
53,497
82,201
111,168
97,192
110,214
108,480
46,201
116,186
105,172
101,255
53,353
82,180
111,214
97,231
110,201
108,306
46,189
116,162
105,524
101,476
53,371
82,220
111,199
97,265
110,231
108,374
46,193
116,191
105,188
101,327
53,421
82,251
111,180
97,197
110,220
108,621
46,200
116,165
105,174
101,524
53,448
82,236
111,525
97,262
110,216
108,395
46,213
116,168
105,146
101,274
53,404
82,180
111,167
97,226
110,173
108,458
46,178
116,192
105,571
101,619
53,401
82,222
111,171
97,234
110,192
108,617
46,186
116,202
105,138
101,521
53,391
82,212
111,185
97,214
110,221
108,379
46,208
116,172
105,157
101,258
53,392
82,234
111,695
97,211
110,203
108,273
46,288
116,178
105,181
101,213
53,418
82,250
111,201
97,268
110,235
108,671
46,254
116,204
105,156
101,619
53,391
82,206
111,187
97,214
110,209
108,492
46,193
116,445
105,271
101,536
53,430
82,237
111,198
97,187
110,222
108,370
46,250
116,160
105,213
101,313
53,386
82,188
111,160
97,199
110,189
108,481
46,241
116,135
105,194
101,513
53,467
82,191
111,166
97,203
110,212
108,347
46,524
116,144
105,199
101,857
53,427
82,225
111,149
97,197
110,215
108,407
46,188
116,246
105,241
101,321
53,406
82,197
111,166
97,184
110,215
108,276
46,212
116,159
105,165
101,267
53,393
82,209
111,137
97,174
110,225
108,354
46,305
116,131
105,167
101,284
53,400
82,222
111,140
97,206
110,204
108,384
46,195
116,180
105,158
101,254
53,395
82,245
111,182
97,165
110,194
108,297
46,331
116,139
105,148
101,237
53,458
82,232
111,627
97,161
110,192
108,286
46,184
116,230
105,154
101,257
53,560
82,286
111,182
97,171
110,182
108,218
46,191
116,172
105,150
101,233
53,461
82,386
111,193
97,173
110,189
108,248
46,220
116,178
105,181
101,217
53,384
82,455
111,200
97,183
110,173
108,293
46,295
116,138
105,177
101,712
53,435
82,384
111,206
97,183
110,239
108,257
46,211
116,162
105,178
101,228
53,416
82,411
111,247
97,198
110,217
108,263
46,216
116,163
105,166
101,335
53,460
82,381
111,217
97,191
110,224
108,347
46,204
116,168
105,155
101,193
53,376
82,245
111,153
97,196
110,235
108,597
46,230
116,170
105,169
101,330
53,341
82,243
111,185
97,208
110,198
108,409
46,167
116,201
105,152
101,283
53,457
82,384
111,168
97,195
110,220
108,322
46,181
116,185
105,149
101,261
53,730
82,356
111,616
97,186
110,211
108,311
46,168
116,186
105,130
101,224
53,419
82,263
111,188
97,201
110,187
108,306
46,167
116,199
105,156
101,275
53,464
82,234
111,139
97,222
110,190
108,307
46,204
116,193
105,153
101,232
53,363
82,287
111,190
97,227
110,217
108,261
46,216
116,202
105,608
101,276
53,438
82,237
111,206
97,192
110,221
108,367
46,192
116,179
105,158
101,289
53,433
82,224
111,172
97,199
110,209
108,256
46,221
116,220
105,422
101,555
53,340
82,186
111,172
97,197
110,201
108,292
46,198
116,157
105,146
101,855
53,429
82,193
111,150
97,180
110,213
108,254
46,209
116,174
105,140
101,232
53,366
82,214
111,184
97,171
110,173
108,324
46,211
116,152
105,170
101,242
53,825
82,229
111,199
97,222
110,176
108,257
46,206
116,163
105,160
101,472
53,402
82,181
111,167
97,221
110,180
108,326
46,188
116,166
105,226
101,373
53,388
82,212
111,172
97,156
110,190
108,492
46,141
116,177
105,144
101,201
53,495
82,231
111,238
97,194
110,179
108,283
46,143
116,178
105,142
101,182
53,347
82,262
111,188
97,184
110,168
108,293
46,198
116,209
105,153
101,372
53,369
82,235
111,175
97,181
110,175
108,352
46,167
116,177
105,129
101,271
53,370
82,220
111,180
97,164
110,198
108,304
46,174
116,188
105,114
101,279
53,450
82,203
111,171
97,177
110,160
108,353
46,172
116,156
105,187
101,206
53,396
82,211
111,169
97,187
110,173
108,289
46,168
116,175
105,146
101,209
53,399
82,192
111,166
97,169
110,185
108,269
46,160
116,213
105,149
101,217
53,331
82,197
111,221
97,204
110,233
108,261
46,180
116,195
105,145
101,189
53,332
82,221
111,184
97,175
110,194
108,376
46,169
116,184
105,167
101,383
53,539
82,211
111,178
97,175
110,164
108,283
46,178
116,197
105,158
101,322
53,341
82,212
111,155
97,201
110,180
108,409
46,189
116,172
105,146
101,232
53,305
82,205
111,179
97,217
110,180
108,279
46,194
116,184
105,175
101,257
53,492
82,188
111,180
97,195
110,210
108,483
46,197
116,174
105,183
101,274
53,340
82,211
111,146
97,207
110,195
108,253
46,187
116,180
105,137
101,203
53,319
82,206
111,167
97,188
110,194
108,552
46,220
116,168
105,162
101,210
53,327
82,191
111,179
97,216
110,196
108,427
46,199
116,191
105,229
101,209
53,312
82,196
111,177
97,176
110,177
108,224
46,185
116,180
105,178
101,534
53,348
82,227
111,160
97,199
110,201
108,282
46,158
116,190
105,139
101,250
53,454
82,208
111,164
97,189
110,191
108,457
46,183
116,156
105,165
101,213
53,336
82,218
111,175
97,193
110,199
108,259
46,171
116,202
105,145
101,208
53,412
82,290
111,184
97,176
110,205
108,476
46,194
116,170
105,483
101,274
53,433
82,215
111,166
97,188
110,179
108,343
46,193
116,169
105,135
101,233
53,426
82,188
111,179
97,169
110,178
108,825
46,435
116,169
105,147
101,1107
53,401
82,204
111,153
97,191
110,171
108,366
46,208
116,167
105,141
101,286
53,452
82,206
111,153
97,193
110,195
108,260
46,181
116,172
105,140
101,248
53,472
82,167
111,185
97,183
110,207
108,301
46,175
116,187
105,149
101,227
53,358
82,206
111,223
97,201
110,212
108,258
46,208
116,162
105,150
101,247
53,374
82,227
111,177
97,193
110,218
108,349
46,242
116,193
105,152
101,1479
53,630
82,206
111,187
97,185
110,188
108,252
46,199
116,163
105,175
101,223
53,331
82,267
111,184
97,211
110,194
108,309
46,193
116,174
105,140
101,238
53,377
82,234
111,184
97,184
110,177
108,306
46,200
116,171
105,146
101,231
53,353
82,252
111,121
97,215
110,218
108,332
46,201
116,166
105,148
101,258
53,348
82,248
111,208
97,180
110,200
108,271
46,185
116,167
105,157
101,234
53,684
82,213
111,154
97,194
110,175
108,261
46,248
116,171
105,216
101,473
53,328
82,214
111,183
97,179
110,173
108,360
46,166
116,195
105,150
101,464
53,342
82,242
111,167
97,210
110,181
108,277
46,179
116,179
105,155
101,554
53,401
82,220
111,207
97,167
110,190
108,289
46,261
116,363
105,224
101,213
53,335
82,232
111,160
97,194
110,186
108,402
46,177
116,171
105,154
101,234
53,371
82,199
111,224
97,180
110,155
108,319
46,149
116,181
105,158
101,191
53,325
82,241
111,151
97,210
110,199
108,289
46,182
116,173
105,117
101,231
53,354
82,209
111,141
97,193
110,208
108,366
46,163
116,165
105,147
101,233
53,344
82,224
111,184
97,199
110,212
108,329
46,201
116,172
105,157
101,244
53,320
82,229
111,167
97,176
110,185
108,312
46,163
116,188
105,121
101,286
53,319
82,201
111,174
97,179
110,182
108,293
46,209
116,213
105,130
101,235
53,559
82,259
111,214
97,197
110,182
108,237
46,180
116,198
105,170
101,251
53,377
82,246
111,204
97,175
110,212
108,299
46,165
116,167
105,133
101,257
53,311
82,254
111,540
97,169
110,199
108,232
46,180
116,168
105,142
101,234
53,301
82,216
111,179
97,171
110,192
108,293
46,235
116,193
105,162
101,225
53,305
82,230
111,178
97,201
110,218
108,259
46,233
116,185
105,210
101,212
53,325
82,221
111,187
97,224
110,201
108,497
46,210
116,168
105,176
101,248
53,289
82,233
111,168
97,203
110,183
108,241
46,412
116,168
105,158
101,207
53,288
82,235
111,168
97,211
110,195
108,225
46,204
116,190
105,175
101,269
53,308
82,216
111,219
97,231
110,380
108,289
46,212
116,172
105,154
101,272
53,373
82,209
111,176
97,197
110,177
108,273
46,201
116,205
105,156
101,224
53,356
82,209
111,185
97,212
110,275
108,316
46,192
116,189
105,159
101,241
53,363
82,189
111,183
97,179
110,212
108,320
46,510
116,115
105,155
101,218
53,307
82,207
111,180
97,202
110,191
108,279
46,141
116,195
105,129
101,222
53,312
82,202
111,180
97,207
110,241
108,278
46,178
116,155
105,131
101,1386
53,265
82,197
111,152
97,187
110,183
108,270
46,181
116,167
105,118
101,552
53,537
82,179
111,145
97,185
110,204
108,256
46,211
116,176
105,136
101,233
53,398
82,187
111,171
97,196
110,177
108,281
46,231
116,208
105,169
101,562
53,299
82,263
111,140
97,200
110,183
108,265
46,193
116,155
105,138
101,271
53,414
82,192
111,185
97,177
110,164
108,311
46,172
116,170
105,135
101,214
53,332
82,190
111,176
97,202
110,183
108,314
46,187
116,192
105,147
101,211
53,327
82,235
111,167
97,187
110,215
108,271
46,195
116,168
105,161
101,205
53,331
82,215
111,168
97,196
110,191
108,364
46,149
116,217
105,131
101,234
53,432
82,221
111,156
97,189
110,205
108,252
46,144
116,183
105,137
101,233
53,329
82,403
111,174
97,172
110,197
108,212
46,190
116,151
105,155
101,242
53,338
82,201
111,169
97,191
110,181
108,246
46,202
116,179
105,118
101,265
53,336
82,201
111,177
97,160
110,190
108,299
46,416
116,132
105,152
101,1133
53,470
82,155
111,172
97,206
110,161
108,350
46,150
116,154
105,153
101,222
53,407
82,186
111,227
97,162
110,175
108,283
46,161
116,172
105,126
101,274
53,364
82,201
111,169
97,220
110,179
108,301
46,279
116,139
105,163
101,214
53,316
82,175
111,166
97,191
110,174
108,280
46,170
116,152
105,150
101,209
53,326
82,179
111,183
97,171
110,148
108,276
46,148
116,169
105,143
101,198
53,297
82,211
111,185
97,183
110,194
108,249
46,162
116,178
105,136
101,248
53,311
82,210
111,216
97,191
110,169
108,252
46,179
116,190
105,142
101,218
53,318
82,192
111,200
97,170
110,153
108,259
46,158
116,173
105,134
101,242
53,313
82,220
111,176
97,193
110,153
108,232
46,162
116,194
105,128
101,267
53,338
82,199
111,186
97,186
110,195
108,332
46,204
116,171
105,145
101,193
53,336
82,231
111,166
97,196
110,166
108,262
46,176
116,176
105,122
101,202
53,321
82,205
111,154
97,200
110,158
108,240
46,169
116,167
105,141
101,201
53,322
82,222
111,173
97,187
110,151
108,259
46,184
116,143
105,154
101,208
53,330
82,174
111,182
97,169
110,181
108,250
46,156
116,174
105,151
101,256
53,597
82,222
111,184
97,173
110,179
108,235
46,197
116,152
105,149
101,592
53,361
82,227
111,152
97,194
110,155
108,265
46,166
116,170
105,132
101,238
53,298
82,202
111,169
97,203
110,170
108,269
46,183
116,155
105,159
101,209
53,328
82,224
111,191
97,197
110,156
108,240
46,204
116,180
105,156
101,204
53,378
82,257
111,168
97,192
110,156
108,245
46,160
116,168
105,141
101,229
53,314
82,220
111,182
97,202
110,206
108,224
46,137
116,197
105,140
101,251
53,333
82,223
111,174
97,177
110,180
108,254
46,155
116,155
105,184
101,195
53,329
82,206
111,186
97,192
110,173
108,264
46,144
116,198
105,115
101,295
53,664
82,166
111,187
97,170
110,184
108,289
46,118
116,203
105,152
101,263
53,327
82,229
111,148
97,205
110,204
108,329
46,198
116,168
105,194
101,216
53,318
82,237
111,188
97,229
110,177
108,365
46,205
116,189
105,186
101,250
53,295
82,603
111,195
97,165
110,166
108,264
46,172
116,181
105,156
101,213
53,312
82,265
111,183
97,162
110,223
108,290
46,163
116,162
105,154
101,270
53,336
82,441
111,202
97,199
110,206
108,244
46,164
116,187
105,138
101,257
53,339
82,260
111,158
97,198
110,183
108,250
46,204
116,178
105,165
101,215
53,352
82,239
111,183
97,176
110,182
108,259
46,156
116,184
105,149
101,277
53,313
82,226
111,160
97,211
110,187
108,242
46,133
116,176
105,162
101,203
53,327
82,190
111,202
97,176
110,195
108,231
46,181
116,203
105,166
101,201
53,307
82,204
111,181
97,176
110,178
108,240
46,169
116,180
105,125
101,244
53,325
82,254
111,194
97,170
110,197
108,283
46,210
116,156
105,169
101,405
53,314
82,222
111,177
97,172
110,175
108,257
46,179
116,181
105,135
101,242
53,356
82,215
111,180
97,201
110,178
108,274
46,161
116,212
105,105
101,260
53,292
82,192
111,191
97,172
110,193
108,246
46,184
116,179
105,166
101,220
53,302
82,191
111,169
97,198
110,198
108,229
46,165
116,180
105,137
101,222
53,302
82,223
111,163
97,202
110,191
108,262
46,159
116,162
105,165
101,222
53,328
82,217
111,202
97,178
110,188
108,277
46,171
116,205
105,159
101,307
53,343
82,230
111,198
97,229
110,168
108,290
46,182
116,182
105,154
101,282
53,360
82,209
111,158
97,199
110,177
108,275
46,194
116,176
105,148
101,234
53,287
82,234
111,152
97,197
110,203
108,262
46,153
116,161
105,142
101,222
53,293
82,246
111,174
97,180
110,224
108,273
46,196
116,161
105,169
101,209
53,302
82,163
111,179
97,188
110,176
108,221
46,153
116,164
105,133
101,213
53,277
82,209
111,188
97,175
110,189
108,239
46,132
116,200
105,143
101,219
53,288
82,186
111,188
97,186
110,170
108,257
46,139
116,176
105,145
101,211
53,306
82,196
111,161
97,175
110,157
108,276
46,158
116,164
105,151
101,261
53,345
82,200
111,162
97,194
110,193
108,269
46,151
116,174
105,177
101,241
53,297
82,211
111,180
97,185
110,196
108,278
46,148
116,190
105,177
101,223
53,493
82,183
111,177
97,187
110,195
108,227
46,119
116,180
105,166
101,234
53,290
82,194
111,192
97,163
110,216
108,258
46,211
116,218
105,138
101,274
53,338
82,159
111,165
97,193
110,188
108,274
46,181
116,169
105,151
101,295
53,426
82,190
111,132
97,194
110,177
108,281
46,197
116,164
105,141
101,285
53,400
82,209
111,170
97,201
110,201
108,263
46,189
116,165
105,146
101,185
53,314
82,210
111,166
97,215
110,181
108,245
46,168
116,235
105,130
101,221
53,269
82,192
111,159
97,220
110,174
108,240
46,669
116,159
105,141
101,188
53,320
82,185
111,116
97,224
110,150
108,248
46,169
116,175
105,138
101,239
53,309
82,205
111,173
97,209
110,186
108,285
46,164
116,185
105,133
101,223
53,319
82,203
111,167
97,192
110,198
108,256
46,201
116,160
105,183
101,183
53,322
82,217
111,153
97,223
110,184
108,275
46,199
116,159
105,160
101,186
53,283
82,185
111,184
97,206
110,184
108,231
46,172
116,179
105,163
101,191
53,291
82,190
111,157
97,224
110,167
108,373
46,160
116,156
105,175
101,246
53,312
82,246
111,186
97,244
110,183
108,284
46,217
116,208
105,163
101,189
53,298
82,242
111,139
97,243
110,196
108,284
46,237
116,185
105,194
101,238
53,304
82,182
111,165
97,225
110,175
108,255
46,177
116,178
105,190
101,180
53,279
82,216
111,162
97,240
110,177
108,227
46,186
116,169
105,173
101,175
53,295
82,203
111,156
97,233
110,185
108,267
46,163
116,207
105,152
101,236
53,337
82,200
111,167
97,228
110,208
108,362
46,243
116,144
105,211
101,179
53,262
82,224
111,173
97,641
110,182
108,288
46,176
116,178
105,155
101,213
53,306
82,624
111,216
97,193
110,214
108,242
46,154
116,188
105,151
101,214
53,315
82,443
111,210
97,187
110,195
108,582
46,187
116,174
105,192
101,238
53,387
82,222
111,166
97,229
110,190
108,311
46,164
116,199
105,144
101,241
53,357
82,229
111,147
97,219
110,201
108,243
46,259
116,192
105,152
101,202
53,429
82,222
111,187
97,215
110,196
108,286
46,173
116,172
105,169
101,220
53,366
82,241
111,205
97,212
110,195
108,263
46,162
116,171
105,151
101,259
53,306
82,215
111,158
97,150
110,203
108,295
46,180
116,164
105,159
101,205
53,332
82,190
111,152
97,206
110,197
108,244
46,154
116,177
105,140
101,251
53,427
82,199
111,155
97,223
110,177
108,249
46,176
116,160
105,179
101,229
53,373
82,213
111,170
97,210
110,226
108,279
46,217
116,194
105,125
101,239
53,369
82,181
111,182
97,195
110,192
108,274
46,165
116,193
105,154
101,211
53,330
82,192
111,184
97,188
110,200
108,439
46,142
116,206
105,140
101,226
53,889
82,864
111,230
97,172
110,189
108,213
46,133
116,221
105,574
101,232
53,297
82,205
111,185
97,219
110,198
108,256
46,195
116,174
105,155
101,228
53,358
82,188
111,195
97,192
110,191
108,278
46,206
116,176
105,142
101,227
53,317
82,192
111,198
97,210
110,268
108,380
46,174
116,188
105,201
101,191
53,314
82,215
111,186
97,186
110,211
108,271
46,174
116,182
105,142
101,224
53,245
82,196
111,181
97,223
110,226
108,418
46,156
116,176
105,162
101,252
53,575
82,254
111,235
97,156
110,203
108,281
46,188
116,155
105,169
101,211
53,314
82,232
111,160
97,246
110,223
108,271
46,173
116,195
105,126
101,264
53,331
82,309
111,221
97,228
110,214
108,261
46,170
116,202
105,557
101,292
53,553
82,212
111,164
97,207
110,200
108,248
46,184
116,172
105,149
101,258
53,308
82,233
111,188
97,212
110,195
108,255
46,192
116,180
105,160
101,234
53,334
82,234
111,194
97,205
110,231
108,239
46,171
116,172
105,143
101,244
53,385
82,220
111,168
97,214
110,213
108,246
46,206
116,184
105,133
101,252
53,331
82,202
111,166
97,199
110,224
108,267
46,206
116,183
105,541
101,265
53,472
82,234
111,161
97,235
110,159
108,258
46,182
116,206
105,126
101,238
53,348
82,214
111,163
97,215
110,191
108,238
46,186
116,196
105,388
101,207
53,326
82,159
111,171
97,184
110,205
108,243
46,174
116,226
105,126
101,247
53,362
82,211
111,154
97,254
110,231
108,259
46,320
116,204
105,401
101,294
53,295
82,159
111,183
97,179
110,194
108,231
46,171
116,186
105,159
101,1151
53,359
82,177
111,185
97,193
110,178
108,234
46,193
116,198
105,169
101,242
53,327
82,200
111,205
97,185
110,182
108,309
46,151
116,170
105,141
101,278
53,444
82,193
111,160
97,179
110,164
108,255
46,150
116,193
105,118
101,250
53,287
82,183
111,159
97,191
110,175
108,273
46,180
116,188
105,125
101,248
53,304
82,193
111,149
97,201
110,218
108,309
46,191
116,198
105,145
101,236
53,284
82,167
111,176
97,208
110,170
108,250
46,161
116,197
105,155
101,209
53,279
82,170
111,182
97,184
110,202
108,254
46,207
116,220
105,108
101,258
53,376
82,173
111,169
97,189
110,178
108,240
46,183
116,194
105,132
101,200
53,277
82,173
111,196
97,206
110,163
108,226
46,219
116,213
105,122
101,211
53,285
82,192
111,134
97,243
110,160
108,250
46,159
116,224
105,127
101,1335
53,344
82,197
111,164
97,200
110,165
108,267
46,209
116,163
105,165
101,219
53,292
82,179
111,187
97,186
110,186
108,270
46,178
116,199
105,185
101,221
53,337
82,213
111,172
97,181
110,177
108,242
46,167
116,211
105,172
101,176
53,316
82,212
111,179
97,236
110,193
108,248
46,188
116,202
105,189
101,227
53,300
82,206
111,217
97,222
110,200
108,242
46,189
116,220
105,156
101,210
53,306
82,218
111,170
97,174
110,188
108,278
46,221
116,184
105,190
101,237
53,301
82,226
111,160
97,237
110,188
108,255
46,228
116,422
105,205
101,235
53,297
82,203
111,153
97,224
110,205
108,264
46,201
116,815
105,225
101,193
53,292
82,207
111,135
97,280
110,232
108,297
46,208
116,184
105,188
101,289
53,312
82,210
111,217
97,188
110,236
108,430
46,190
116,158
105,182
101,219
53,291
82,211
111,176
97,182
110,191
108,273
46,165
116,186
105,190
101,234
53,261
82,207
111,144
97,221
110,200
108,256
46,183
116,196
105,168
101,243
53,338
82,228
111,138
97,240
110,203
108,294
46,177
116,208
105,153
101,242
53,315
82,714
111,224
97,151
110,200
108,321
46,225
116,208
105,217
101,1252
53,454
82,201
111,151
97,208
110,223
108,287
46,186
116,209
105,206
101,301
53,371
82,248
111,138
97,230
110,203
108,265
46,197
116,196
105,177
101,193
53,333
82,204
111,187
97,214
110,214
108,336
46,208
116,216
105,182
101,270
53,297
82,213
111,179
97,173
110,201
108,291
46,615
116,170
105,191
101,537
53,344
82,207
111,165
97,222
110,189
108,321
46,166
116,201
105,272
101,228
53,472
82,683
111,185
97,188
110,207
108,471
46,154
116,174
105,170
101,280
53,328
82,149
111,216
97,176
110,246
108,341
46,166
116,196
105,157
101,240
53,333
82,253
111,160
97,213
110,213
108,514
46,198
116,195
105,188
101,346
53,353
82,250
111,181
97,221
110,196
108,271
46,197
116,209
105,144
101,213
53,295
82,191
111,135
97,240
110,197
108,253
46,179
116,183
105,206
101,243
53,317
82,237
111,163
97,226
110,183
108,257
46,193
116,222
105,162
101,197
53,342
82,206
111,239
97,155
110,211
108,292
46,232
116,240
105,436
101,226
53,317
82,215
111,159
97,203
110,200
108,669
46,667
116,167
105,159
101,182
53,266
82,196
111,121
97,218
110,197
108,258
46,161
116,170
105,134
101,244
53,392
82,190
111,170
97,229
110,199
108,239
46,153
116,191
105,126
101,248
53,328
82,212
111,154
97,198
110,201
108,256
46,231
116,216
105,667
101,254
53,581
82,268
111,157
97,207
110,159
108,251
46,189
116,202
105,115
101,446
53,340
82,211
111,142
97,208
110,189
108,222
46,144
116,178
105,165
101,226
53,328
82,209
111,132
97,230
110,200
108,264
46,197
116,202
105,129
101,741
53,399
82,191
111,192
97,190
110,163
108,295
46,182
116,206
105,398
101,230
53,311
82,202
111,173
97,198
110,223
108,234
46,185
116,218
105,237
101,235
53,319
82,227
111,195
97,216
110,217
108,229
46,194
116,208
105,217
101,214
53,317
82,258
111,157
97,223
110,203
108,258
46,192
116,193
105,507
101,287
53,352
82,295
111,107
97,667
110,215
108,220
46,212
116,200
105,146
101,640
53,365
82,245
111,172
97,238
110,169
108,306
46,200
116,432
105,209
101,267
53,295
82,231
111,167
97,219
110,228
108,379
46,222
116,305
105,209
101,212
53,313
82,216
111,170
97,225
110,213
108,324
46,195
116,297
105,204
101,253
53,315
82,273
111,208
97,198
110,242
108,295
46,146
116,216
105,111
101,322
53,354
82,193
111,164
97,188
110,162
108,267
46,179
116,179
105,130
101,271
53,447
82,188
111,170
97,177
110,149
108,245
46,152
116,184
105,128
101,236
53,322
82,197
111,157
97,173
110,193
108,237
46,179
116,167
105,174
101,213
53,308
82,193
111,170
97,196
110,189
108,261
46,176
116,188
105,172
101,233
53,334
82,171
111,156
97,177
110,181
108,248
46,181
116,194
105,288
101,252
53,373
82,211
111,162
97,190
110,190
108,260
46,170
116,198
105,146
101,238
53,286
82,210
111,137
97,185
110,176
108,248
46,209
116,163
105,170
101,605
53,375
82,228
111,159
97,191
110,170
108,305
46,159
116,180
105,132
101,248
53,330
82,204
111,168
97,203
110,198
108,252
46,186
116,186
105,141
101,225
53,326
82,200
111,158
97,190
110,205
108,255
46,188
116,187
105,159
101,225
53,299
82,207
111,162
97,204
110,186
108,258
46,158
116,204
105,156
101,239
53,272
82,225
111,141
97,264
110,159
108,300
46,164
116,179
105,164
101,229
53,347
82,252
111,130
97,222
110,144
108,265
46,180
116,188
105,158
101,249
53,328
82,205
111,169
97,199
110,178
108,270
46,184
116,194
105,165
101,240
53,325
82,283
111,131
97,242
110,239
108,232
46,214
116,184
105,135
101,230
53,344
82,208
111,172
97,193
110,203
108,248
46,246
116,242
105,165
101,231
53,298
82,186
111,196
97,165
110,212
108,216
46,201
116,173
105,186
101,227
53,309
82,206
111,138
97,196
110,218
108,273
46,152
116,183
105,180
101,216
53,291
82,194
111,155
97,223
110,220
108,235
46,180
116,213
105,177
101,218
53,316
82,246
111,180
97,213
110,223
108,160
46,183
116,174
105,142
101,456
53,412
82,637
111,219
97,142
110,208
108,242
46,190
116,173
105,495
101,271
53,319
82,214
111,198
97,185
110,196
108,299
46,230
116,429
105,390
101,214
53,282
82,195
111,187
97,177
110,213
108,303
46,206
116,197
105,213
101,229
53,371
82,234
111,176
97,213
110,200
108,275
46,186
116,217
105,174
101,336
53,320
82,246
111,185
97,220
110,204
108,343
46,215
116,173
105,194
101,260
53,337
82,258
111,180
97,204
110,190
108,260
46,222
116,167
105,670
101,245
53,366
82,273
111,119
97,220
110,195
108,230
46,157
116,230
105,570
101,254
53,344
82,229
111,170
97,189
110,202
108,268
46,212
116,185
105,1022
101,216
53,517
82,232
111,153
97,202
110,172
108,242
46,169
116,183
105,173
101,239
53,277
82,206
111,153
97,220
110,216
108,257
46,192
116,174
105,193
101,202
53,283
82,203
111,175
97,203
110,210
108,263
46,194
116,157
105,589
101,273
53,317
82,182
111,177
97,186
110,185
108,235
46,211
116,172
105,144
101,237
53,292
82,171
111,169
97,217
110,188
108,237
46,217
116,193
105,157
101,244
53,319
82,187
111,176
97,168
110,227
108,238
46,214
116,187
105,139
101,269
53,370
82,266
111,266
97,175
110,218
108,221
46,171
116,205
105,322
101,256
53,278
82,217
111,158
97,188
110,204
108,266
46,189
116,198
105,199
101,218
53,319
82,214
111,172
97,186
110,205
108,227
46,159
116,189
105,172
101,213
53,596
82,296
111,169
97,200
110,213
108,258
46,196
116,157
105,165
101,210
53,299
82,239
111,111
97,196
110,435
108,277
46,172
116,159
105,161
101,243
53,334
82,223
111,184
97,170
110,196
108,291
46,214
116,161
105,194
101,245
53,324
82,195
111,185
97,158
110,226
108,267
46,172
116,201
105,184
101,214
53,311
82,228
111,154
97,216
110,216
108,257
46,351
116,162
105,176
101,232
53,298
82,177
111,208
97,208
110,195
108,371
46,182
116,202
105,426
101,250
53,316
82,180
111,188
97,180
110,203
108,248
46,183
116,163
105,136
101,257
53,317
82,194
111,214
97,177
110,234
108,401
46,155
116,189
105,159
101,331
53,321
82,212
111,197
97,190
110,209
108,278
46,174
116,165
105,409
101,347
53,356
82,201
111,195
97,192
110,182
108,339
46,172
116,190
105,148
101,288
53,330
82,228
111,160
97,218
110,226
108,322
46,510
116,166
105,153
101,233
53,283
82,188
111,134
97,216
110,205
108,297
46,193
116,188
105,222
101,254
53,324
82,241
111,160
97,221
110,183
108,395
46,184
116,181
105,154
101,980
53,427
82,224
111,150
97,179
110,200
108,266
46,170
116,204
105,183
101,290
53,356
82,202
111,232
97,169
110,194
108,285
46,176
116,191
105,198
101,264
53,343
82,210
111,202
97,198
110,214
108,285
46,191
116,192
105,161
101,239
53,311
82,198
111,178
97,178
110,197
108,260
46,177
116,130
105,184
101,205
53,322
82,195
111,189
97,170
110,216
108,253
46,199
116,183
105,161
101,275
53,337
82,216
111,182
97,183
110,189
108,253
46,164
116,196
105,178
101,248
53,352
82,261
111,198
97,201
110,191
108,276
46,190
116,187
105,169
101,234
53,344
82,227
111,176
97,184
110,226
108,283
46,172
116,204
105,154
101,235
53,319
82,260
111,159
97,211
110,208
108,261
46,222
116,197
105,167
101,306
53,357
82,224
111,198
97,198
110,208
108,285
46,202
116,192
105,168
101,265
53,358
82,228
111,163
97,232
110,197
108,266
46,199
116,171
105,621
101,349
53,389
82,126
111,410
97,210
110,210
108,254
46,160
116,179
105,187
101,289
53,405
82,412
111,203
97,173
110,215
108,237
46,207
116,164
105,181
101,274
53,350
82,242
111,165
97,193
110,216
108,285
46,209
116,162
105,187
101,272
53,375
82,555
111,212
97,165
110,224
108,255
46,191
116,208
105,149
101,289
53,453
82,203
111,174
97,218
110,187
108,254
46,204
116,211
105,184
101,274
53,346
82,256
111,205
97,191
110,211
108,285
46,177
116,220
105,170
101,256
53,366
82,234
111,177
97,195
110,203
108,240
46,190
116,211
105,199
101,296
53,448
82,257
111,182
97,222
110,218
108,266
46,179
116,209
105,144
101,259
53,367
82,205
111,186
97,193
110,208
108,265
46,197
116,192
105,181
101,281
53,308
82,250
111,164
97,234
110,202
108,276
46,221
116,166
105,201
101,230
53,322
82,205
111,174
97,189
110,230
108,296
46,207
116,183
105,185
101,241
53,274
82,221
111,168
97,196
110,224
108,248
46,188
116,200
105,159
101,245
53,329
82,252
111,168
97,218
110,214
108,292
46,198
116,259
105,193
101,231
53,317
82,200
111,169
97,198
110,196
108,282
46,198
116,196
105,202
101,284
53,354
82,227
111,176
97,205
110,227
108,297
46,214
116,339
105,217
101,245
53,351
82,271
111,192
97,226
110,238
108,371
46,201
116,173
105,190
101,257
53,315
82,221
111,176
97,237
110,222
108,310
46,195
116,177
105,191
101,258
53,568
82,218
111,164
97,198
110,261
108,306
46,264
116,191
105,185
101,264
53,447
82,512
111,196
97,186
110,244
108,480
46,241
116,179
105,180
101,235
53,378
82,264
111,210
97,227
110,233
108,291
46,230
116,187
105,240
101,251
53,331
82,268
111,214
97,153
110,240
108,277
46,190
116,179
105,209
101,255
53,400
82,286
111,195
97,264
110,222
108,315
46,205
116,180
105,182
101,256
53,367
82,228
111,173
97,214
110,209
108,282
46,208
116,196
105,203
101,251
53,370
82,236
111,198
97,209
110,248
108,298
46,189
116,176
105,205
101,261
53,373
82,220
111,165
97,215
110,260
108,278
46,168
116,224
105,189
101,277
53,405
82,208
111,196
97,230
110,239
108,283
46,153
116,195
105,172
101,251
53,339
82,222
111,173
97,207
110,216
108,284
46,213
116,166
105,182
101,282
53,312
82,218
111,235
97,209
110,213
108,231
46,160
116,180
105,150
101,242
53,364
82,231
111,169
97,217
110,219
108,259
46,179
116,189
105,206
101,242
53,328
82,210
111,189
97,249
110,235
108,243
46,192
116,189
105,177
101,268
53,337
82,121
111,505
97,231
110,219
108,276
46,192
116,210
105,187
101,281
53,336
82,226
111,163
97,213
110,244
108,270
46,174
116,228
105,181
101,242
53,301
82,340
111,274
97,242
110,213
108,252
46,149
116,194
105,187
101,267
53,330
82,211
111,181
97,204
110,206
108,552
46,219
116,192
105,163
101,230
53,327
82,204
111,202
97,199
110,226
108,246
46,187
116,210
105,196
101,242
53,333
82,222
111,207
97,161
110,221
108,276
46,170
116,192
105,220
101,280
53,336
82,259
111,128
97,209
110,225
108,269
46,187
116,187
105,199
101,218
53,353
82,447
111,188
97,193
110,451
108,299
46,170
116,181
105,169
101,220
53,297
82,204
111,169
97,195
110,234
108,317
