46,361
116,168
105,223
101,559
53,872
82,739
111,302
97,209
110,259
108,405
46,406
116,188
105,202
101,679
53,833
82,592
111,289
97,282
110,297
108,307
46,375
116,191
105,234
101,294
53,481
82,436
111,287
97,272
110,256
108,284
46,450
116,198
105,139
101,309
53,480
82,368
111,228
97,177
110,302
108,322
46,323
116,147
105,140
101,885
53,633
82,606
111,232
97,171
110,283
108,298
46,339
116,147
105,175
101,694
53,496
82,368
111,267
97,154
110,275
108,296
46,321
116,159
105,144
101,745
53,578
82,354
111,306
97,115
110,285
108,278
46,299
116,182
105,121
101,555
53,710
82,558
111,267
97,156
110,259
108,319
46,314
116,156
105,159
101,514
53,399
82,324
111,272
97,162
110,305
108,352
46,244
116,180
105,143
101,509
53,333
82,336
111,302
97,494
110,287
108,270
46,245
116,180
105,126
101,532
53,392
82,423
111,256
97,188
110,254
108,675
46,254
116,206
105,109
101,529
53,438
82,289
111,352
97,162
110,238
108,298
46,491
116,161
105,135
101,502
53,362
82,250
111,263
97,111
110,209
108,276
46,262
116,186
105,270
101,574
53,496
82,416
111,329
97,463
110,723
108,297
46,308
116,126
105,147
101,458
53,344
82,317
111,262
97,152
110,234
108,314
46,206
116,185
105,104
101,594
53,323
82,290
111,283
97,171
110,196
108,292
46,262
116,163
105,120
101,499
53,490
82,417
111,358
97,261
110,262
108,295
46,225
116,154
105,117
101,481
53,475
82,359
111,271
97,159
110,264
108,284
46,280
116,143
105,168
101,514
53,380
82,286
111,241
97,163
110,227
108,313
46,281
116,207
105,151
101,404
53,368
82,293
111,279
97,271
110,223
108,286
46,282
116,158
105,102
101,445
53,301
82,252
111,239
97,194
110,227
108,313
46,336
116,136
105,165
101,488
53,354
82,258
111,212
97,214
110,270
108,297
46,245
116,135
105,124
101,583
53,388
82,287
111,794
97,274
110,282
108,333
46,235
116,141
105,126
101,633
53,328
82,259
111,261
97,196
110,235
108,252
46,222
116,192
105,106
101,470
53,334
82,224
111,240
97,219
110,300
108,952
46,287
116,340
105,211
101,964
53,356
82,298
111,290
97,439
110,280
108,262
46,487
116,217
105,117
101,1140
53,460
82,288
111,392
97,235
110,238
108,254
46,311
116,158
105,124
101,551
53,414
82,245
111,294
97,193
110,248
108,289
46,389
116,233
105,183
101,480
53,332
82,210
111,322
97,198
110,220
108,249
46,389
116,172
105,126
101,459
53,304
82,235
111,246
97,229
110,236
108,265
46,383
116,240
105,110
101,525
53,434
82,243
111,243
97,192
110,256
108,275
46,353
116,198
105,113
101,489
53,359
82,202
111,241
97,202
110,231
108,328
46,278
116,179
105,128
101,505
53,384
82,260
111,254
97,202
110,250
108,324
46,340
116,208
105,92
101,557
53,366
82,257
111,194
97,599
110,299
108,315
46,281
116,187
105,119
101,666
53,1597
82,419
111,318
97,298
110,301
108,375
46,234
116,174
105,92
101,695
53,438
82,272
111,219
97,205
110,252
108,247
46,277
116,205
105,74
101,802
53,816
82,327
111,290
97,188
110,265
108,268
46,296
116,202
105,79
101,681
53,362
82,276
111,213
97,232
110,174
108,297
46,216
116,194
105,69
101,925
53,648
82,349
111,280
97,188
110,201
108,262
46,225
116,167
105,100
101,473
53,318
82,222
111,194
97,448
110,349
108,283
46,394
116,218
105,152
101,458
53,363
82,228
111,198
97,243
110,245
108,284
46,202
116,189
105,96
101,680
53,337
82,251
111,244
97,182
110,237
108,616
46,302
116,156
105,264
101,857
53,592
82,214
111,209
97,220
110,214
108,294
46,204
116,192
105,68
101,493
53,384
82,291
111,222
97,174
110,254
108,283
46,372
116,196
105,212
101,1013
53,341
82,278
111,271
97,220
110,289
108,350
46,317
116,271
105,166
101,516
53,377
82,296
111,280
97,143
110,225
108,252
46,261
116,182
105,65
101,1368
53,338
82,310
111,220
97,228
110,307
108,278
46,260
116,229
105,137
101,509
53,344
82,189
111,260
97,213
110,244
108,273
46,247
116,179
105,84
101,921
53,337
82,217
111,213
97,140
110,199
108,305
46,437
116,152
105,102
101,586
53,408
82,291
111,283
97,209
110,155
108,277
46,375
116,239
105,188
101,702
53,468
82,596
111,268
97,197
110,262
108,241
46,276
116,161
105,147
101,661
53,362
82,515
111,264
97,672
110,264
108,237
46,311
116,184
105,76
101,617
53,435
82,686
111,261
97,178
110,246
108,228
46,183
116,179
105,89
101,478
53,467
82,338
111,249
97,159
110,186
108,237
46,193
116,178
105,119
101,543
53,402
82,475
111,254
97,205
110,258
108,253
46,202
116,168
105,83
101,533
53,568
82,345
111,280
97,186
110,207
108,249
46,265
116,171
105,89
101,453
53,328
82,329
111,268
97,193
110,239
108,253
46,290
116,185
105,89
101,431
53,424
82,263
111,183
97,217
110,194
108,294
46,275
116,222
105,109
101,480
53,322
82,211
111,215
97,148
110,216
108,299
46,222
116,152
105,102
101,537
53,357
82,240
111,186
97,181
110,203
108,283
46,425
116,154
105,134
101,527
53,325
82,237
111,207
97,225
110,242
108,286
46,408
116,156
105,124
101,541
53,332
82,239
111,165
97,182
110,170
108,284
46,483
116,161
105,99
101,535
53,285
82,229
111,195
97,171
110,183
108,299
46,376
116,189
105,99
101,531
53,292
82,230
111,179
97,195
110,164
108,340
46,254
116,165
105,99
101,459
53,275
82,195
111,184
97,175
110,223
108,256
46,228
116,161
105,103
101,482
53,308
82,238
111,199
97,144
110,253
108,280
46,176
116,187
105,507
101,771
53,271
82,243
111,158
97,186
110,207
108,347
46,236
116,107
105,152
101,1089
53,361
82,257
111,241
97,171
110,206
108,243
46,199
116,181
105,125
101,456
53,375
82,227
111,172
97,144
110,219
108,266
46,290
116,176
105,171
101,489
53,332
82,205
111,180
97,135
110,200
108,261
46,269
116,181
105,129
101,409
53,320
82,180
111,189
97,128
110,571
108,306
46,228
116,187
105,115
101,458
53,258
82,209
111,163
97,139
110,200
108,239
46,259
116,187
105,125
101,491
53,294
82,213
111,174
97,172
110,216
108,315
46,184
116,169
105,156
101,530
53,338
82,237
111,252
97,189
110,226
108,270
46,318
116,148
105,145
101,563
53,281
82,223
111,169
97,177
110,175
108,326
46,228
116,407
105,405
101,678
53,389
82,237
111,212
97,156
110,160
108,385
46,195
116,186
105,131
101,567
53,263
82,221
111,201
97,179
110,239
108,282
46,392
116,659
105,275
101,547
53,404
82,275
111,236
97,196
110,235
108,249
46,461
116,205
105,868
101,482
53,420
82,294
111,343
97,217
110,265
108,254
46,331
116,260
105,221
101,489
53,272
82,214
111,227
97,129
110,249
108,270
46,433
116,296
105,195
101,1003
53,328
82,203
111,186
97,118
110,251
108,360
46,587
116,166
105,151
101,927
53,635
82,238
111,161
97,197
110,171
108,746
46,661
116,163
105,149
101,511
53,271
82,228
111,206
97,160
110,270
108,319
46,335
116,157
105,123
101,450
53,284
82,233
111,220
97,155
110,320
108,280
46,426
116,174
105,135
101,468
53,279
82,229
111,213
97,160
110,224
108,306
46,260
116,149
105,175
101,505
53,306
82,234
111,182
97,184
110,233
108,308
46,313
116,164
105,160
101,470
53,277
82,177
111,216
97,128
110,265
108,288
46,376
116,206
105,131
101,448
53,303
82,267
111,317
97,142
110,255
108,231
46,223
116,178
105,132
101,452
53,233
82,195
111,199
97,173
110,229
108,255
46,236
116,165
105,103
101,450
53,333
82,216
111,212
97,234
110,269
108,279
46,227
116,193
105,147
101,461
53,320
82,256
111,178
97,185
110,217
108,290
46,264
116,138
105,161
101,1149
53,357
82,337
111,243
97,177
110,221
108,243
46,319
116,240
105,102
101,1282
53,315
82,230
111,161
97,197
110,202
108,283
46,452
116,137
105,166
101,438
53,261
82,197
111,189
97,171
110,188
108,297
46,294
116,145
105,86
101,1462
53,546
82,208
111,151
97,175
110,142
108,229
46,137
116,213
105,252
101,690
53,312
82,251
111,133
97,161
110,204
108,297
46,213
116,180
105,93
101,439
53,270
82,186
111,118
97,184
110,226
108,298
46,402
116,178
105,136
101,492
53,315
82,174
111,219
97,191
110,208
108,326
46,443
116,141
105,135
101,504
53,368
82,232
111,165
97,183
110,186
108,278
46,244
116,185
105,97
101,442
53,260
82,186
111,158
97,197
110,166
108,234
46,206
116,173
105,166
101,550
53,351
82,249
111,193
97,172
110,219
108,208
46,180
116,170
105,121
101,443
53,270
82,194
111,186
97,87
110,241
108,262
46,186
116,189
105,90
101,404
53,299
82,191
111,209
97,156
110,189
108,257
46,162
116,162
105,115
101,419
53,330
82,219
111,168
97,199
110,204
108,259
46,166
116,183
105,77
101,428
53,317
82,202
111,181
97,164
110,188
108,268
46,198
116,195
105,83
101,399
53,261
82,204
111,185
97,185
110,191
108,256
46,254
116,139
105,98
101,388
53,295
82,199
111,153
97,164
110,201
108,237
46,91
116,197
105,82
101,381
53,287
82,203
111,167
97,200
110,140
108,235
46,219
116,162
105,127
101,645
53,333
82,221
111,178
97,173
110,189
108,273
46,228
116,165
105,121
101,431
53,284
82,188
111,175
97,129
110,205
108,239
46,128
116,185
105,98
101,436
53,783
82,320
111,172
97,178
110,207
108,278
46,171
116,142
105,144
101,392
53,306
82,217
111,217
97,183
110,187
108,318
46,227
116,155
105,167
101,401
53,309
82,188
111,203
97,198
110,229
108,283
46,217
116,139
105,172
101,470
53,321
82,247
111,205
97,205
110,204
108,285
46,339
116,228
105,173
101,420
53,305
82,199
111,186
97,184
110,141
108,376
46,195
116,158
105,133
101,373
53,239
82,190
111,205
97,174
110,118
108,326
46,136
116,189
105,94
101,428
53,267
82,222
111,222
97,170
110,177
108,274
46,208
116,139
105,120
101,386
53,339
82,306
111,176
97,196
110,244
108,262
46,196
116,192
105,117
101,442
53,295
82,217
111,190
97,160
110,173
108,289
46,111
116,134
105,153
101,444
53,367
82,412
111,222
97,166
110,224
108,258
46,239
116,163
105,167
101,388
53,256
82,215
111,197
97,159
110,188
108,301
46,258
116,133
105,125
101,294
53,695
82,287
111,184
97,201
110,217
108,282
46,194
116,207
105,550
101,531
53,284
82,231
111,185
97,207
110,168
108,279
46,191
116,172
105,148
101,481
53,316
82,299
111,193
97,186
110,171
108,280
46,217
116,163
105,130
101,439
53,357
82,249
111,187
97,185
110,135
108,303
46,152
116,145
105,85
101,819
53,339
82,281
111,286
97,110
110,204
108,272
46,221
116,576
105,115
101,494
53,258
82,197
111,242
97,137
110,836
108,201
46,925
116,168
105,195
101,726
53,328
82,236
111,213
97,137
110,228
108,274
46,507
116,146
105,175
101,531
53,306
82,216
111,239
97,195
110,198
108,291
46,497
116,166
105,152
101,512
53,306
82,220
111,190
97,163
110,658
108,294
46,298
116,157
105,170
101,487
53,295
82,198
111,269
97,190
110,163
108,286
46,447
116,173
105,139
101,432
53,302
82,211
111,195
97,183
110,206
108,271
46,329
116,156
105,139
101,490
53,233
82,198
111,232
97,182
110,230
108,317
46,459
116,195
105,112
101,367
53,366
82,242
111,232
97,180
110,172
108,304
46,311
116,150
105,104
101,416
53,303
82,207
111,224
97,178
110,165
108,305
46,427
116,163
105,113
101,1047
53,502
82,266
111,284
97,194
110,204
108,320
46,276
116,202
105,109
101,472
53,267
82,216
111,226
97,190
110,131
108,272
46,328
116,202
105,116
101,524
53,308
82,175
111,183
97,117
110,139
108,232
46,390
116,168
105,163
101,531
53,264
82,206
111,202
97,162
110,171
108,261
46,331
116,214
105,163
101,880
53,406
82,332
111,252
97,231
110,267
108,294
46,269
116,197
105,137
101,389
53,331
82,214
111,212
97,191
110,202
108,286
46,338
116,194
105,127
101,438
53,426
82,318
111,236
97,202
110,312
108,299
46,283
116,180
105,143
101,817
53,402
82,283
111,261
97,138
110,235
108,331
46,193
116,179
105,109
101,420
53,272
82,179
111,220
97,170
110,205
108,261
46,280
116,173
105,97
101,656
53,535
82,239
111,194
97,150
110,189
108,265
46,255
116,162
105,123
101,1338
53,372
82,231
111,427
97,184
110,185
108,300
46,221
116,179
105,108
101,503
53,363
82,223
111,240
97,120
110,246
108,323
46,270
116,191
105,120
101,508
53,326
82,207
111,287
97,170
110,177
108,283
46,188
116,186
105,115
101,538
53,282
82,186
111,208
97,185
110,157
108,280
46,244
116,171
105,104
101,479
53,317
82,234
111,189
97,188
110,159
108,274
46,247
116,171
105,108
101,429
53,329
82,214
111,230
97,155
110,178
108,263
46,228
116,152
105,125
101,417
53,262
82,198
111,169
97,161
110,228
108,277
46,281
116,196
105,127
101,549
53,305
82,219
111,196
97,92
110,337
108,284
46,228
116,160
105,98
101,429
53,267
82,244
111,276
97,157
110,195
108,216
46,265
116,164
105,149
101,395
53,288
82,269
111,200
97,187
110,180
108,246
46,233
116,146
105,137
101,374
53,281
82,208
111,173
97,194
110,175
108,272
46,224
116,133
105,154
101,426
53,286
82,248
111,185
97,185
110,175
108,248
46,210
116,181
105,119
101,343
53,259
82,223
111,178
97,211
110,136
108,290
46,201
116,201
105,57
101,477
53,290
82,243
111,208
97,187
110,160
108,326
46,245
116,212
105,161
101,427
53,323
82,250
111,330
97,132
110,241
108,272
46,215
116,204
105,131
101,427
53,245
82,259
111,242
97,188
110,215
108,373
46,177
116,207
105,93
101,512
53,502
82,235
111,154
97,180
110,153
108,278
46,189
116,178
105,71
101,408
53,276
82,222
111,213
97,115
110,244
108,303
46,234
116,181
105,100
101,387
53,332
82,184
111,279
97,147
110,237
108,281
46,219
116,179
105,104
101,375
53,261
82,226
111,210
97,187
110,183
108,308
46,183
116,186
105,78
101,393
53,278
82,192
111,248
97,161
110,188
108,278
46,236
116,150
105,133
101,636
53,350
82,290
111,275
97,202
110,239
108,236
46,185
116,203
105,98
101,320
53,391
82,230
111,288
97,162
110,209
108,256
46,449
116,163
105,121
101,313
53,349
82,239
111,199
97,180
110,161
108,246
46,230
116,186
105,1465
101,322
53,417
82,347
111,188
97,195
110,178
108,249
46,177
116,205
105,106
101,309
53,330
82,222
111,215
97,144
110,158
108,301
46,232
116,217
105,93
101,331
53,394
82,258
111,325
97,181
110,184
108,275
46,204
116,180
105,133
101,503
53,302
82,200
111,219
97,166
110,151
108,264
46,198
116,206
105,82
101,317
53,390
82,235
111,258
97,130
110,335
108,242
46,223
116,184
105,111
101,284
53,353
82,225
111,228
97,158
110,183
108,217
46,285
116,126
105,120
101,625
53,772
82,235
111,393
97,252
110,204
108,273
46,251
116,206
105,121
101,321
53,316
82,200
111,206
97,185
110,124
108,247
46,236
116,170
105,70
101,900
53,299
82,250
111,271
97,90
110,205
108,346
46,224
116,151
105,119
101,255
53,358
82,260
111,264
97,179
110,200
108,217
46,411
116,218
105,105
101,716
53,360
82,236
111,163
97,182
110,181
108,248
46,165
116,184
105,108
101,377
53,401
82,243
111,155
97,201
110,138
108,299
46,256
116,164
105,126
101,314
53,310
82,225
111,258
97,154
110,117
108,273
46,242
116,199
105,141
101,329
53,375
82,325
111,260
97,185
110,224
108,285
46,245
116,158
105,143
101,293
53,347
82,257
111,158
97,192
110,233
108,255
46,222
116,196
105,82
101,970
53,321
82,253
111,198
97,156
110,199
108,272
46,239
116,169
105,124
101,301
53,374
82,264
111,190
97,210
110,313
108,324
46,509
116,147
105,126
101,347
53,344
82,231
111,180
97,160
110,186
108,319
46,161
116,193
105,104
101,370
53,348
82,240
111,198
97,184
110,105
108,281
46,212
116,187
105,126
101,940
53,308
82,253
111,185
97,178
110,119
108,258
46,170
116,212
105,128
101,443
53,334
82,249
111,178
97,167
110,129
108,259
46,345
116,175
105,94
101,923
53,279
82,309
111,373
97,168
110,249
108,465
46,257
116,189
105,419
101,491
53,288
82,233
111,171
97,205
110,179
108,206
46,317
116,185
105,365
101,546
53,282
82,230
111,228
97,183
110,119
108,241
46,352
116,140
105,234
101,582
53,377
82,250
111,212
97,119
110,448
108,234
46,492
116,206
105,252
101,430
53,275
82,238
111,187
97,141
110,167
108,240
46,296
116,203
105,85
101,280
53,319
82,605
111,181
97,155
110,187
108,233
46,271
116,197
105,156
101,590
53,328
82,213
111,167
97,194
110,217
108,147
46,640
116,185
105,198
101,322
53,313
82,259
111,260
97,167
110,186
108,260
46,153
116,514
105,132
101,337
53,298
82,221
111,197
97,168
110,280
108,213
46,260
116,227
105,88
101,297
53,340
82,236
111,275
97,213
110,189
108,264
46,206
116,194
105,351
101,1092
53,281
82,492
111,214
97,164
110,245
108,263
46,174
116,167
105,128
101,276
53,396
82,168
111,213
97,122
110,267
108,259
46,299
116,119
105,184
101,463
53,291
82,196
111,176
97,151
110,161
108,230
46,165
116,163
105,152
101,484
53,296
82,248
111,216
97,178
110,242
108,251
46,361
116,143
105,97
101,444
53,263
82,201
111,192
97,133
110,169
108,220
46,216
116,112
105,97
101,302
53,429
82,277
111,286
97,165
110,203
108,238
46,205
116,136
105,162
101,224
53,307
82,203
111,212
97,86
110,220
108,487
46,263
116,142
105,143
101,261
53,304
82,177
111,188
97,67
110,153
108,257
46,180
116,180
105,122
101,329
53,860
82,303
111,331
97,161
110,219
108,269
46,155
116,173
105,110
101,249
53,303
82,178
111,213
97,138
110,146
108,247
46,200
116,157
105,104
101,239
53,342
82,191
111,215
97,116
110,170
108,166
46,126
116,159
105,112
101,268
53,334
82,208
111,187
97,166
110,174
108,263
46,185
116,170
105,136
101,581
53,439
82,271
111,189
97,198
110,204
108,266
46,201
116,170
105,82
101,677
53,257
82,799
111,231
97,134
110,207
108,196
46,155
116,171
105,119
101,412
53,398
82,264
111,453
97,211
110,236
108,317
46,146
116,196
105,69
101,250
53,326
82,190
111,210
97,79
110,122
108,255
46,226
116,160
105,106
101,272
53,313
82,212
111,243
97,175
110,225
108,307
46,242
116,118
105,158
101,285
53,306
82,201
111,210
97,177
110,183
108,222
46,167
116,162
105,139
101,210
53,321
82,227
111,207
97,176
110,188
108,244
46,168
116,173
105,133
101,1036
53,257
82,241
111,179
97,183
110,161
108,234
46,243
116,293
105,185
101,1400
53,303
82,243
111,159
97,138
110,220
108,217
46,158
116,185
105,78
101,284
53,444
82,286
111,181
97,162
110,159
108,255
46,254
116,198
105,187
101,357
53,595
82,587
111,260
97,225
110,269
108,299
46,184
116,194
105,75
101,727
53,359
82,481
111,228
97,192
110,214
108,214
46,271
116,195
105,79
101,537
53,296
82,261
111,205
97,143
110,193
108,225
46,225
116,103
105,174
101,519
53,330
82,219
111,221
97,97
110,181
108,244
46,175
116,111
105,160
101,327
53,339
82,241
111,225
97,75
110,192
108,247
46,296
116,149
105,112
101,349
53,336
82,260
111,215
97,123
110,155
108,252
46,213
116,213
105,102
101,352
53,422
82,318
111,226
97,133
110,167
108,260
46,285
116,193
105,305
101,826
53,497
82,243
111,132
97,135
110,174
108,288
46,220
116,211
105,144
101,480
53,287
82,190
111,237
97,114
110,200
108,291
46,249
116,171
105,160
101,451
53,228
82,191
111,194
97,129
110,157
108,271
46,243
116,152
105,131
101,392
53,548
82,257
111,187
97,181
110,182
108,248
46,173
116,162
105,124
101,393
53,217
82,210
111,203
97,140
110,167
108,296
46,218
116,154
105,148
101,359
53,268
82,159
111,190
97,166
110,122
108,232
46,206
116,160
105,161
101,360
53,279
82,221
111,181
97,163
110,176
108,250
46,209
116,155
105,151
101,328
53,255
82,195
111,192
97,147
110,198
108,237
46,245
116,153
105,121
101,411
53,259
82,182
111,207
97,127
110,185
108,275
46,586
116,212
105,211
101,456
53,258
82,187
111,194
97,126
110,222
108,272
46,172
116,176
105,113
101,340
53,253
82,188
111,203
97,146
110,193
108,226
46,209
116,102
105,186
101,409
53,269
82,169
111,215
97,99
110,203
108,255
46,229
116,255
105,94
101,1090
53,281
82,246
111,193
97,174
110,225
108,212
46,221
116,189
105,100
101,497
53,422
82,325
111,236
97,99
110,190
108,255
46,150
116,192
105,87
101,328
53,346
82,247
111,323
97,136
110,218
108,262
46,415
116,684
105,259
101,407
53,274
82,193
111,193
97,141
110,162
108,246
46,195
116,145
105,129
101,349
53,361
82,213
111,157
97,156
110,173
108,242
46,215
116,154
105,131
101,292
53,318
82,197
111,225
97,167
110,174
108,142
46,175
116,188
105,81
101,270
53,738
82,217
111,208
97,172
110,207
108,260
46,167
116,203
105,406
101,429
53,510
82,552
111,148
97,151
110,193
108,216
46,319
116,155
105,93
101,260
53,562
82,467
111,181
97,148
110,182
108,221
46,221
116,192
105,137
101,741
53,781
82,277
111,248
97,163
110,217
108,202
46,179
116,185
105,113
101,315
53,340
82,265
111,202
97,174
110,172
108,268
46,221
116,161
105,106
101,558
53,262
82,255
111,212
97,129
110,204
108,302
46,246
116,153
105,115
101,348
53,320
82,229
111,201
97,177
110,197
108,268
46,227
116,117
105,151
101,450
53,273
82,201
111,205
97,138
110,239
108,261
46,198
116,180
105,118
101,303
53,344
82,227
111,224
97,127
110,201
108,238
46,237
116,139
105,140
101,287
53,338
82,182
111,210
97,112
110,256
108,281
46,214
116,211
105,82
101,528
53,299
82,195
111,223
97,105
110,221
108,272
46,203
116,157
105,143
101,357
53,334
82,213
111,292
97,86
110,748
108,234
46,215
116,181
105,70
101,428
53,400
82,236
111,191
97,180
110,158
108,232
46,171
116,146
105,97
101,545
53,268
82,238
111,184
97,127
110,169
108,235
46,173
116,133
105,112
101,292
53,289
82,208
111,168
97,156
110,167
108,227
46,185
116,141
105,126
101,257
53,681
82,295
111,161
97,151
110,136
108,241
46,160
116,178
105,61
101,458
53,247
82,213
111,178
97,151
110,196
108,281
46,183
116,153
105,125
101,414
53,246
82,205
111,185
97,160
110,174
108,227
46,197
116,33
105,197
101,406
53,257
82,201
111,186
97,186
110,72
108,261
46,158
116,138
105,144
101,284
53,281
82,214
111,215
97,179
110,736
108,242
46,206
116,94
105,194
101,306
53,382
82,234
111,207
97,99
110,172
108,255
46,152
116,141
105,101
101,280
53,269
82,199
111,195
97,146
110,198
108,244
46,186
116,128
105,123
101,289
53,286
82,249
111,215
97,185
110,194
108,277
46,174
116,131
105,94
101,265
53,366
82,300
111,192
97,187
110,176
108,265
46,193
116,116
105,122
101,206
53,266
82,197
111,234
97,128
110,144
108,237
46,148
116,132
105,122
101,448
53,393
82,227
111,200
97,135
110,194
108,230
46,145
116,169
105,133
101,341
53,292
82,217
111,203
97,160
110,189
108,333
46,182
116,133
105,122
101,363
53,271
82,235
111,251
97,167
110,191
108,267
46,192
116,134
105,146
101,256
53,300
82,191
111,221
97,181
110,363
108,247
46,240
116,174
105,105
101,255
53,313
82,209
111,178
97,111
110,203
108,197
46,189
116,122
105,127
101,316
53,298
82,197
111,207
97,118
110,178
108,230
46,211
116,204
105,91
101,272
53,307
82,195
111,215
97,215
110,114
108,196
46,238
116,247
105,144
101,382
53,288
82,194
111,205
97,119
110,161
108,254
46,219
116,157
105,124
101,1098
53,273
82,195
111,177
97,135
110,205
108,246
46,157
116,180
105,101
101,1043
53,253
82,223
111,193
97,120
110,192
108,253
46,199
116,175
105,133
101,312
53,629
82,485
111,225
97,141
110,167
108,227
46,199
116,172
105,128
101,436
53,328
82,197
111,195
97,136
110,185
108,260
46,159
116,193
105,97
101,273
53,274
82,192
111,226
97,81
110,243
108,507
46,139
116,182
105,125
101,658
53,359
82,258
111,209
97,137
110,196
108,299
46,267
116,147
105,180
101,942
53,371
82,259
111,243
97,141
110,157
108,236
46,311
116,264
105,619
101,514
53,393
82,260
111,231
97,196
110,132
108,225
46,247
116,217
105,119
101,304
53,397
82,230
111,306
97,192
110,149
108,220
46,234
116,227
105,82
101,502
53,315
82,299
111,253
97,209
110,79
108,301
46,212
116,140
105,307
101,413
53,308
82,221
111,260
97,119
110,224
108,229
46,228
116,216
105,97
101,811
53,270
82,258
111,242
97,219
110,113
108,275
46,181
116,175
105,125
101,301
53,329
82,201
111,207
97,157
110,162
108,259
46,178
116,167
105,131
101,255
53,273
82,218
111,208
97,149
110,169
108,217
46,513
116,317
105,284
101,572
53,374
82,245
111,218
97,177
110,159
108,192
46,195
116,170
105,162
101,303
53,297
82,210
111,242
97,308
110,269
108,876
46,166
116,210
105,104
101,322
53,318
82,187
111,209
97,184
110,161
108,246
46,253
116,240
105,182
101,366
53,333
82,200
111,192
97,197
110,93
108,263
46,283
116,227
105,185
101,313
53,326
82,166
111,382
97,174
110,226
108,461
46,322
116,172
105,115
101,279
53,322
82,170
111,189
97,147
110,181
108,262
46,195
116,164
105,104
101,293
53,298
82,198
111,190
97,160
110,180
108,229
46,195
116,147
105,153
101,267
53,338
82,647
111,219
97,170
110,189
108,224
46,197
116,179
105,130
101,280
53,291
82,206
111,222
97,203
110,180
108,248
46,172
116,140
105,142
101,217
53,313
82,186
111,205
97,201
110,125
108,272
46,175
116,156
105,108
101,457
53,263
82,254
111,152
97,162
110,193
108,254
46,270
116,182
105,155
101,435
53,292
82,193
111,177
97,202
110,106
108,254
46,76
116,179
105,178
101,275
53,281
82,237
111,196
97,213
110,74
108,287
46,128
116,159
105,100
101,365
53,277
82,266
111,260
97,116
110,360
108,315
46,199
116,157
105,119
101,282
53,307
82,206
111,216
97,193
110,176
108,242
46,190
116,132
105,164
101,285
53,336
82,206
111,199
97,181
110,156
108,264
46,186
116,146
105,160
101,270
53,350
82,201
111,365
97,173
110,160
108,241
46,198
116,133
105,172
101,295
53,702
82,225
111,180
97,211
110,176
108,260
46,182
116,149
105,175
101,254
53,928
82,328
111,200
97,190
110,181
108,223
46,122
116,154
105,138
101,872
53,330
82,289
111,468
97,184
110,195
108,294
46,117
116,171
105,110
101,253
53,327
82,270
111,207
97,226
110,194
108,238
46,147
116,193
105,101
101,274
53,318
82,169
111,163
97,198
110,203
108,367
46,163
116,134
105,150
101,214
53,328
82,211
111,155
97,242
110,58
108,276
46,209
116,202
105,133
101,241
53,350
82,228
111,178
97,220
110,133
108,274
46,162
116,159
105,151
101,306
53,666
82,302
111,224
97,141
110,167
108,278
46,197
116,139
105,165
101,251
53,279
82,464
111,242
97,182
110,173
108,260
46,146
116,183
105,101
101,1158
53,289
82,258
111,170
97,217
110,108
108,220
46,171
116,157
105,130
101,232
53,329
82,246
111,194
97,181
110,152
108,237
46,140
116,166
105,150
101,253
53,390
82,281
111,132
97,224
110,163
108,251
46,310
116,151
105,133
101,228
53,359
82,477
111,216
97,146
110,219
108,281
46,225
116,146
105,128
101,297
53,810
82,221
111,114
97,215
110,158
108,301
46,218
116,123
105,155
101,482
53,623
82,296
111,202
97,211
110,116
108,227
46,171
116,230
105,141
101,1037
53,395
82,372
111,278
97,167
110,162
108,233
46,125
116,167
105,170
101,243
53,356
82,282
111,167
97,229
110,120
108,214
46,154
116,176
105,178
101,259
53,663
82,249
111,221
97,181
110,154
108,253
46,149
116,162
105,178
101,209
53,458
82,469
111,211
97,141
110,169
108,245
46,201
116,186
105,152
101,250
53,591
82,231
111,191
97,100
110,150
108,234
46,160
116,206
105,162
101,413
53,374
82,205
111,179
97,146
110,162
108,205
46,142
116,203
105,93
101,532
53,253
82,221
111,180
97,118
110,195
108,258
46,145
116,192
105,118
101,250
53,321
82,230
111,205
97,100
110,124
108,222
46,229
116,151
105,140
101,310
53,310
82,224
111,221
97,98
110,180
108,283
46,157
116,199
105,215
101,525
53,345
82,214
111,190
97,150
110,182
108,278
46,126
116,170
105,148
101,294
53,310
82,214
111,185
97,136
110,150
108,262
46,135
116,244
105,153
101,279
53,344
82,199
111,183
97,164
110,112
108,278
46,109
116,175
105,139
101,245
53,342
82,225
111,189
97,135
110,158
108,282
46,156
116,173
105,175
101,303
53,860
82,264
111,178
97,178
110,114
108,259
46,196
116,255
105,83
101,260
53,455
82,290
111,204
97,135
110,183
108,284
46,186
116,182
105,106
101,325
53,593
82,242
111,163
97,186
110,153
108,235
46,218
116,190
105,111
101,363
53,288
82,257
111,239
97,165
110,81
108,283
46,250
116,193
105,191
101,833
53,255
82,229
111,231
97,115
110,217
108,275
46,309
116,185
105,110
101,325
53,476
82,264
111,213
97,184
110,168
108,205
46,158
116,179
105,110
101,245
53,596
82,215
111,165
97,178
110,194
108,236
46,120
116,188
105,138
101,256
53,319
82,248
111,209
97,106
110,140
108,268
46,167
116,193
105,118
101,248
53,346
82,281
111,189
97,184
110,161
108,262
46,615
116,159
105,140
101,254
53,327
82,263
111,152
97,177
110,146
108,278
46,153
116,170
105,133
101,284
53,325
82,214
111,203
97,110
110,159
108,240
46,188
116,159
105,113
101,474
53,351
82,295
111,210
97,43
110,334
108,260
46,215
116,141
105,116
101,240
53,313
82,241
111,213
97,161
110,190
108,271
46,171
116,131
105,144
101,257
53,282
82,229
111,203
97,204
110,139
108,229
46,147
116,164
105,97
101,334
53,361
82,280
111,205
97,168
110,181
108,229
46,177
116,145
105,135
101,230
53,300
82,216
111,180
97,173
110,151
108,263
46,177
116,133
105,171
101,277
53,350
82,236
111,205
97,195
110,98
108,298
46,204
116,230
105,163
101,447
53,301
82,256
111,200
97,160
110,132
108,306
46,188
116,187
105,118
101,315
53,696
82,240
111,151
97,199
110,124
108,265
46,149
116,132
105,79
101,304
53,325
82,217
111,189
97,150
110,143
108,248
46,164
116,125
105,123
101,217
53,299
82,218
111,188
97,168
110,104
108,264
46,170
116,163
105,134
101,245
53,396
82,272
111,180
97,216
110,94
108,281
46,139
116,170
105,121
101,259
53,324
82,198
111,206
97,139
110,143
108,305
46,149
116,218
105,132
101,395
53,652
82,287
111,148
97,166
110,169
108,253
46,569
116,234
105,192
101,437
53,281
82,194
111,224
97,201
110,20
108,329
46,114
116,190
105,86
101,490
53,332
82,248
111,176
97,149
110,115
108,253
46,161
116,159
105,148
101,480
53,298
82,241
111,180
97,126
110,153
108,207
46,196
116,177
105,115
101,200
53,315
82,197
111,196
97,154
110,125
108,208
46,175
116,192
105,106
101,222
53,267
82,206
111,220
97,114
110,147
108,247
46,188
116,117
105,177
101,430
53,350
82,205
111,223
97,163
110,69
108,228
46,148
116,176
105,642
101,437
53,710
82,257
111,225
97,148
110,265
108,329
46,239
116,164
105,108
101,268
53,287
82,206
111,191
97,115
110,171
108,260
46,156
116,146
105,149
101,245
53,391
82,346
111,207
97,136
110,136
108,255
46,190
116,156
105,139
101,297
53,371
82,233
111,252
97,60
110,158
108,277
46,192
116,168
105,155
101,244
53,279
82,213
111,159
97,187
110,143
108,257
46,169
116,170
105,166
101,336
53,337
82,211
111,237
97,172
110,223
108,267
46,188
116,167
105,158
101,297
53,371
82,229
111,236
97,210
110,195
108,274
46,192
116,218
105,186
101,877
53,378
82,233
111,177
97,225
110,260
108,288
46,436
116,172
105,200
101,457
53,347
82,235
111,200
97,208
110,183
108,284
46,174
116,124
105,167
101,1042
53,345
82,243
111,219
97,223
110,95
108,291
46,151
116,155
105,158
101,249
53,288
82,194
111,189
97,171
110,164
108,273
46,163
116,194
105,121
101,408
53,1152
82,298
111,404
97,202
110,190
108,266
46,161
116,159
105,104
101,215
53,278
82,206
111,188
97,131
110,199
108,191
46,208
116,179
105,155
101,363
53,337
82,202
111,192
97,156
110,200
108,275
46,183
116,173
105,138
101,284
53,1061
82,601
111,210
97,166
110,177
108,265
46,146
116,158
105,147
101,140
53,296
82,216
111,234
97,118
110,115
108,235
46,301
116,147
105,564
101,563
53,296
82,224
111,177
97,188
110,179
108,229
46,181
116,141
105,135
101,289
53,248
82,203
111,200
97,162
110,125
108,254
46,207
116,146
105,149
101,244
53,279
82,195
111,195
97,175
110,551
108,234
46,225
116,113
105,141
101,784
53,273
82,202
111,204
97,162
110,275
108,261
46,197
116,180
105,145
101,314
53,332
82,228
111,157
97,193
110,145
108,291
46,281
116,265
105,239
101,793
53,209
82,224
111,186
97,185
110,165
108,211
46,194
116,157
105,143
101,310
53,317
82,194
111,174
97,147
110,135
108,273
46,186
116,115
105,76
101,521
53,342
82,210
111,185
97,126
110,164
108,217
46,407
116,273
105,162
101,336
53,304
82,216
111,199
97,185
110,204
108,197
46,472
116,199
105,314
101,996
53,272
82,214
111,218
97,151
110,160
108,242
46,158
116,192
105,121
101,317
53,319
82,144
111,200
97,177
110,183
108,115
46,171
116,146
105,166
101,557
53,395
82,231
111,226
97,194
110,127
108,243
46,204
116,140
105,125
101,363
53,321
82,251
111,247
97,149
110,96
108,260
46,319
116,145
105,113
101,289
53,302
82,203
111,182
97,134
110,178
108,260
46,187
116,131
105,133
101,251
53,281
82,229
111,188
97,148
110,122
108,236
