46,840
116,374
105,391
101,1034
53,1218
82,368
111,707
97,586
110,484
108,646
46,544
116,293
105,387
101,990
53,1229
82,397
111,876
97,442
110,393
108,1051
46,621
116,256
105,347
101,910
53,1308
82,519
111,499
97,512
110,472
108,483
46,648
116,340
105,270
101,1352
53,1150
82,680
111,347
97,918
110,544
108,500
46,462
116,283
105,380
101,1314
53,973
82,950
111,570
97,508
110,425
108,518
46,882
116,334
105,445
101,916
53,1088
82,488
111,773
97,444
110,539
108,644
46,565
116,161
105,344
101,967
53,861
82,314
111,382
97,341
110,396
108,417
46,462
116,378
105,300
101,883
53,990
82,289
111,303
97,619
110,377
108,466
46,476
116,367
105,500
101,1016
53,1148
82,449
111,817
97,562
110,617
108,480
46,690
116,399
105,323
101,835
53,1105
82,342
111,536
97,476
110,447
108,451
46,535
116,517
105,387
101,735
53,940
82,328
111,656
97,430
110,491
108,607
46,417
116,311
105,513
101,665
53,791
82,415
111,620
97,637
110,348
108,482
46,474
116,343
105,298
101,828
53,882
82,499
111,554
97,533
110,444
108,442
46,562
116,322
105,434
101,702
53,903
82,443
111,686
97,392
110,441
108,423
46,503
116,276
105,319
101,878
53,847
82,394
111,403
97,396
110,499
108,401
46,451
116,257
105,340
101,803
53,767
82,358
111,568
97,430
110,391
108,380
46,422
116,301
105,279
101,967
53,904
82,370
111,604
97,572
110,423
108,519
46,933
116,357
105,388
101,788
53,914
82,398
111,489
97,463
110,581
108,468
46,495
116,290
105,580
101,847
53,1002
82,495
111,523
97,473
110,410
108,443
46,492
116,345
105,384
101,908
53,973
82,470
111,501
97,606
110,409
108,439
46,508
116,341
105,432
101,728
53,983
82,398
111,652
97,483
110,467
108,440
46,440
116,329
105,423
101,974
53,1064
82,510
111,516
97,529
110,425
108,455
46,515
116,316
105,479
101,842
53,1077
82,670
111,464
97,492
110,679
108,510
46,624
116,324
105,404
101,822
53,954
82,602
111,491
97,499
110,431
108,480
46,538
116,223
105,413
101,976
53,1010
82,462
111,519
97,565
110,426
108,431
46,528
116,372
105,440
101,619
53,1025
82,593
111,462
97,695
110,388
108,457
46,453
116,304
105,717
101,778
53,1105
82,647
111,407
97,819
110,389
108,457
46,543
116,357
105,617
101,1139
53,782
82,456
111,421
97,604
110,500
108,455
46,434
116,223
105,205
101,866
53,713
82,394
111,381
97,515
110,430
108,430
46,484
116,209
105,216
101,879
53,1040
82,282
111,722
97,372
110,377
108,627
46,361
116,204
105,213
101,822
53,828
82,311
111,451
97,403
110,425
108,335
46,471
116,239
105,214
101,1037
53,1037
82,348
111,435
97,581
110,342
108,371
46,439
116,308
105,355
101,902
53,1000
82,364
111,1031
97,690
110,371
108,555
46,370
116,247
105,295
101,815
53,1003
82,290
111,439
97,537
110,412
108,621
46,1144
116,364
105,430
101,724
53,1142
82,427
111,587
97,595
110,367
108,435
46,449
116,305
105,403
101,675
53,1010
82,356
111,482
97,565
110,372
108,457
46,478
116,376
105,418
101,1182
53,2802
82,526
111,815
97,441
110,470
108,894
46,1261
116,352
105,370
101,714
53,1023
82,565
111,382
97,424
110,380
108,441
46,729
116,362
105,424
101,738
53,978
82,463
111,861
97,442
110,420
108,413
46,500
116,337
105,413
101,1134
53,1000
82,436
111,398
97,494
110,426
108,384
46,470
116,394
105,428
101,740
53,978
82,532
111,835
97,434
110,714
108,416
46,1001
116,269
105,306
101,1190
53,1186
82,359
111,396
97,641
110,434
108,462
46,439
116,298
105,416
101,836
53,1407
82,480
111,580
97,613
110,449
108,455
46,457
116,329
105,422
101,670
53,863
82,591
111,964
97,443
110,457
108,397
46,510
116,265
105,361
101,917
53,1019
82,428
111,534
97,1381
110,412
108,454
46,413
116,391
105,437
101,764
53,1131
82,594
111,458
97,523
110,412
108,441
46,519
116,433
105,427
101,728
53,1739
82,467
111,520
97,599
110,427
108,458
46,542
116,378
105,464
101,596
53,1198
82,462
111,409
97,513
110,401
108,414
46,517
116,385
105,419
101,756
53,1313
82,384
111,353
97,414
110,701
108,436
46,574
116,274
105,379
101,1008
53,988
82,313
111,958
97,413
110,414
108,439
46,579
116,376
105,317
101,1126
53,866
82,455
111,378
97,537
110,452
108,494
46,429
116,292
105,297
101,1240
53,848
82,384
111,486
97,434
110,499
108,619
46,395
116,348
105,347
101,1048
53,846
82,349
111,454
97,562
110,383
108,2420
46,458
116,276
105,344
101,868
53,990
82,361
111,439
97,511
110,402
108,514
46,1810
116,381
105,409
101,1022
53,1165
82,431
111,490
97,462
110,408
108,472
46,500
116,418
105,401
101,889
53,917
82,451
111,441
97,435
110,495
108,461
46,521
116,433
105,435
101,920
53,949
82,356
111,500
97,431
110,450
108,413
46,481
116,239
105,523
101,786
53,913
82,455
111,441
97,472
110,427
108,811
46,522
116,331
105,457
101,676
53,874
82,474
111,491
97,492
110,465
108,413
46,505
116,370
105,426
101,784
53,843
82,462
111,419
97,468
110,444
108,434
46,447
116,320
105,413
101,757
53,1015
82,422
111,489
97,872
110,392
108,750
46,480
116,370
105,351
101,842
53,1482
82,472
111,777
97,444
110,570
108,507
46,485
116,260
105,328
101,1024
53,867
82,485
111,442
97,434
110,428
108,424
46,492
116,384
105,441
101,945
53,798
82,601
111,459
97,502
110,522
108,395
46,477
116,265
105,356
101,853
53,1050
82,379
111,422
97,466
110,384
108,479
46,477
116,259
105,345
101,782
53,835
82,297
111,470
97,505
110,479
108,407
46,480
116,328
105,345
101,1113
53,1084
82,316
111,461
97,422
110,437
108,541
46,388
116,270
105,1234
101,661
53,917
82,453
111,445
97,397
110,480
108,391
46,454
116,253
105,371
101,796
53,876
82,400
111,441
97,447
110,458
108,400
46,477
116,342
105,393
101,549
53,1007
82,391
111,440
97,425
110,547
108,436
46,488
116,338
105,342
101,778
53,1018
82,520
111,515
97,451
110,431
108,459
46,533
116,325
105,421
101,810
53,737
82,448
111,505
97,481
110,436
108,402
46,438
116,327
105,401
101,608
53,871
82,539
111,527
97,523
110,442
108,405
46,480
116,330
105,360
101,664
53,843
82,423
111,390
97,375
110,431
108,424
46,456
116,278
105,411
101,712
53,775
82,287
111,649
97,501
110,410
108,387
46,453
116,322
105,422
101,709
53,907
82,516
111,364
97,426
110,419
108,438
46,481
116,314
105,374
101,710
53,756
82,462
111,423
97,502
110,417
108,436
46,429
116,280
105,392
101,718
53,901
82,342
111,423
97,473
110,430
108,387
46,443
116,407
105,314
101,550
53,1182
82,420
111,479
97,460
110,477
108,384
46,450
116,356
105,381
101,631
53,838
82,430
111,440
97,400
110,451
108,425
46,431
116,368
105,398
101,686
53,840
82,460
111,401
97,410
110,459
108,398
46,500
116,389
105,370
101,596
53,835
82,420
111,405
97,474
110,383
108,432
46,425
116,356
105,376
101,732
53,747
82,716
111,585
97,402
110,422
108,397
46,480
116,304
105,503
101,665
53,1074
82,528
111,419
97,466
110,441
108,445
46,500
116,378
105,416
101,611
53,734
82,521
111,386
97,451
110,450
108,491
46,486
116,326
105,483
101,951
53,869
82,511
111,511
97,744
110,519
108,845
46,524
116,336
105,399
101,601
53,649
82,458
111,427
97,457
110,375
108,433
46,488
116,386
105,607
101,808
53,683
82,515
111,443
97,389
110,422
108,417
46,424
116,228
105,330
101,719
53,825
82,404
111,605
97,714
110,417
108,425
46,431
116,261
105,340
101,799
53,1429
82,813
111,370
97,456
110,476
108,394
46,530
116,440
105,324
101,687
53,1126
82,413
111,547
97,479
110,439
108,408
46,343
116,347
105,314
101,721
53,1140
82,493
111,426
97,414
110,464
108,420
46,939
116,369
105,282
101,673
53,819
82,491
111,436
97,415
110,439
108,439
46,496
116,385
105,349
101,642
53,982
82,317
111,670
97,449
110,567
108,588
46,502
116,294
105,341
101,619
53,950
82,421
111,469
97,448
110,451
108,529
46,458
116,317
105,349
101,907
53,911
82,385
111,565
97,491
110,463
108,454
46,458
116,390
105,302
101,648
53,892
82,364
111,420
97,444
110,440
108,431
46,465
116,335
105,419
101,801
53,981
82,353
111,540
97,397
110,417
108,375
46,466
116,350
105,388
101,820
53,779
82,404
111,410
97,441
110,398
108,439
46,480
116,338
105,405
101,772
53,819
82,454
111,438
97,362
110,472
108,1231
46,671
116,345
105,1754
101,1136
53,756
82,341
111,421
97,2112
110,613
108,1392
46,917
116,271
105,242
101,1078
53,1013
82,382
111,380
97,496
110,462
108,697
46,932
116,261
105,202
101,842
53,910
82,311
111,351
97,582
110,461
108,389
46,626
116,669
105,346
101,740
53,1024
82,486
111,492
97,707
110,430
108,1910
46,675
116,355
105,303
101,745
53,1067
82,725
111,726
97,761
110,396
108,679
46,566
116,345
105,340
101,615
53,864
82,426
111,371
97,480
110,408
108,639
46,596
116,266
105,367
101,1779
53,879
82,344
111,359
97,495
110,461
108,445
46,487
116,312
105,356
101,885
53,951
82,809
111,612
97,358
110,371
108,391
46,483
116,281
105,496
101,721
53,1038
82,447
111,475
97,587
110,363
108,415
46,664
116,368
105,368
101,623
53,1117
82,773
111,692
97,397
110,458
108,466
46,550
116,373
105,330
101,633
53,1003
82,454
111,705
97,415
110,432
108,423
46,627
116,658
105,420
101,889
53,1147
82,581
111,848
97,411
110,438
108,430
46,680
116,504
105,394
101,708
53,733
82,347
111,470
97,562
110,447
108,836
46,701
116,343
105,390
101,731
53,1007
82,427
111,784
97,355
110,474
108,751
46,696
116,405
105,363
101,814
53,1005
82,363
111,895
97,365
110,492
108,425
46,801
116,338
105,381
101,604
53,959
82,398
111,526
97,474
110,483
108,412
46,608
116,348
105,402
101,739
53,856
82,352
111,504
97,437
110,401
108,432
46,485
116,402
105,399
101,765
53,860
82,393
111,419
97,432
110,400
108,382
46,550
116,334
105,382
101,772
53,889
82,348
111,374
97,443
110,416
108,411
46,495
116,322
105,981
101,633
53,1532
82,553
111,347
97,409
110,339
108,342
46,533
116,301
105,303
101,749
53,922
82,379
111,359
97,444
110,399
108,357
46,527
116,318
105,492
101,987
53,953
82,392
111,357
97,415
110,412
108,343
46,943
116,251
105,351
101,685
53,979
82,483
111,322
97,624
110,376
108,596
46,599
116,322
105,620
101,948
53,1361
82,934
111,446
97,399
110,400
108,344
46,476
116,384
105,352
101,912
53,1099
82,676
111,670
97,422
110,404
108,705
46,490
116,318
105,950
101,696
53,1174
82,463
111,650
97,395
110,389
108,433
46,731
116,267
105,484
101,665
53,1209
82,379
111,409
97,444
110,405
108,379
46,512
116,345
105,356
101,783
53,1462
82,541
111,417
97,496
110,543
108,1310
46,734
116,471
105,326
101,668
53,1399
82,431
111,424
97,420
110,422
108,623
46,620
116,641
105,1123
101,791
53,950
82,461
111,401
97,390
110,395
108,395
46,658
116,360
105,1031
101,834
53,921
82,468
111,689
97,401
110,518
108,925
46,752
116,419
105,366
101,789
53,993
82,411
111,419
97,455
110,385
108,755
46,657
116,380
105,391
101,773
53,1046
82,478
111,418
97,469
110,485
108,768
46,760
116,365
105,408
101,795
53,940
82,405
111,393
97,438
110,367
108,378
46,549
116,321
105,1111
101,872
53,1168
82,389
111,392
97,436
110,425
108,470
46,604
116,303
105,387
101,819
53,1093
82,427
111,458
97,480
110,388
108,455
46,854
116,333
105,417
101,694
53,858
82,358
111,373
97,414
110,367
108,440
46,417
116,355
105,416
101,473
53,879
82,353
111,388
97,427
110,389
108,332
46,398
116,271
105,365
101,783
53,851
82,433
111,444
97,444
110,383
108,395
46,586
116,298
105,982
101,848
53,1030
82,501
111,383
97,430
110,383
108,350
46,559
116,313
105,1112
101,746
53,845
82,409
111,340
97,403
110,365
108,388
46,462
116,301
105,347
101,417
53,843
82,376
111,393
97,447
110,399
108,410
46,451
116,318
105,439
101,785
53,1301
82,452
111,362
97,445
110,409
108,756
46,422
116,315
105,380
101,834
53,947
82,363
111,414
97,405
110,386
108,387
46,545
116,291
105,360
101,944
53,1170
82,428
111,397
97,441
110,631
108,407
46,531
116,290
105,663
101,510
53,1222
82,451
111,366
97,377
110,402
108,348
46,478
116,321
105,347
101,834
53,980
82,418
111,378
97,416
110,382
108,412
46,1145
116,357
105,772
101,1018
53,924
82,445
111,364
97,402
110,381
108,770
46,432
116,285
105,1139
101,873
53,1186
82,564
111,473
97,483
110,422
108,526
46,481
116,351
105,522
101,1006
53,1408
82,413
111,434
97,466
110,448
108,419
46,670
116,252
105,192
101,756
53,817
82,324
111,384
97,383
110,362
108,589
46,455
116,292
105,352
101,1151
53,1098
82,421
111,345
97,345
110,357
108,876
46,1322
116,273
105,323
101,882
53,845
82,296
111,255
97,367
110,333
108,658
46,513
116,279
105,269
101,799
53,847
82,323
111,275
97,318
110,509
108,697
46,612
116,205
105,278
101,999
53,1118
82,593
111,367
97,363
110,380
108,726
46,507
116,366
105,298
101,780
53,945
82,365
111,319
97,354
110,312
108,426
46,461
116,313
105,306
101,842
53,1007
82,330
111,249
97,293
110,387
108,577
46,498
116,383
105,382
101,711
53,828
82,417
111,268
97,337
110,394
108,372
46,487
116,266
105,367
101,486
53,1010
82,255
111,732
97,340
110,307
108,458
46,466
116,303
105,1092
101,532
53,1850
82,460
111,917
97,397
110,1488
108,881
46,906
116,280
105,391
101,927
53,976
82,611
111,516
97,420
110,430
108,619
46,673
116,277
105,358
101,916
53,958
82,542
111,581
97,354
110,396
108,395
46,559
116,244
105,368
101,900
53,1043
82,427
111,381
97,388
110,417
108,420
46,604
116,327
105,410
101,885
53,960
82,343
111,357
97,358
110,382
108,686
46,507
116,337
105,334
101,503
53,1002
82,361
111,349
97,361
110,401
108,434
46,654
116,178
105,2723
101,827
53,1009
82,448
111,468
97,441
110,361
108,667
46,1070
116,235
105,323
101,931
53,1536
82,553
111,480
97,437
110,442
108,540
46,619
116,226
105,455
101,949
53,1231
82,496
111,315
97,422
110,412
108,449
46,1099
116,516
105,1707
101,858
53,932
82,482
111,647
97,405
110,423
108,396
46,606
116,318
105,437
101,492
53,1030
82,364
111,332
97,356
110,401
108,686
46,540
116,344
105,1012
101,539
53,1240
82,781
111,683
97,352
110,427
108,463
46,653
116,282
105,397
101,711
53,959
82,300
111,438
97,353
110,407
108,831
46,551
116,283
105,1978
101,832
53,911
82,334
111,332
97,368
110,433
108,448
46,727
116,263
105,1915
101,563
53,1136
82,447
111,384
97,359
110,420
108,572
46,492
116,265
105,1125
101,854
53,1621
82,390
111,401
97,366
110,446
108,1141
46,628
116,235
105,378
101,708
53,905
82,311
111,370
97,339
110,366
108,650
46,422
116,310
105,1036
101,506
53,969
82,376
111,395
97,375
110,473
108,843
46,568
116,268
105,1047
101,786
53,941
82,377
111,402
97,413
110,521
108,451
46,476
116,249
105,753
101,714
53,908
82,337
111,359
97,357
110,420
108,378
46,424
116,282
105,849
101,743
53,1065
82,369
111,389
97,369
110,371
108,485
46,558
116,255
105,1084
101,812
53,954
82,374
111,410
97,423
110,431
108,808
46,628
116,310
105,1050
101,756
53,1111
82,562
111,431
97,427
110,476
108,740
46,448
116,381
105,363
101,513
53,757
82,358
111,1152
97,359
110,346
108,447
46,536
116,280
105,419
101,709
53,892
82,307
111,590
97,404
110,397
108,385
46,376
116,337
105,346
101,958
53,865
82,402
111,373
97,356
110,397
108,443
46,443
116,242
105,312
101,955
53,2237
82,307
111,390
97,365
110,354
108,414
46,339
116,318
105,387
101,867
53,1008
82,377
111,484
97,416
110,366
108,374
46,414
116,242
105,379
101,856
53,900
82,354
111,529
97,365
110,365
108,415
46,625
116,299
105,335
101,724
53,849
82,311
111,560
97,514
110,614
108,518
46,952
116,830
105,451
101,814
53,1195
82,426
111,377
97,384
110,445
108,457
46,865
116,296
105,365
101,739
53,878
82,380
111,425
97,385
110,427
108,403
46,1233
116,413
105,420
101,748
53,738
82,300
111,372
97,368
110,355
108,405
46,587
116,231
105,350
101,1244
53,872
82,343
111,325
97,481
110,401
108,465
46,1516
116,289
105,229
101,705
53,1025
82,456
111,332
97,336
110,305
108,461
46,640
116,248
105,227
101,911
53,936
82,449
111,323
97,384
110,319
108,387
46,534
116,231
105,387
101,857
53,1001
82,380
111,387
97,409
110,390
108,360
46,740
116,1016
105,1001
101,960
53,1023
82,455
111,486
97,450
110,453
108,482
46,598
116,322
105,682
101,1285
53,1852
82,331
111,349
97,333
110,364
108,464
46,508
116,272
105,412
101,791
53,1117
82,372
111,350
97,408
110,333
108,427
46,527
116,254
105,471
101,714
53,814
82,296
111,550
97,431
110,338
108,402
46,434
116,282
105,297
101,861
53,931
82,450
111,362
97,414
110,384
108,435
46,407
116,322
105,354
101,1008
53,840
82,371
111,426
97,368
110,399
108,831
46,704
116,250
105,372
101,741
53,1108
82,371
111,958
97,350
110,389
108,461
46,372
116,323
105,392
101,502
53,1058
82,437
111,521
97,364
110,574
108,556
46,538
116,231
105,374
101,810
53,1008
82,367
111,1023
97,434
110,366
108,454
46,826
116,281
105,299
101,690
53,797
82,391
111,377
97,464
110,342
108,432
46,718
116,268
105,344
101,468
53,1101
82,695
111,594
97,441
110,400
108,419
46,425
116,230
105,356
101,501
53,917
82,386
111,535
97,431
110,359
108,466
46,595
116,262
105,297
101,735
53,1032
82,456
111,365
97,406
110,357
108,397
46,430
116,309
105,323
101,408
53,1444
82,584
111,365
97,426
110,352
108,424
46,487
116,277
105,400
101,489
53,934
82,696
111,533
97,400
110,1179
108,646
46,470
116,257
105,306
101,911
53,1381
82,635
111,460
97,465
110,423
108,719
46,800
116,271
105,329
101,745
53,1110
82,503
111,395
97,385
110,383
108,573
46,464
116,359
105,492
101,411
53,916
82,414
111,370
97,420
110,419
108,1592
46,446
116,327
105,383
101,939
53,1395
82,583
111,424
97,461
110,454
108,500
46,621
116,355
105,332
101,718
53,895
82,345
111,371
97,371
110,443
108,844
46,455
116,337
105,301
101,613
53,770
82,389
111,358
97,413
110,715
108,383
46,783
116,438
105,477
101,613
53,794
82,509
111,424
97,387
110,434
108,748
46,453
116,363
105,357
101,651
53,1044
82,320
111,368
97,411
110,419
108,758
46,659
116,297
105,352
101,698
53,950
82,392
111,379
97,401
110,351
108,464
46,636
116,246
105,421
101,512
53,949
82,357
111,346
97,373
110,411
108,589
46,640
116,275
105,390
101,774
53,907
82,430
111,397
97,384
110,353
108,442
46,460
116,326
105,441
101,510
53,911
82,382
111,384
97,375
110,390
108,483
46,494
116,273
105,303
101,627
53,890
82,417
111,400
97,398
110,372
108,466
46,604
116,206
105,995
101,894
53,931
82,386
111,407
97,383
110,370
108,693
46,606
116,220
105,327
101,707
53,859
82,353
111,370
97,392
110,378
108,529
46,445
116,595
105,505
101,981
53,848
82,488
111,412
97,449
110,398
108,703
46,738
116,254
105,368
101,672
53,758
82,430
111,444
97,433
110,368
108,479
46,464
116,334
105,324
101,404
53,719
82,367
111,379
97,361
110,379
108,442
46,397
116,264
105,384
101,1079
53,3207
82,406
111,380
97,440
110,388
108,489
46,446
116,307
105,389
101,447
53,1053
82,460
111,417
97,416
110,407
108,447
46,833
116,358
105,301
101,511
53,1019
82,322
111,539
97,1583
110,420
108,708
46,719
116,333
105,396
101,464
53,876
82,366
111,424
97,423
110,533
108,585
46,580
116,274
105,405
101,460
53,950
82,416
111,379
97,404
110,320
108,438
46,415
116,263
105,342
101,415
53,1208
82,389
111,852
97,408
110,423
108,841
46,1061
116,273
105,333
101,688
53,1133
82,385
111,414
97,423
110,441
108,536
46,355
116,305
105,328
101,797
53,823
82,352
111,419
97,444
110,452
108,468
46,571
116,496
105,378
101,670
53,912
82,380
111,382
97,391
110,356
108,412
46,452
116,323
105,368
101,420
53,1060
82,332
111,404
97,404
110,393
108,648
46,447
116,279
105,498
101,452
53,958
82,402
111,377
97,384
110,333
108,485
46,435
116,317
105,327
101,454
53,917
82,429
111,385
97,459
110,374
108,498
46,717
116,261
105,283
101,486
53,840
82,331
111,541
97,466
110,379
108,396
46,429
116,288
105,371
101,452
53,934
82,384
111,449
97,374
110,371
108,440
46,549
116,538
105,773
101,433
53,967
82,397
111,584
97,462
110,392
108,475
46,489
116,322
105,345
101,488
53,1067
82,385
111,407
97,406
110,399
108,755
46,714
116,314
105,387
101,609
53,930
82,426
111,412
97,417
110,391
108,639
46,494
116,331
105,931
101,503
53,975
82,381
111,427
97,453
110,392
108,854
46,487
116,270
105,400
101,456
53,924
82,375
111,413
97,398
110,390
108,412
46,424
116,286
105,417
101,700
53,931
82,372
111,443
97,384
110,342
108,457
46,562
116,341
105,272
101,627
53,864
82,414
111,396
97,402
110,365
108,483
46,640
116,222
105,299
101,715
53,2914
82,868
111,1098
97,360
110,433
108,583
46,429
116,349
105,306
101,876
53,900
82,405
111,428
97,369
110,430
108,516
46,533
116,779
105,304
101,559
53,1188
82,532
111,368
97,385
110,363
108,478
46,1064
116,338
105,387
101,848
53,939
82,565
111,466
97,387
110,384
108,480
46,493
116,329
105,442
101,471
53,848
82,416
111,679
97,560
110,582
108,1105
46,407
116,326
105,396
101,992
53,1298
82,343
111,386
97,379
110,413
108,807
46,460
116,306
105,543
101,834
53,1142
82,600
111,460
97,365
110,600
108,460
46,494
116,317
105,364
101,737
53,885
82,574
111,410
97,433
110,386
108,859
46,445
116,309
105,322
101,480
53,997
82,360
111,367
97,344
110,1078
108,474
46,774
116,344
105,343
101,497
53,703
82,342
111,462
97,390
110,636
108,596
46,491
116,273
105,364
101,440
53,731
82,390
111,429
97,345
110,413
108,447
46,479
116,313
105,388
101,609
53,686
82,442
111,626
97,375
110,434
108,584
46,598
116,242
105,381
101,408
53,1215
82,380
111,365
97,310
110,401
108,437
46,399
116,332
105,339
101,1096
53,992
82,469
111,370
97,393
110,420
108,461
46,517
116,353
105,382
101,430
53,921
82,393
111,395
97,337
110,385
108,483
46,465
116,360
105,286
101,390
53,947
82,321
111,354
97,306
110,378
108,554
46,434
116,243
105,304
101,837
53,854
82,366
111,406
97,356
110,364
108,1195
46,448
116,405
105,503
101,562
53,839
82,339
111,399
97,346
110,434
108,844
46,506
116,254
105,342
101,630
53,807
82,327
111,1473
97,408
110,416
108,438
46,494
116,306
105,278
101,496
53,719
82,415
111,361
97,304
110,378
108,438
46,425
116,367
105,342
101,440
53,1588
82,312
111,333
97,308
110,1305
108,338
46,1016
116,276
105,416
101,383
53,1065
82,747
111,454
97,403
110,422
108,680
46,1002
116,208
105,333
101,627
53,825
82,1858
111,432
97,436
110,433
108,395
46,913
116,430
105,325
101,433
53,714
82,379
111,347
97,354
110,453
108,458
46,453
116,307
105,368
101,509
53,914
82,483
111,349
97,322
110,412
108,517
46,680
116,430
105,287
101,428
53,1268
82,495
111,365
97,412
110,409
108,390
46,479
116,321
105,475
101,448
53,1007
82,451
111,426
97,398
110,392
108,436
46,421
116,274
105,315
101,1014
53,927
82,391
111,447
97,368
110,402
108,398
46,496
116,570
105,342
101,525
53,935
82,518
111,423
97,483
110,406
108,459
46,535
116,287
105,422
101,774
53,1013
82,407
111,378
97,432
110,433
108,667
46,938
116,255
105,292
101,572
53,961
82,317
111,385
97,321
110,447
108,475
46,411
116,326
105,392
101,407
53,1104
82,446
111,392
97,420
110,384
108,464
46,440
116,361
105,379
101,396
53,1143
82,388
111,430
97,353
110,422
108,457
46,420
116,346
105,351
101,461
53,849
82,563
111,587
97,637
110,482
108,411
46,419
116,288
105,334
101,432
53,1074
82,536
111,417
97,420
110,443
108,429
46,433
116,282
105,385
101,589
53,885
82,461
111,429
97,469
110,406
108,435
46,457
116,355
105,512
101,430
53,860
82,389
111,451
97,497
110,433
108,395
46,473
116,344
105,406
101,433
53,938
82,425
111,447
97,422
110,453
108,460
46,451
116,239
105,408
101,630
53,912
82,361
111,446
97,447
110,428
108,446
46,551
116,322
105,469
101,582
53,904
82,515
111,489
97,469
110,418
108,451
46,562
116,293
105,351
101,630
53,1043
82,575
111,353
97,414
110,419
108,431
46,449
116,313
105,337
101,412
53,790
82,383
111,662
97,394
110,459
108,389
46,433
116,357
105,315
101,498
53,797
82,380
111,398
97,409
110,413
108,409
46,455
116,245
105,380
101,911
53,857
82,367
111,499
97,464
110,398
108,415
46,483
116,565
105,456
101,685
53,769
82,432
111,392
97,438
110,440
108,414
46,503
116,355
105,339
101,560
53,799
82,335
111,412
97,403
110,454
108,420
46,459
116,366
105,419
101,480
53,818
82,417
111,441
97,430
110,427
108,442
46,430
116,321
105,370
101,473
53,1140
82,557
111,396
97,425
110,462
108,413
46,492
116,355
105,420
101,477
53,803
82,319
111,435
97,424
110,427
108,440
46,458
116,374
105,366
101,414
53,820
82,367
111,418
97,424
110,492
108,477
46,469
116,437
105,461
101,912
53,719
82,376
111,404
97,316
110,300
108,544
46,369
116,238
105,319
101,577
53,691
82,319
111,331
97,291
110,291
108,366
46,333
116,274
105,275
101,462
53,762
82,319
111,298
97,293
110,297
108,431
46,357
116,247
105,296
101,486
53,919
82,329
111,291
97,317
110,291
108,810
46,344
116,250
105,294
101,420
53,842
82,329
111,311
97,314
110,299
108,876
46,405
116,256
105,284
101,369
53,703
82,282
111,260
97,260
110,295
108,746
46,611
116,228
105,268
101,517
53,669
82,309
111,241
97,252
110,289
108,705
46,324
116,529
105,342
101,555
53,704
82,312
111,252
97,223
110,316
108,375
46,433
116,240
105,223
101,472
53,1152
82,247
111,517
97,327
110,283
108,361
46,409
116,282
105,256
101,868
53,704
82,259
111,281
97,237
110,341
108,329
46,385
116,231
105,231
101,980
53,712
82,295
111,211
97,243
110,267
108,358
46,375
116,224
105,207
101,467
53,680
82,301
111,248
97,246
110,265
108,617
46,537
116,279
105,262
101,364
53,710
82,319
111,264
97,223
110,331
108,707
46,418
116,235
105,224
101,803
53,843
82,294
111,241
97,230
110,293
108,353
46,358
116,249
105,222
101,436
53,746
82,281
111,277
97,250
110,283
108,377
46,381
116,287
105,212
101,874
53,805
82,316
111,240
97,198
110,260
108,608
46,391
116,245
105,212
101,421
53,1927
82,330
111,241
97,208
110,239
108,693
46,709
116,520
105,236
101,584
53,778
82,302
111,251
97,248
110,280
108,1200
46,882
116,237
105,783
101,345
53,646
82,292
111,276
97,220
110,298
108,862
46,399
116,210
105,242
101,636
53,1236
82,326
111,244
97,202
110,279
108,812
46,514
116,239
105,192
101,432
53,932
82,412
111,528
97,379
110,301
108,731
46,435
116,252
105,283
101,442
53,704
82,298
111,262
97,275
110,345
108,376
46,439
116,235
105,210
101,920
53,815
82,260
111,264
97,277
110,310
108,362
46,361
116,210
105,200
101,397
53,862
82,298
111,226
97,229
110,260
108,340
46,399
116,228
105,219
101,425
53,937
82,313
111,242
97,271
110,334
108,314
46,324
116,282
105,251
101,849
53,909
82,316
111,213
97,257
110,275
108,334
46,411
116,213
105,222
101,374
53,1015
82,280
111,207
97,269
110,276
108,363
46,341
116,232
105,195
101,435
53,683
82,287
111,309
97,276
110,297
108,757
46,415
116,213
105,219
101,380
53,1375
82,323
111,219
97,226
110,293
108,328
46,428
116,235
105,194
101,375
53,870
82,289
111,245
97,249
110,275
108,348
46,376
116,260
105,206
101,592
53,669
82,265
111,271
97,243
110,256
108,331
46,413
116,230
105,174
101,400
53,905
82,289
111,243
97,267
110,245
108,334
46,345
116,234
105,205
101,412
53,1183
82,477
111,336
97,258
110,283
108,311
46,378
116,335
105,660
101,417
53,751
82,284
111,275
97,189
110,327
108,350
46,471
116,226
105,217
101,368
53,774
82,312
111,258
97,255
110,273
108,352
46,447
116,597
105,285
101,374
53,711
82,304
111,248
97,281
110,299
108,362
46,343
116,296
105,256
101,482
53,665
82,284
111,265
97,211
110,292
108,405
46,373
116,256
105,207
101,341
53,746
82,313
111,248
97,168
110,277
108,321
46,463
116,244
105,215
101,981
53,764
82,342
111,268
97,215
110,269
108,350
46,631
116,252
105,201
101,350
53,665
82,256
111,268
97,251
110,269
108,336
46,353
116,255
105,239
101,509
53,630
82,291
111,275
97,220
110,280
108,424
46,485
116,244
105,167
101,382
53,1023
82,366
111,247
97,278
110,260
108,703
46,333
116,240
105,213
101,403
53,679
82,283
111,245
97,198
110,260
108,324
46,369
116,245
105,210
101,559
53,928
82,303
111,245
97,259
110,257
108,326
46,312
116,333
105,247
101,361
53,751
82,262
111,239
97,206
110,275
108,348
46,444
116,364
105,283
101,710
53,724
82,375
111,282
97,265
110,295
108,787
46,1001
116,216
105,206
101,676
53,949
82,288
111,227
97,269
110,278
108,767
46,344
116,209
105,205
101,821
53,635
82,273
111,231
97,263
110,388
108,352
46,417
116,230
105,206
101,639
53,815
82,272
111,228
97,245
110,315
108,314
46,363
116,249
105,210
101,449
53,788
82,278
111,244
97,236
110,265
108,352
46,675
116,269
105,276
101,727
53,1151
82,327
111,555
97,392
110,397
108,473
46,470
116,262
105,307
101,582
53,841
82,543
111,397
97,350
110,655
108,462
46,740
116,252
105,288
101,567
53,862
82,296
111,304
97,251
110,308
108,412
46,447
116,214
105,292
101,767
53,721
82,247
111,319
97,599
110,313
108,404
46,394
116,213
105,295
101,441
53,763
82,324
111,402
97,768
110,359
108,471
46,442
116,265
105,329
101,778
53,1073
82,259
111,381
97,370
110,417
108,479
46,467
116,139
105,299
101,664
53,948
82,303
111,315
97,372
110,407
108,518
46,588
116,324
105,359
101,1126
53,1084
82,336
111,353
97,426
110,405
108,508
46,450
116,312
105,361
101,507
53,673
82,314
111,277
97,262
110,260
108,390
46,354
116,243
105,229
101,386
53,667
82,248
111,325
97,256
110,270
108,328
46,414
116,204
105,206
101,402
53,700
82,337
111,337
97,496
110,285
108,356
46,374
116,212
105,223
101,386
53,812
82,282
111,216
97,221
110,293
108,958
46,395
116,202
105,191
101,761
53,878
82,412
111,328
97,273
110,268
108,345
46,493
116,253
105,227
101,368
53,919
82,293
111,258
97,229
110,282
108,348
46,456
116,231
105,254
101,534
53,722
82,231
111,287
97,235
110,309
108,373
46,486
116,260
105,185
101,405
53,1072
82,330
111,273
97,270
110,267
108,391
46,442
116,234
105,223
101,381
53,768
82,282
111,236
97,247
110,306
108,401
46,488
116,236
105,179
101,446
53,906
82,314
111,312
97,231
110,284
108,362
46,496
116,268
105,204
101,817
53,771
82,305
111,247
97,223
110,294
108,335
46,410
116,225
105,179
101,414
53,706
82,218
111,266
97,283
110,320
108,348
46,530
116,273
105,118
101,574
53,687
82,271
111,263
97,195
110,309
108,702
46,593
116,235
105,188
101,510
53,886
82,375
111,255
97,236
110,273
108,353
46,397
116,210
105,175
101,590
53,696
82,286
111,258
97,253
110,275
108,341
46,404
116,251
105,234
101,1022
53,651
82,312
111,276
97,258
110,312
108,370
46,366
116,274
105,269
101,525
53,657
82,267
111,313
97,200
110,283
108,401
46,474
116,265
105,143
101,931
53,786
82,735
111,271
97,295
110,294
108,337
46,469
116,211
105,205
101,603
53,615
82,308
111,272
97,277
110,291
108,349
46,860
116,237
105,238
101,632
53,810
82,329
111,257
97,316
110,282
108,462
46,430
116,237
105,216
101,606
53,795
82,257
111,266
97,306
110,287
108,357
46,329
116,223
105,200
101,595
53,666
82,277
111,205
97,257
110,269
108,349
46,441
116,247
105,241
101,649
53,634
82,648
111,267
97,293
110,268
108,345
46,352
116,216
105,214
101,1033
53,717
82,285
111,256
97,236
110,305
108,344
46,436
116,230
105,182
101,543
53,641
82,302
111,238
97,242
110,263
108,339
46,405
116,227
105,278
101,664
53,739
82,291
111,246
97,238
110,328
108,419
46,389
116,271
105,204
101,399
53,776
82,317
111,257
97,263
110,284
108,349
46,410
116,211
105,338
101,721
53,1840
82,367
111,275
97,277
110,281
108,374
46,395
116,273
105,245
101,708
53,1047
82,219
111,705
97,337
110,286
108,324
46,519
116,237
105,332
101,562
53,701
82,452
111,855
97,325
110,303
108,659
46,476
116,217
105,248
101,578
53,751
82,269
111,280
97,329
110,306
108,365
46,458
116,301
105,212
101,574
53,773
82,518
111,335
97,325
110,307
108,353
46,406
116,296
105,397
101,450
53,800
82,372
111,340
97,307
110,318
108,738
46,500
116,255
105,248
101,437
53,731
82,319
111,268
97,310
110,323
108,380
46,423
116,283
105,328
101,422
53,838
82,349
111,313
97,336
110,348
108,380
46,457
116,305
105,386
101,829
53,845
82,294
111,298
97,322
110,333
108,352
46,397
116,291
105,333
101,392
53,731
82,312
111,326
97,367
110,315
108,349
46,451
116,257
105,283
101,1020
53,988
82,311
111,357
97,302
110,329
108,487
46,439
116,297
105,234
101,463
53,1034
82,720
111,528
97,403
110,337
108,367
46,654
116,259
105,235
101,619
53,987
82,345
111,386
97,343
110,334
108,401
46,420
116,370
105,426
101,624
53,798
82,300
111,342
97,280
110,350
108,389
46,768
116,307
105,296
101,524
53,1048
82,429
111,416
97,493
110,336
108,361
