46,272
116,142
105,157
101,396
53,467
82,228
111,271
97,161
110,272
108,479
46,296
116,171
105,274
101,1266
53,1020
82,315
111,192
97,160
110,377
108,284
46,310
116,163
105,125
101,586
53,425
82,239
111,201
97,177
110,398
108,294
46,343
116,146
105,159
101,514
53,510
82,249
111,184
97,167
110,229
108,315
46,386
116,146
105,156
101,489
53,466
82,234
111,203
97,74
110,451
108,344
46,532
116,110
105,188
101,795
53,454
82,241
111,193
97,130
110,234
108,265
46,389
116,115
105,161
101,346
53,505
82,243
111,161
97,137
110,212
108,263
46,399
116,109
105,184
101,287
53,499
82,248
111,155
97,146
110,208
108,277
46,306
116,112
105,176
101,320
53,495
82,240
111,192
97,103
110,225
108,266
46,330
116,153
105,168
101,350
53,451
82,244
111,174
97,163
110,206
108,260
46,327
116,131
105,155
101,308
53,474
82,450
111,163
97,172
110,225
108,250
46,354
116,146
105,149
101,904
53,458
82,271
111,140
97,146
110,240
108,256
46,254
116,131
105,165
101,513
53,468
82,235
111,155
97,129
110,230
108,242
46,379
116,152
105,158
101,681
53,906
82,407
111,175
97,181
110,208
108,281
46,293
116,90
105,212
101,1413
53,424
82,275
111,147
97,147
110,224
108,230
46,368
116,132
105,178
101,1355
53,477
82,273
111,132
97,175
110,231
108,256
46,207
116,158
105,141
101,322
53,497
82,263
111,197
97,128
110,243
108,260
46,261
116,126
105,188
101,913
53,461
82,249
111,164
97,143
110,235
108,258
46,269
116,123
105,180
101,346
53,565
82,322
111,199
97,178
110,242
108,277
46,266
116,142
105,165
101,358
53,526
82,275
111,206
97,147
110,229
108,238
46,258
116,143
105,159
101,518
53,526
82,263
111,200
97,121
110,223
108,246
46,575
116,180
105,152
101,815
53,458
82,196
111,166
97,120
110,237
108,240
46,257
116,133
105,163
101,740
53,385
82,223
111,154
97,148
110,216
108,253
46,276
116,130
105,176
101,1012
53,420
82,223
111,161
97,134
110,229
108,258
46,277
116,166
105,149
101,568
53,382
82,253
111,156
97,180
110,215
108,239
46,252
116,135
105,163
101,710
53,447
82,245
111,163
97,170
110,216
108,259
46,478
116,174
105,158
101,523
53,458
82,261
111,161
97,177
110,211
108,237
46,467
116,166
105,166
101,352
53,422
82,234
111,169
97,163
110,223
108,242
46,243
116,146
105,161
101,401
53,502
82,234
111,139
97,205
110,237
108,307
46,721
116,209
105,143
101,374
53,436
82,235
111,180
97,168
110,223
108,277
46,375
116,148
105,165
101,381
53,455
82,225
111,210
97,121
110,238
108,246
46,387
116,133
105,185
101,305
53,450
82,252
111,216
97,94
110,226
108,344
46,288
116,153
105,169
101,534
53,478
82,228
111,214
97,107
110,213
108,243
46,269
116,140
105,138
101,781
53,448
82,208
111,162
97,143
110,228
108,270
46,646
116,196
105,132
101,382
53,455
82,250
111,176
97,167
110,213
108,247
46,279
116,146
105,177
101,333
53,456
82,224
111,194
97,97
110,198
108,235
46,285
116,133
105,159
101,341
53,460
82,261
111,206
97,133
110,226
108,245
46,249
116,119
105,173
101,340
53,446
82,235
111,157
97,152
110,194
108,242
46,280
116,147
105,141
101,335
53,442
82,455
111,214
97,390
110,294
108,237
46,276
116,126
105,163
101,334
53,448
82,250
111,169
97,148
110,210
108,258
46,285
116,122
105,165
101,305
53,465
82,229
111,159
97,165
110,193
108,627
46,373
116,146
105,157
101,530
53,450
82,243
111,162
97,177
110,206
108,251
46,267
116,153
105,142
101,338
53,439
82,249
111,168
97,155
110,203
108,241
46,237
116,160
105,137
101,338
53,444
82,252
111,204
97,125
110,210
108,231
46,232
116,142
105,145
101,299
53,435
82,232
111,191
97,112
110,205
108,607
46,344
116,161
105,143
101,401
53,456
82,217
111,161
97,150
110,200
108,268
46,243
116,170
105,129
101,305
53,448
82,224
111,162
97,145
110,185
108,251
46,255
116,163
105,149
101,321
53,421
82,218
111,205
97,95
110,240
108,250
46,219
116,175
105,132
101,387
53,617
82,278
111,208
97,136
110,195
108,243
46,233
116,189
105,117
101,334
53,398
82,213
111,242
97,142
110,277
108,312
46,265
116,239
105,129
101,974
53,470
82,270
111,225
97,217
110,306
108,302
46,298
116,134
105,139
101,340
53,473
82,228
111,146
97,177
110,372
108,347
46,336
116,140
105,120
101,563
53,459
82,255
111,166
97,177
110,228
108,303
46,349
116,146
105,151
101,556
53,416
82,230
111,170
97,159
110,211
108,268
46,344
116,138
105,121
101,352
53,509
82,211
111,205
97,79
110,428
108,354
46,725
116,149
105,140
101,446
53,438
82,216
111,158
97,177
110,214
108,245
46,314
116,136
105,141
101,423
53,458
82,234
111,163
97,172
110,227
108,262
46,315
116,152
105,110
101,349
53,424
82,196
111,169
97,159
110,225
108,257
46,347
116,137
105,145
101,391
53,443
82,184
111,218
97,157
110,180
108,253
46,503
116,178
105,145
101,452
53,444
82,189
111,178
97,157
110,206
108,239
46,401
116,142
105,155
101,331
53,439
82,241
111,190
97,153
110,221
108,610
46,624
116,154
105,131
101,455
53,438
82,226
111,152
97,175
110,208
108,259
46,290
116,173
105,131
101,389
53,497
82,229
111,227
97,152
110,248
108,253
46,386
116,141
105,158
101,384
53,441
82,226
111,161
97,168
110,193
108,238
46,381
116,149
105,145
101,311
53,435
82,202
111,171
97,152
110,204
108,262
46,295
116,156
105,118
101,302
53,408
82,191
111,178
97,174
110,282
108,317
46,362
116,122
105,159
101,296
53,414
82,225
111,190
97,155
110,217
108,252
46,269
116,168
105,149
101,614
53,404
82,237
111,204
97,91
110,245
108,259
46,296
116,143
105,127
101,295
53,444
82,216
111,227
97,85
110,256
108,670
46,301
116,135
105,147
101,340
53,432
82,223
111,194
97,136
110,216
108,644
46,409
116,142
105,145
101,461
53,417
82,228
111,183
97,174
110,211
108,240
46,274
116,155
105,136
101,326
53,435
82,225
111,214
97,147
110,211
108,252
46,260
116,196
105,108
101,306
53,385
82,231
111,199
97,124
110,221
108,235
46,219
116,168
105,121
101,291
53,405
82,216
111,234
97,135
110,270
108,247
46,227
116,151
105,136
101,283
53,405
82,238
111,228
97,135
110,234
108,574
46,336
116,141
105,140
101,340
53,400
82,200
111,192
97,127
110,250
108,231
46,344
116,134
105,147
101,301
53,422
82,219
111,185
97,156
110,206
108,235
46,261
116,166
105,139
101,275
53,396
82,206
111,194
97,143
110,219
108,230
46,241
116,132
105,157
101,271
53,399
82,196
111,242
97,148
110,244
108,578
46,242
116,176
105,135
101,337
53,427
82,207
111,218
97,130
110,224
108,247
46,254
116,175
105,128
101,298
53,373
82,206
111,216
97,164
110,235
108,280
46,198
116,177
105,123
101,313
53,422
82,236
111,236
97,83
110,337
108,348
46,155
116,204
105,112
101,284
53,404
82,224
111,223
97,139
110,233
108,236
46,357
116,461
105,137
101,1211
53,834
82,309
111,223
97,174
110,230
108,247
46,291
116,177
105,130
101,310
53,375
82,227
111,182
97,136
110,211
108,219
46,230
116,191
105,138
101,283
53,430
82,281
111,208
97,104
110,225
108,248
46,228
116,132
105,154
101,310
53,401
82,241
111,239
97,133
110,245
108,244
46,202
116,157
105,132
101,287
53,406
82,242
111,212
97,125
110,246
108,248
46,333
116,127
105,171
101,500
53,421
82,246
111,187
97,157
110,219
108,246
46,259
116,173
105,135
101,348
53,456
82,256
111,243
97,72
110,238
108,623
46,417
116,115
105,174
101,740
53,407
82,293
111,206
97,140
110,229
108,255
46,349
116,174
105,158
101,807
53,433
82,262
111,169
97,167
110,215
108,235
46,349
116,161
105,167
101,277
53,409
82,260
111,176
97,177
110,211
108,258
46,255
116,180
105,146
101,300
53,399
82,248
111,276
97,188
110,231
108,274
46,173
116,220
105,144
101,299
53,415
82,277
111,203
97,143
110,235
108,266
46,178
116,192
105,149
101,275
53,441
82,320
111,196
97,162
110,226
108,248
46,214
116,172
105,147
101,258
53,413
82,264
111,195
97,151
110,216
108,344
46,236
116,171
105,157
101,304
53,409
82,283
111,184
97,162
110,397
108,311
46,256
116,149
105,154
101,362
53,442
82,286
111,183
97,156
110,213
108,259
46,262
116,161
105,196
101,314
53,447
82,303
111,190
97,148
110,164
108,263
46,420
116,191
105,125
101,660
53,462
82,213
111,141
97,202
110,231
108,280
46,262
116,141
105,153
101,347
53,538
82,189
111,192
97,139
110,165
108,240
46,321
116,148
105,146
101,345
53,412
82,224
111,179
97,153
110,239
108,270
46,291
116,154
105,131
101,340
53,446
82,227
111,210
97,134
110,225
108,277
46,318
116,154
105,139
101,318
53,433
82,231
111,145
97,168
110,246
108,241
46,346
116,146
105,158
101,289
53,420
82,209
111,215
97,145
110,226
108,241
46,336
116,139
105,158
101,277
53,400
82,226
111,185
97,138
110,229
108,285
46,272
116,167
105,135
101,293
53,748
82,374
111,189
97,188
110,216
108,291
46,316
116,133
105,162
101,296
53,496
82,255
111,159
97,185
110,198
108,267
46,370
116,141
105,144
101,290
53,444
82,275
111,194
97,148
110,217
108,273
46,274
116,157
105,159
101,341
53,493
82,198
111,198
97,195
110,225
108,255
46,320
116,175
105,149
101,323
53,433
82,253
111,178
97,149
110,216
108,265
46,246
116,159
105,134
101,315
53,458
82,314
111,207
97,165
110,219
108,263
46,241
116,169
105,163
101,321
53,458
82,468
111,232
97,197
110,233
108,290
46,230
116,145
105,134
101,301
53,476
82,290
111,167
97,166
110,200
108,266
46,271
116,183
105,147
101,375
53,429
82,255
111,212
97,154
110,231
108,286
46,227
116,185
105,94
101,319
53,485
82,254
111,176
97,184
110,238
108,279
46,227
116,148
105,161
101,712
53,616
82,259
111,155
97,186
110,209
108,246
46,325
116,191
105,142
101,431
53,425
82,221
111,203
97,196
110,230
108,248
46,349
116,192
105,146
101,333
53,425
82,237
111,138
97,211
110,226
108,265
46,241
116,167
105,125
101,595
53,447
82,292
111,180
97,158
110,231
108,269
46,285
116,212
105,146
101,618
53,457
82,423
111,151
97,234
110,270
108,259
46,283
116,183
105,137
101,363
53,444
82,252
111,185
97,174
110,244
108,274
46,238
116,173
105,130
101,327
53,443
82,249
111,213
97,106
110,230
108,265
46,260
116,148
105,170
101,313
53,464
82,263
111,166
97,192
110,218
108,264
46,225
116,165
105,136
101,337
53,460
82,236
111,204
97,139
110,227
108,256
46,370
116,183
105,147
101,311
53,443
82,230
111,172
97,173
110,226
108,258
46,228
116,168
105,137
101,306
53,446
82,241
111,211
97,117
110,211
108,270
46,243
116,173
105,119
101,308
53,459
82,248
111,188
97,142
110,234
108,264
46,213
116,177
105,121
101,300
53,429
82,247
111,186
97,150
110,222
108,273
46,272
116,168
105,152
101,301
53,436
82,258
111,178
97,158
110,227
108,267
46,206
116,176
105,134
101,302
53,468
82,221
111,213
97,138
110,245
108,434
46,378
116,145
105,144
101,351
53,452
82,232
111,153
97,199
110,211
108,282
46,189
116,191
105,115
101,291
53,379
82,244
111,156
97,167
110,211
108,280
46,188
116,184
105,128
101,288
53,426
82,246
111,185
97,169
110,201
108,427
46,218
116,175
105,130
101,268
53,387
82,248
111,197
97,182
110,247
108,298
46,249
116,177
105,125
101,276
53,404
82,240
111,193
97,162
110,232
108,249
46,212
116,180
105,113
101,290
53,386
82,248
111,198
97,138
110,250
108,250
46,236
116,174
105,105
101,315
53,388
82,223
111,177
97,161
110,212
108,252
46,177
116,191
105,112
101,269
53,470
82,237
111,182
97,150
110,196
108,255
46,184
116,205
105,499
101,365
53,409
82,193
111,181
97,187
110,233
108,264
46,216
116,169
105,123
101,267
53,431
82,233
111,157
97,188
110,245
108,276
46,247
116,181
105,130
101,288
53,410
82,247
111,167
97,169
110,236
108,282
46,261
116,164
105,139
101,285
53,403
82,266
111,197
97,164
110,209
108,269
46,247
116,160
105,143
101,252
53,408
82,238
111,205
97,144
110,205
108,261
46,196
116,186
105,118
101,287
53,402
82,250
111,187
97,145
110,202
108,240
46,197
116,192
105,129
101,266
53,512
82,310
111,284
97,234
110,227
108,255
46,169
116,208
105,107
101,258
53,382
82,234
111,192
97,118
110,212
108,259
46,141
116,229
105,109
101,274
53,413
82,257
111,163
97,186
110,183
108,243
46,221
116,147
105,141
101,263
53,409
82,249
111,187
97,144
110,217
108,264
46,271
116,134
105,158
101,434
53,461
82,241
111,169
97,147
110,211
108,246
46,341
116,137
105,150
101,318
53,419
82,204
111,174
97,120
110,194
108,252
46,906
116,181
105,111
101,310
53,372
82,232
111,168
97,151
110,227
108,247
46,347
116,126
105,141
101,292
53,382
82,236
111,166
97,153
110,215
108,240
46,345
116,158
105,133
101,266
53,413
82,218
111,176
97,128
110,215
108,232
46,344
116,138
105,155
101,261
53,414
82,238
111,162
97,151
110,197
108,246
46,248
116,126
105,154
101,286
53,461
82,217
111,181
97,116
110,200
108,238
46,220
116,124
105,209
101,285
53,455
82,259
111,207
97,121
110,162
108,252
46,252
116,171
105,111
101,287
53,407
82,225
111,154
97,153
110,207
108,255
46,228
116,173
105,117
101,320
53,452
82,230
111,181
97,138
110,206
108,257
46,244
116,169
105,120
101,284
53,445
82,247
111,186
97,151
110,205
108,242
46,237
116,160
105,146
101,306
53,461
82,246
111,169
97,217
110,216
108,249
46,236
116,143
105,152
101,273
53,439
82,271
111,195
97,149
110,228
108,623
46,250
116,152
105,143
101,268
53,462
82,245
111,173
97,191
110,204
108,280
46,188
116,170
105,124
101,281
53,427
82,244
111,185
97,172
110,211
108,248
46,202
116,169
105,127
101,280
53,403
82,267
111,170
97,160
110,176
108,277
46,259
116,202
105,113
101,247
53,357
82,248
111,183
97,173
110,214
108,245
46,214
116,181
105,110
101,258
53,413
82,283
111,204
97,134
110,188
108,267
46,211
116,168
105,134
101,258
53,471
82,249
111,155
97,181
110,209
108,237
46,251
116,158
105,196
101,287
53,390
82,251
111,160
97,168
110,205
108,249
46,188
116,176
105,138
101,249
53,435
82,255
111,178
97,158
110,189
108,255
46,191
116,167
105,136
101,264
53,431
82,240
111,183
97,156
110,207
108,245
46,190
116,149
105,149
101,260
53,433
82,228
111,173
97,136
110,217
108,261
46,190
116,173
105,132
101,254
53,404
82,240
111,165
97,145
110,151
108,262
46,189
116,159
105,135
101,256
53,395
82,472
111,215
97,88
110,200
108,252
46,200
116,155
105,138
101,246
53,400
82,236
111,173
97,128
110,191
108,244
46,211
116,185
105,113
101,268
53,393
82,242
111,184
97,137
110,200
108,240
46,182
116,166
105,129
101,255
53,515
82,468
111,226
97,60
110,214
108,271
46,195
116,162
105,128
101,260
53,390
82,212
111,177
97,141
110,219
108,238
46,149
116,217
105,92
101,271
53,386
82,228
111,188
97,111
110,215
108,239
46,167
116,179
105,135
101,271
53,409
82,253
111,204
97,131
110,224
108,246
46,174
116,196
105,107
101,266
53,405
82,224
111,224
97,139
110,208
108,253
46,170
116,173
105,119
101,260
53,426
82,229
111,175
97,116
110,193
108,242
46,338
116,154
105,127
101,278
53,375
82,220
111,149
97,178
110,219
108,269
46,178
116,180
105,110
101,271
53,393
82,253
111,178
97,156
110,237
108,228
46,173
116,169
105,142
101,258
53,393
82,250
111,194
97,139
110,205
108,276
46,182
116,164
105,150
101,272
53,365
82,329
111,272
97,184
110,218
108,251
46,193
116,149
105,133
101,238
53,391
82,262
111,162
97,140
110,201
108,257
46,175
116,212
105,126
101,259
53,383
82,262
111,177
97,127
110,210
108,236
46,154
116,222
105,129
101,270
53,444
82,247
111,155
97,156
110,214
108,244
46,184
116,169
105,139
101,264
53,419
82,239
111,195
97,79
110,191
108,251
46,171
116,209
105,137
101,262
53,404
82,219
111,183
97,148
110,213
108,256
46,237
116,95
105,347
101,800
53,372
82,305
111,186
97,134
110,215
108,232
46,173
116,152
105,132
101,268
53,368
82,218
111,189
97,125
110,200
108,231
46,210
116,155
105,430
101,718
53,401
82,244
111,190
97,121
110,207
108,238
46,222
116,145
105,153
101,280
53,403
82,218
111,165
97,153
110,184
108,248
46,219
116,167
105,158
101,267
53,440
82,217
111,217
97,107
110,202
108,239
46,226
116,79
105,416
101,649
53,405
82,271
111,182
97,119
110,198
108,230
46,170
116,179
105,119
101,264
53,387
82,226
111,192
97,120
110,212
108,245
46,219
116,142
105,160
101,285
53,455
82,263
111,173
97,159
110,205
108,233
46,234
116,156
105,167
101,328
53,744
82,276
111,129
97,163
110,221
108,252
46,522
116,117
105,188
101,251
53,410
82,218
111,153
97,165
110,233
108,250
46,317
116,146
105,166
101,298
53,411
82,223
111,180
97,121
110,223
108,254
46,240
116,169
105,139
101,308
53,418
82,294
111,176
97,130
110,249
108,234
46,293
116,131
105,161
101,293
53,506
82,262
111,224
97,191
110,246
108,261
46,453
116,135
105,175
101,320
53,453
82,262
111,180
97,155
110,219
108,267
46,289
116,166
105,141
101,302
53,443
82,253
111,178
97,138
110,239
108,250
46,248
116,160
105,146
101,287
53,460
82,279
111,166
97,162
110,214
108,254
46,235
116,133
105,181
101,282
53,536
82,258
111,185
97,108
110,249
108,271
46,264
116,167
105,155
101,257
53,442
82,231
111,182
97,169
110,229
108,259
46,270
116,154
105,182
101,284
53,445
82,236
111,199
97,159
110,220
108,262
46,278
116,158
105,162
101,252
53,438
82,240
111,178
97,157
110,214
108,262
46,286
116,159
105,157
101,250
53,440
82,255
111,187
97,149
110,247
108,320
46,224
116,181
105,145
101,256
53,419
82,231
111,182
97,154
110,231
108,245
46,248
116,166
105,153
101,301
53,445
82,235
111,186
97,179
110,202
108,688
46,416
116,167
105,163
101,290
53,455
82,473
111,250
97,216
110,196
108,288
46,268
116,143
105,147
101,271
53,414
82,238
111,171
97,174
110,213
108,252
46,265
116,155
105,159
101,283
53,425
82,249
111,185
97,184
110,206
108,273
46,364
116,162
105,182
101,301
53,408
82,219
111,192
97,169
110,210
108,270
46,238
116,176
105,128
101,267
53,395
82,237
111,186
97,165
110,242
108,246
46,290
116,155
105,143
101,277
53,413
82,213
111,184
97,148
110,232
108,253
46,256
116,139
105,187
101,283
53,412
82,244
111,209
97,163
110,247
108,268
46,457
116,163
105,189
101,313
53,422
82,260
111,177
97,178
110,255
108,275
46,256
116,159
105,143
101,293
53,433
82,277
111,181
97,149
110,227
108,271
46,248
116,131
105,166
101,271
53,425
82,255
111,186
97,157
110,236
108,292
46,195
116,199
105,121
101,250
53,408
82,256
111,197
97,214
110,230
108,287
46,247
116,173
105,135
101,279
53,419
82,355
111,275
97,308
110,294
108,278
46,177
116,180
105,143
101,259
53,417
82,240
111,205
97,190
110,215
108,250
46,215
116,173
105,160
101,280
53,445
82,253
111,189
97,149
110,215
108,257
46,350
116,155
105,160
101,308
53,445
82,262
111,194
97,170
110,213
108,257
46,213
116,158
105,148
101,298
53,488
82,259
111,179
97,167
110,210
108,260
46,218
116,172
105,152
101,271
53,456
82,273
111,194
97,152
110,217
108,258
46,267
116,132
105,243
101,299
53,444
82,349
111,270
97,216
110,256
108,695
46,254
116,180
105,127
101,263
53,475
82,244
111,191
97,156
110,221
108,659
46,286
116,155
105,358
101,351
53,440
82,224
111,184
97,152
110,231
108,256
46,273
116,204
105,144
101,301
53,462
82,270
111,142
97,198
110,223
108,254
46,244
116,142
105,170
101,278
53,452
82,263
111,157
97,174
110,214
108,241
46,255
116,134
105,169
101,272
53,421
82,225
111,190
97,175
110,232
108,254
46,273
116,199
105,150
101,309
53,418
82,231
111,216
97,169
110,229
108,275
46,203
116,192
105,113
101,257
53,522
82,333
111,202
97,153
110,213
108,278
46,215
116,157
105,139
101,272
53,449
82,236
111,209
97,140
110,233
108,246
46,199
116,185
105,115
101,266
53,454
82,228
111,158
97,172
110,197
108,264
46,222
116,179
105,99
101,285
53,454
82,242
111,178
97,124
110,227
108,243
46,191
116,194
105,116
101,265
53,409
82,291
111,216
97,152
110,196
108,275
46,166
116,209
105,350
101,355
53,461
82,254
111,170
97,173
110,229
108,265
46,225
116,149
105,133
101,280
53,443
82,327
111,213
97,183
110,226
108,284
46,198
116,195
105,135
101,273
53,390
82,216
111,202
97,147
110,220
108,291
46,188
116,165
105,135
101,271
53,386
82,209
111,201
97,142
110,236
108,350
46,192
116,203
105,117
101,280
53,365
82,231
111,201
97,137
110,241
108,287
46,305
116,161
105,138
101,258
53,395
82,211
111,194
97,188
110,210
108,247
46,272
116,186
105,123
101,269
53,363
82,199
111,205
97,136
110,225
108,266
46,311
116,174
105,170
101,275
53,371
82,247
111,211
97,179
110,238
108,283
46,285
116,138
105,186
101,273
53,367
82,216
111,182
97,158
110,243
108,261
46,258
116,174
105,146
101,262
53,383
82,207
111,186
97,156
110,210
108,267
46,272
116,146
105,158
101,256
53,390
82,217
111,184
97,155
110,209
108,255
46,242
116,156
105,148
101,262
53,370
82,235
111,182
97,118
110,218
108,254
46,224
116,168
105,138
101,263
53,384
82,259
111,239
97,486
110,238
108,292
46,193
116,191
105,140
101,271
53,380
82,230
111,162
97,153
110,217
108,259
46,227
116,159
105,150
101,252
53,385
82,229
111,193
97,120
110,255
108,267
46,250
116,154
105,156
101,252
53,341
82,213
111,258
97,163
110,322
108,318
46,214
116,179
105,138
101,250
53,358
82,286
111,174
97,145
110,216
108,253
46,515
116,285
105,172
101,561
53,387
82,280
111,180
97,132
110,224
108,265
46,247
116,158
105,152
101,280
53,354
82,287
111,217
97,71
110,269
108,260
46,213
116,175
105,120
101,254
53,362
82,247
111,191
97,175
110,223
108,272
46,466
116,241
105,141
101,363
53,405
82,273
111,160
97,199
110,221
108,262
46,208
116,198
105,110
101,303
53,418
82,294
111,168
97,155
110,219
108,261
46,190
116,196
105,126
101,278
53,371
82,259
111,175
97,161
110,207
108,285
46,261
116,146
105,182
101,265
53,372
82,250
111,192
97,134
110,200
108,273
46,209
116,169
105,144
101,266
53,341
82,271
111,195
97,129
110,263
108,336
46,279
116,171
105,126
101,288
53,339
82,239
111,175
97,152
110,220
108,247
46,179
116,210
105,89
101,261
53,351
82,258
111,177
97,162
110,213
108,257
46,273
116,179
105,151
101,323
53,391
82,242
111,174
97,167
110,230
108,245
46,212
116,167
105,146
101,269
53,344
82,270
111,186
97,151
110,233
108,262
46,192
116,169
105,133
101,273
53,386
82,247
111,169
97,164
110,236
108,946
46,293
116,164
105,134
101,270
53,351
82,245
111,191
97,174
110,423
108,318
46,290
116,146
105,155
101,255
53,327
82,256
111,238
97,218
110,248
108,276
46,315
116,172
105,136
101,285
53,341
82,336
111,257
97,171
110,234
108,265
46,189
116,212
105,110
101,268
53,356
82,216
111,207
97,108
110,257
108,259
46,156
116,222
105,114
101,302
53,338
82,232
111,196
97,118
110,220
108,270
46,203
116,186
105,107
101,306
53,319
82,257
111,178
97,113
110,185
108,282
46,299
116,167
105,123
101,273
53,355
82,254
111,167
97,153
110,230
108,244
46,166
116,268
105,255
101,366
53,435
82,284
111,181
97,221
110,323
108,344
46,163
116,227
105,121
101,273
53,386
82,261
111,182
97,156
110,193
108,280
46,183
116,189
105,126
101,287
53,366
82,264
111,199
97,135
110,226
108,301
46,208
116,180
105,146
101,272
53,367
82,269
111,201
97,134
110,224
108,269
46,195
116,193
105,124
101,277
53,363
82,243
111,195
97,165
110,194
108,269
46,205
116,187
105,118
101,277
53,370
82,258
111,211
97,101
110,316
108,320
46,297
116,190
105,134
101,274
53,390
82,224
111,194
97,141
110,205
108,274
46,204
116,152
105,157
101,259
53,371
82,237
111,195
97,137
110,213
108,289
46,211
116,162
105,142
101,266
53,394
82,243
111,196
97,158
110,203
108,271
46,215
116,194
105,126
101,267
53,380
82,267
111,187
97,141
110,217
108,351
46,243
116,185
105,144
101,278
53,390
82,261
111,188
97,157
110,194
108,278
46,213
116,159
105,145
101,265
53,384
82,306
111,200
97,130
110,215
108,261
46,204
116,176
105,117
101,289
53,369
82,218
111,195
97,144
110,216
108,289
46,194
116,174
105,118
101,288
53,368
82,206
111,235
97,101
110,304
108,679
46,269
116,188
105,128
101,276
53,372
82,251
111,224
97,201
110,227
108,246
46,200
116,191
105,121
101,241
53,371
82,231
111,183
97,138
110,223
108,284
46,180
116,194
105,129
101,251
53,445
82,254
111,173
97,145
110,215
108,296
46,195
116,177
105,126
101,253
53,404
82,251
111,214
97,165
110,252
108,267
46,188
116,183
105,119
101,262
53,481
82,330
111,193
97,160
110,266
108,275
46,241
116,172
105,141
101,313
53,390
82,198
111,152
97,143
110,191
108,218
46,195
116,156
105,139
101,239
53,372
82,212
111,153
97,97
110,286
108,325
46,190
116,153
105,137
101,227
53,388
82,210
111,177
97,119
110,208
108,225
46,220
116,176
105,112
101,233
53,346
82,245
111,189
97,114
110,252
108,233
46,320
116,190
105,130
101,297
53,390
82,260
111,195
97,112
110,267
108,236
46,201
116,173
105,149
101,249
53,417
82,265
111,200
97,193
110,212
108,265
46,201
116,178
105,132
101,235
53,370
82,239
111,228
97,82
110,240
108,254
46,300
116,293
105,212
101,305
53,376
82,214
111,205
97,106
110,223
108,248
46,185
116,179
105,126
101,241
53,381
82,261
111,189
97,121
110,254
108,244
46,310
116,167
105,134
101,231
53,353
82,232
111,187
97,144
110,218
108,254
46,252
116,213
105,115
101,276
53,377
82,265
111,207
97,91
110,232
108,236
46,189
116,173
105,136
101,239
53,378
82,438
111,303
97,213
110,220
108,242
46,215
116,162
105,135
101,226
53,371
82,271
111,174
97,125
110,229
108,249
46,193
116,184
105,119
101,243
53,377
82,268
111,196
97,154
110,203
108,252
46,200
116,187
105,129
101,265
53,402
82,252
111,212
97,91
110,207
108,248
46,206
116,166
105,136
101,269
53,415
82,242
111,199
97,164
110,222
108,279
46,181
116,214
105,119
101,318
53,413
82,255
111,195
97,135
110,186
108,262
46,174
116,196
105,119
101,236
53,383
82,268
111,192
97,129
110,200
108,251
46,165
116,224
105,99
101,293
53,415
82,220
111,220
97,154
110,203
108,249
46,187
116,183
105,115
101,255
53,410
82,259
111,173
97,145
110,200
108,241
46,175
116,189
105,105
101,256
53,411
82,237
111,172
97,156
110,208
108,246
46,156
116,200
105,114
101,262
53,414
82,242
111,164
97,151
110,199
108,265
46,123
116,195
105,107
101,279
53,401
82,235
111,164
97,143
110,195
108,249
46,160
116,209
105,105
101,268
53,378
82,290
111,179
97,135
110,178
108,264
46,293
116,160
105,144
101,244
53,379
82,253
111,183
97,113
110,229
108,251
46,237
116,181
105,160
101,269
53,367
82,240
111,155
97,147
110,219
108,264
46,278
116,239
105,144
101,308
53,399
82,263
111,187
97,134
110,210
108,253
46,222
116,169
105,126
101,260
53,432
82,279
111,182
97,110
110,204
108,255
46,175
116,194
105,123
101,258
53,475
82,269
111,173
97,149
110,220
108,257
46,202
116,173
105,134
101,251
53,414
82,240
111,199
97,132
110,206
108,739
46,256
116,212
105,91
101,278
53,390
82,255
111,174
97,125
110,224
108,261
46,158
116,201
105,102
101,246
53,394
82,245
111,178
97,114
110,228
108,238
46,159
116,214
105,96
101,291
53,397
82,256
111,197
97,104
110,272
108,239
46,190
116,176
105,120
101,251
53,396
82,230
111,177
97,112
110,202
108,249
46,235
116,253
105,147
101,416
53,428
82,246
111,186
97,103
110,247
108,255
46,187
116,200
105,130
101,274
53,386
82,297
111,181
97,109
110,233
108,237
46,177
116,169
105,124
101,278
53,397
82,247
111,198
97,77
110,234
108,260
46,178
116,185
105,118
101,252
53,371
82,232
111,184
97,101
110,196
108,268
46,347
116,263
105,179
101,258
53,375
82,226
111,150
97,130
110,218
108,252
46,157
116,205
105,87
101,276
53,391
82,248
111,166
97,106
110,214
108,236
46,146
116,197
105,108
101,282
53,411
82,236
111,161
97,133
110,220
108,253
46,362
116,168
105,150
101,290
53,415
82,237
111,164
97,143
110,216
108,272
46,196
116,178
105,128
101,250
53,436
82,423
111,293
97,224
110,217
108,638
46,252
116,163
105,132
101,275
53,426
82,260
111,181
97,152
110,207
108,262
46,167
116,175
105,118
101,281
53,422
82,244
111,202
97,89
110,234
108,248
46,426
116,158
105,140
101,287
53,401
82,242
111,168
97,122
110,203
108,253
46,191
116,204
105,122
101,254
53,409
82,253
111,169
97,123
110,216
108,254
46,255
116,189
105,152
101,260
53,411
82,198
111,193
97,101
110,212
108,253
46,234
116,151
105,173
101,278
53,418
82,236
111,221
97,142
110,209
108,262
46,216
116,844
105,156
101,327
53,384
82,208
111,165
97,96
110,209
108,243
46,252
116,147
105,155
101,280
53,422
82,180
111,154
97,130
110,213
108,256
46,171
116,377
105,136
101,275
53,367
82,196
111,150
97,109
110,262
108,245
46,248
116,158
105,154
101,252
53,355
82,219
111,181
97,104
110,256
108,249
46,210
116,171
105,139
101,252
53,401
82,213
111,208
97,154
110,254
108,284
46,201
116,182
105,116
101,263
53,384
82,193
111,226
97,89
110,225
108,254
46,267
116,165
105,150
101,248
53,402
82,237
111,176
97,133
110,203
108,300
46,223
116,146
105,157
101,252
53,412
82,228
111,187
97,135
110,249
108,311
46,278
116,151
105,144
101,253
53,404
82,253
111,192
97,116
110,244
108,249
46,204
116,180
105,131
101,247
53,450
82,261
111,187
97,131
110,222
108,259
46,282
116,227
105,155
101,296
53,447
82,215
111,178
97,134
110,259
108,264
46,204
116,166
105,129
101,238
53,406
82,265
111,173
97,153
110,205
108,243
46,167
116,191
105,128
101,239
53,397
82,205
111,221
97,115
110,247
108,244
46,198
116,136
105,150
101,242
53,398
82,243
111,179
97,169
110,191
108,251
46,207
116,168
105,136
101,266
53,401
82,268
111,201
97,147
110,221
108,256
46,189
116,175
105,127
101,252
53,510
82,253
111,164
97,142
110,204
108,251
46,167
116,180
105,118
101,240
53,486
82,246
111,157
97,166
110,204
108,257
46,281
116,135
105,174
101,241
53,428
82,243
111,219
97,134
110,218
108,255
46,190
116,162
105,135
101,229
53,455
82,277
111,144
97,166
110,198
108,253
46,237
116,134
105,158
101,259
53,479
82,237
111,174
97,135
110,192
108,264
46,213
116,177
105,124
101,247
53,457
82,258
111,154
97,185
110,189
108,266
46,235
116,167
105,142
101,254
53,390
82,280
111,147
97,166
110,200
108,277
46,215
116,175
105,144
101,271
53,397
82,237
111,149
97,179
110,196
108,253
46,342
116,170
105,149
101,239
53,367
82,228
111,144
97,177
110,187
108,661
46,274
116,163
105,134
101,269
53,440
82,204
111,175
97,137
110,212
108,463
46,259
116,160
105,142
101,260
53,533
82,204
111,162
97,149
110,199
108,275
46,216
116,149
105,165
101,260
53,395
82,213
111,177
97,172
110,213
108,265
46,181
116,167
105,137
101,253
53,430
82,245
111,166
97,168
110,202
108,264
46,195
116,161
105,145
101,234
53,414
82,243
111,171
97,134
110,199
108,274
46,242
116,189
105,103
101,271
53,376
82,244
111,167
97,166
110,223
108,260
46,194
116,163
105,121
101,234
53,443
82,274
111,173
97,196
110,210
108,261
46,193
116,218
105,130
101,270
53,364
82,262
111,180
97,130
110,203
108,284
46,229
116,232
105,521
101,338
53,395
82,259
111,168
97,192
110,206
108,274
46,191
116,186
105,116
101,261
53,397
82,250
111,147
97,154
110,207
108,296
46,161
116,202
105,96
101,260
53,435
82,216
111,167
97,176
110,208
108,310
46,263
116,194
105,145
101,273
53,412
82,229
111,148
97,186
110,252
108,276
46,158
116,207
105,103
101,283
53,426
82,249
111,136
97,204
110,208
108,260
46,199
116,173
105,145
101,258
53,417
82,242
111,131
97,192
110,179
108,277
46,173
116,206
105,116
101,267
53,443
82,286
111,147
97,182
110,191
108,253
46,167
116,185
105,107
101,255
53,405
82,224
111,166
97,153
110,178
108,267
46,321
116,221
105,197
101,314
53,387
82,221
111,144
97,176
110,215
108,272
46,163
116,199
105,150
101,238
53,373
82,228
111,185
97,171
110,198
108,265
46,175
116,196
105,122
101,258
53,397
82,251
111,145
97,182
110,180
108,279
46,181
116,188
105,114
101,266
53,532
82,257
111,136
97,194
110,198
108,284
46,187
116,179
105,147
101,268
53,421
82,260
111,140
97,159
110,220
108,275
46,149
116,205
105,116
101,285
53,417
82,289
111,178
97,190
110,203
108,314
46,294
116,176
105,130
101,277
53,396
82,237
111,111
97,194
110,225
108,260
46,146
116,221
105,103
101,244
53,431
82,210
111,144
97,158
110,202
108,256
46,143
116,217
105,107
101,285
53,394
82,234
111,128
97,165
110,195
108,263
46,162
116,192
105,103
101,272
53,424
82,290
111,148
97,156
110,205
108,326
46,380
116,213
105,164
101,286
53,374
82,229
111,136
97,155
110,182
108,267
