46,275
116,221
105,200
101,1285
53,471
82,791
111,658
97,500
110,227
108,540
46,407
116,270
105,232
101,891
53,809
82,435
111,752
97,502
110,350
108,318
46,327
116,194
105,199
101,1048
53,681
82,409
111,772
97,226
110,268
108,274
46,454
116,234
105,682
101,474
53,753
82,740
111,338
97,206
110,259
108,351
46,269
116,310
105,152
101,358
53,517
82,355
111,439
97,266
110,486
108,313
46,280
116,353
105,190
101,432
53,643
82,547
111,221
97,214
110,762
108,298
46,261
116,192
105,301
101,973
53,660
82,528
111,237
97,119
110,241
108,265
46,290
116,205
105,172
101,425
53,626
82,392
111,330
97,146
110,666
108,322
46,220
116,231
105,160
101,569
53,552
82,342
111,278
97,253
110,525
108,381
46,243
116,174
105,158
101,396
53,658
82,468
111,237
97,301
110,166
108,329
46,224
116,256
105,183
101,421
53,744
82,335
111,212
97,219
110,577
108,320
46,286
116,234
105,342
101,524
53,695
82,467
111,226
97,270
110,463
108,368
46,240
116,235
105,168
101,391
53,589
82,372
111,232
97,178
110,522
108,295
46,224
116,198
105,179
101,503
53,1077
82,405
111,283
97,247
110,189
108,454
46,247
116,1161
105,205
101,572
53,707
82,418
111,139
97,429
110,204
108,428
46,309
116,203
105,170
101,431
53,707
82,302
111,217
97,243
110,196
108,389
46,250
116,189
105,174
101,519
53,487
82,495
111,269
97,200
110,197
108,366
46,259
116,333
105,178
101,363
53,503
82,305
111,443
97,172
110,237
108,350
46,225
116,228
105,148
101,537
53,526
82,230
111,222
97,283
110,160
108,441
46,181
116,227
105,121
101,451
53,597
82,283
111,465
97,198
110,179
108,409
46,183
116,240
105,126
101,501
53,512
82,393
111,207
97,195
110,590
108,307
46,234
116,241
105,135
101,373
53,540
82,607
111,424
97,437
110,173
108,389
46,195
116,214
105,183
101,568
53,734
82,380
111,196
97,317
110,271
108,695
46,228
116,222
105,183
101,321
53,693
82,364
111,245
97,150
110,123
108,496
46,287
116,173
105,185
101,478
53,543
82,288
111,188
97,267
110,118
108,383
46,207
116,239
105,123
101,295
53,579
82,345
111,158
97,290
110,88
108,420
46,363
116,322
105,163
101,665
53,387
82,332
111,358
97,257
110,570
108,602
46,193
116,220
105,159
101,339
53,684
82,331
111,215
97,294
110,67
108,554
46,238
116,277
105,152
101,434
53,572
82,371
111,370
97,270
110,495
108,325
46,232
116,292
105,138
101,442
53,489
82,252
111,199
97,216
110,213
108,517
46,240
116,255
105,173
101,409
53,521
82,396
111,289
97,249
110,174
108,458
46,268
116,210
105,173
101,353
53,516
82,329
111,226
97,217
110,160
108,406
46,161
116,240
105,195
101,348
53,524
82,309
111,228
97,305
110,136
108,575
46,204
116,208
105,191
101,366
53,546
82,575
111,188
97,279
110,229
108,824
46,230
116,166
105,185
101,391
53,659
82,315
111,310
97,253
110,149
108,433
46,226
116,221
105,182
101,347
53,848
82,421
111,288
97,438
110,217
108,415
46,197
116,200
105,225
101,411
53,582
82,328
111,265
97,316
110,164
108,378
46,530
116,257
105,129
101,299
53,778
82,307
111,275
97,224
110,228
108,344
46,266
116,233
105,160
101,461
53,635
82,399
111,379
97,356
110,491
108,284
46,241
116,538
105,247
101,347
53,557
82,550
111,664
97,455
110,197
108,513
46,342
116,200
105,149
101,340
53,696
82,437
111,274
97,311
110,215
108,496
46,257
116,214
105,162
101,313
53,555
82,570
111,363
97,248
110,180
108,383
46,238
116,270
105,175
101,1547
53,626
82,398
111,302
97,302
110,68
108,588
46,172
116,235
105,165
101,367
53,621
82,581
111,222
97,280
110,188
108,382
46,201
116,281
105,127
101,344
53,549
82,306
111,175
97,324
110,129
108,647
46,249
116,215
105,107
101,907
53,497
82,476
111,215
97,235
110,218
108,446
46,200
116,229
105,183
101,442
53,526
82,252
111,217
97,236
110,168
108,411
46,236
116,210
105,167
101,405
53,530
82,348
111,268
97,231
110,197
108,448
46,225
116,223
105,164
101,713
53,461
82,344
111,263
97,223
110,131
108,443
46,274
116,233
105,141
101,361
53,818
82,674
111,265
97,134
110,111
108,599
46,303
116,192
105,128
101,463
53,439
82,259
111,223
97,242
110,232
108,441
46,240
116,175
105,152
101,399
53,451
82,291
111,132
97,257
110,239
108,584
46,316
116,213
105,145
101,393
53,523
82,334
111,142
97,258
110,596
108,416
46,214
116,192
105,124
101,384
53,535
82,273
111,304
97,193
110,379
108,263
46,259
116,199
105,126
101,344
53,530
82,228
111,174
97,231
110,287
108,354
46,259
116,213
105,120
101,396
53,477
82,268
111,158
97,222
110,373
108,400
46,300
116,167
105,160
101,284
53,474
82,281
111,200
97,161
110,306
108,327
46,222
116,192
105,138
101,339
53,551
82,234
111,198
97,244
110,223
108,366
46,224
116,191
105,162
101,347
53,441
82,308
111,177
97,207
110,266
108,518
46,342
116,210
105,556
101,419
53,863
82,242
111,221
97,194
110,195
108,345
46,191
116,215
105,141
101,328
53,536
82,287
111,195
97,244
110,141
108,362
46,232
116,220
105,134
101,1560
53,405
82,299
111,150
97,277
110,191
108,701
46,325
116,224
105,213
101,1227
53,539
82,601
111,727
97,321
110,321
108,326
46,267
116,225
105,105
101,498
53,544
82,315
111,255
97,835
110,301
108,421
46,353
116,220
105,150
101,495
53,456
82,320
111,268
97,284
110,146
108,425
46,235
116,256
105,129
101,481
53,471
82,368
111,241
97,253
110,192
108,381
46,191
116,213
105,109
101,1328
53,414
82,386
111,189
97,240
110,298
108,741
46,334
116,207
105,176
101,387
53,484
82,266
111,199
97,185
110,226
108,347
46,266
116,188
105,140
101,377
53,457
82,327
111,237
97,208
110,137
108,400
46,220
116,231
105,134
101,477
53,420
82,262
111,237
97,217
110,108
108,414
46,245
116,225
105,139
101,837
53,581
82,525
111,190
97,212
110,217
108,409
46,237
116,157
105,183
101,461
53,540
82,367
111,500
97,225
110,156
108,388
46,404
116,180
105,183
101,356
53,535
82,313
111,267
97,237
110,136
108,399
46,305
116,196
105,196
101,414
53,483
82,361
111,219
97,199
110,163
108,426
46,247
116,242
105,169
101,453
53,522
82,233
111,214
97,209
110,196
108,409
46,338
116,162
105,171
101,341
53,444
82,320
111,266
97,143
110,135
108,433
46,568
116,293
105,143
101,358
53,584
82,288
111,207
97,247
110,152
108,397
46,217
116,224
105,133
101,350
53,465
82,327
111,188
97,335
110,140
108,368
46,221
116,251
105,131
101,349
53,451
82,519
111,272
97,206
110,181
108,568
46,259
116,252
105,210
101,463
53,445
82,324
111,166
97,201
110,161
108,360
46,194
116,241
105,149
101,371
53,452
82,655
111,187
97,232
110,128
108,407
46,270
116,244
105,178
101,737
53,583
82,347
111,239
97,158
110,140
108,404
46,269
116,218
105,135
101,336
53,466
82,305
111,198
97,257
110,172
108,398
46,238
116,205
105,139
101,326
53,471
82,337
111,445
97,216
110,241
108,358
46,264
116,198
105,105
101,618
53,947
82,346
111,256
97,184
110,198
108,390
46,229
116,239
105,112
101,476
53,490
82,356
111,233
97,234
110,234
108,333
46,241
116,192
105,149
101,692
53,466
82,319
111,223
97,239
110,170
108,418
46,218
116,218
105,369
101,372
53,558
82,316
111,239
97,247
110,211
108,348
46,203
116,226
105,159
101,378
53,474
82,334
111,283
97,227
110,181
108,411
46,236
116,209
105,173
101,395
53,478
82,332
111,349
97,252
110,168
108,460
46,224
116,206
105,143
101,421
53,515
82,349
111,348
97,375
110,191
108,386
46,248
116,205
105,135
101,327
53,483
82,422
111,280
97,221
110,273
108,447
46,227
116,232
105,161
101,327
53,446
82,338
111,305
97,163
110,199
108,388
46,472
116,216
105,160
101,407
53,585
82,354
111,277
97,201
110,210
108,390
46,240
116,211
105,150
101,287
53,479
82,381
111,271
97,217
110,364
108,536
46,274
116,271
105,132
101,285
53,740
82,306
111,213
97,159
110,206
108,351
46,303
116,192
105,914
101,513
53,413
82,313
111,209
97,233
110,200
108,463
46,240
116,239
105,145
101,334
53,577
82,293
111,197
97,245
110,157
108,445
46,255
116,213
105,145
101,339
53,477
82,344
111,268
97,189
110,181
108,417
46,267
116,203
105,141
101,340
53,522
82,401
111,191
97,309
110,186
108,423
46,289
116,350
105,161
101,944
53,746
82,399
111,338
97,430
110,244
108,347
46,209
116,291
105,193
101,356
53,427
82,253
111,219
97,121
110,196
108,376
46,279
116,241
105,149
101,1190
53,416
82,254
111,187
97,394
110,438
108,281
46,265
116,271
105,151
101,340
53,431
82,253
111,278
97,205
110,178
108,358
46,215
116,259
105,158
101,469
53,527
82,264
111,249
97,273
110,171
108,341
46,223
116,194
105,123
101,516
53,486
82,307
111,176
97,181
110,151
108,313
46,260
116,209
105,145
101,538
53,417
82,259
111,239
97,163
110,116
108,356
46,227
116,206
105,210
101,725
53,850
82,240
111,229
97,270
110,134
108,357
46,349
116,237
105,138
101,292
53,489
82,259
111,239
97,196
110,147
108,388
46,366
116,183
105,156
101,361
53,491
82,299
111,207
97,235
110,80
108,383
46,272
116,241
105,172
101,436
53,476
82,264
111,215
97,240
110,141
108,395
46,239
116,209
105,139
101,354
53,507
82,308
111,170
97,311
110,176
108,549
46,247
116,153
105,149
101,347
53,504
82,316
111,336
97,239
110,134
108,379
46,222
116,215
105,113
101,320
53,498
82,888
111,204
97,162
110,191
108,375
46,235
116,186
105,172
101,388
53,537
82,359
111,234
97,237
110,195
108,329
46,253
116,204
105,178
101,575
53,431
82,358
111,209
97,184
110,181
108,400
46,258
116,607
105,1303
101,383
53,487
82,324
111,182
97,240
110,142
108,657
46,260
116,230
105,122
101,409
53,501
82,348
111,205
97,258
110,163
108,553
46,333
116,203
105,189
101,388
53,450
82,357
111,180
97,255
110,133
108,584
46,250
116,175
105,112
101,311
53,413
82,576
111,269
97,205
110,176
108,431
46,225
116,252
105,107
101,310
53,1067
82,413
111,236
97,224
110,182
108,427
46,229
116,306
105,106
101,418
53,464
82,309
111,264
97,218
110,219
108,370
46,216
116,234
105,154
101,341
53,449
82,402
111,229
97,163
110,222
108,548
46,267
116,200
105,131
101,325
53,425
82,356
111,703
97,425
110,198
108,423
46,310
116,253
105,159
101,353
53,454
82,380
111,357
97,240
110,114
108,438
46,543
116,250
105,241
101,656
53,518
82,294
111,437
97,227
110,235
108,385
46,326
116,179
105,189
101,421
53,398
82,349
111,237
97,217
110,166
108,440
46,263
116,262
105,132
101,365
53,537
82,407
111,219
97,231
110,232
108,457
46,411
116,418
105,254
101,351
53,420
82,326
111,167
97,207
110,159
108,479
46,211
116,238
105,68
101,364
53,538
82,331
111,244
97,223
110,150
108,472
46,243
116,218
105,179
101,342
53,407
82,323
111,167
97,225
110,201
108,532
46,382
116,318
105,191
101,899
53,615
82,626
111,340
97,344
110,222
108,427
46,790
116,365
105,1444
101,481
53,781
82,325
111,310
97,496
110,197
108,546
46,246
116,242
105,184
101,435
53,439
82,356
111,268
97,297
110,189
108,366
46,258
116,248
105,142
101,483
53,613
82,311
111,256
97,206
110,262
108,385
46,219
116,232
105,172
101,340
53,497
82,309
111,201
97,273
110,230
108,464
46,228
116,234
105,165
101,414
53,558
82,318
111,164
97,257
110,155
108,374
46,211
116,247
105,136
101,400
53,430
82,400
111,322
97,300
110,196
108,405
46,286
116,281
105,202
101,413
53,435
82,384
111,244
97,260
110,183
108,554
46,221
116,241
105,159
101,451
53,399
82,402
111,261
97,231
110,179
108,362
46,238
116,247
105,184
101,319
53,408
82,693
111,291
97,179
110,204
108,385
46,248
116,244
105,182
101,737
53,462
82,317
111,219
97,232
110,136
108,365
46,201
116,250
105,127
101,378
53,483
82,338
111,171
97,224
110,696
108,285
46,234
116,305
105,189
101,443
53,437
82,361
111,188
97,242
110,159
108,393
46,230
116,250
105,201
101,569
53,440
82,367
111,387
97,200
110,105
108,364
46,226
116,228
105,191
101,334
53,457
82,303
111,225
97,265
110,143
108,393
46,245
116,230
105,308
101,376
53,430
82,431
111,193
97,283
110,171
108,429
46,238
116,213
105,150
101,293
53,410
82,382
111,167
97,304
110,167
108,468
46,212
116,210
105,158
101,314
53,400
82,386
111,379
97,258
110,173
108,343
46,237
116,248
105,196
101,392
53,443
82,381
111,392
97,393
110,168
108,340
46,230
116,201
105,167
101,449
53,417
82,329
111,212
97,195
110,177
108,379
46,211
116,230
105,135
101,264
53,459
82,242
111,235
97,193
110,134
108,338
46,200
116,251
105,155
101,436
53,407
82,250
111,230
97,196
110,137
108,361
46,225
116,251
105,180
101,428
53,475
82,487
111,264
97,199
110,157
108,349
46,232
116,229
105,355
101,363
53,550
82,371
111,248
97,196
110,155
108,387
46,272
116,229
105,160
101,332
53,447
82,384
111,325
97,226
110,168
108,381
46,322
116,236
105,173
101,381
53,432
82,340
111,235
97,164
110,149
108,360
46,342
116,187
105,183
101,389
53,454
82,399
111,222
97,220
110,110
108,417
46,245
116,263
105,163
101,450
53,503
82,291
111,216
97,248
110,204
108,515
46,227
116,211
105,170
101,378
53,446
82,303
111,241
97,299
110,162
108,534
46,230
116,207
105,134
101,370
53,481
82,420
111,217
97,253
110,139
108,586
46,226
116,202
105,136
101,327
53,426
82,303
111,198
97,207
110,158
108,396
46,185
116,236
105,48
101,374
53,440
82,318
111,264
97,202
110,192
108,616
46,228
116,219
105,131
101,334
53,452
82,547
111,345
97,182
110,194
108,426
46,206
116,199
105,128
101,385
53,363
82,826
111,303
97,243
110,154
108,369
46,210
116,215
105,79
101,320
53,434
82,549
111,232
97,216
110,190
108,395
46,234
116,180
105,165
101,607
53,2986
82,482
111,244
97,272
110,207
108,458
46,224
116,220
105,145
101,406
53,504
82,320
111,232
97,231
110,196
108,426
46,225
116,222
105,437
101,451
53,541
82,322
111,207
97,210
110,899
108,426
46,296
116,247
105,126
101,336
53,491
82,423
111,298
97,214
110,182
108,656
46,233
116,251
105,99
101,353
53,442
82,236
111,321
97,210
110,138
108,526
46,222
116,187
105,111
101,327
53,420
82,296
111,229
97,231
110,137
108,388
46,215
116,190
105,144
101,417
53,702
82,274
111,219
97,243
110,130
108,428
46,260
116,205
105,187
101,405
53,476
82,513
111,363
97,399
110,267
108,504
46,429
116,687
105,569
101,551
53,624
82,452
111,302
97,268
110,259
108,457
46,343
116,318
105,440
101,410
53,477
82,319
111,283
97,254
110,286
108,459
46,480
116,260
105,253
101,326
53,449
82,301
111,280
97,212
110,196
108,452
46,242
116,263
105,199
101,379
53,485
82,377
111,187
97,285
110,135
108,867
46,240
116,255
105,722
101,354
53,446
82,339
111,442
97,244
110,268
108,539
46,241
116,427
105,305
101,384
53,436
82,316
111,292
97,271
110,146
108,453
46,285
116,165
105,164
101,310
53,477
82,303
111,325
97,319
110,169
108,441
46,254
116,209
105,180
101,391
53,436
82,661
111,253
97,269
110,198
108,589
46,247
116,248
105,229
101,507
53,734
82,379
111,206
97,291
110,148
108,491
46,246
116,228
105,227
101,354
53,762
82,476
111,444
97,304
110,213
108,591
46,275
116,260
105,261
101,401
53,503
82,654
111,362
97,230
110,176
108,425
46,216
116,194
105,194
101,382
53,450
82,288
111,245
97,205
110,180
108,460
46,208
116,211
105,157
101,290
53,463
82,314
111,259
97,225
110,164
108,451
46,230
116,229
105,168
101,862
53,845
82,505
111,235
97,194
110,190
108,451
46,234
116,218
105,426
101,346
53,567
82,300
111,275
97,245
110,156
108,417
46,244
116,166
105,356
101,322
53,469
82,312
111,236
97,245
110,121
108,578
46,212
116,224
105,504
101,404
53,677
82,313
111,258
97,211
110,159
108,419
46,324
116,281
105,267
101,356
53,522
82,360
111,192
97,279
110,150
108,477
46,221
116,217
105,169
101,765
53,490
82,371
111,240
97,241
110,151
108,670
46,225
116,248
105,251
101,928
53,518
82,414
111,317
97,336
110,166
108,473
46,208
116,279
105,386
101,407
53,640
82,308
111,271
97,246
110,163
108,450
46,192
116,240
105,204
101,379
53,539
82,533
111,337
97,340
110,120
108,431
46,229
116,197
105,202
101,308
53,450
82,286
111,222
97,267
110,120
108,510
46,216
116,208
105,180
101,620
53,897
82,335
111,281
97,764
110,557
108,320
46,226
116,280
105,226
101,850
53,539
82,330
111,294
97,205
110,189
108,471
46,202
116,222
105,182
101,443
53,493
82,294
111,239
97,218
110,127
108,550
46,163
116,204
105,136
101,349
53,448
82,319
111,322
97,328
110,162
108,347
46,218
116,178
105,159
101,277
53,409
82,351
111,175
97,220
110,144
108,367
46,197
116,193
105,143
101,295
53,426
82,391
111,182
97,204
110,140
108,336
46,207
116,224
105,139
101,345
53,405
82,333
111,162
97,179
110,171
108,350
46,245
116,203
105,153
101,317
53,397
82,318
111,187
97,189
110,181
108,351
46,285
116,167
105,167
101,239
53,394
82,416
111,201
97,227
110,146
108,350
46,206
116,211
105,168
101,303
53,426
82,351
111,183
97,162
110,181
108,354
46,225
116,222
105,173
101,390
53,421
82,423
111,308
97,585
110,315
108,389
46,181
116,239
105,113
101,277
53,429
82,402
111,210
97,231
110,218
108,348
46,254
116,227
105,179
101,304
53,496
82,313
111,193
97,300
110,126
108,388
46,234
116,193
105,152
101,318
53,520
82,324
111,246
97,207
110,185
108,421
46,214
116,190
105,137
101,275
53,454
82,382
111,256
97,205
110,139
108,442
46,226
116,177
105,168
101,283
53,390
82,401
111,202
97,192
110,155
108,388
46,384
116,210
105,135
101,306
53,440
82,316
111,215
97,221
110,142
108,594
46,209
116,194
105,156
101,420
53,454
82,337
111,118
97,277
110,181
108,544
46,280
116,206
105,181
101,294
53,395
82,304
111,210
97,228
110,216
108,739
46,313
116,184
105,324
101,444
53,446
82,339
111,212
97,298
110,190
108,397
46,202
116,199
105,151
101,355
53,487
82,372
111,235
97,202
110,204
108,396
46,253
116,181
105,158
101,287
53,450
82,571
111,201
97,260
110,251
108,273
46,311
116,279
105,192
101,271
53,440
82,311
111,197
97,251
110,198
108,378
46,199
116,213
105,87
101,329
53,446
82,284
111,214
97,168
110,192
108,663
46,394
116,179
105,214
101,331
53,447
82,301
111,281
97,160
110,227
108,440
46,202
116,215
105,197
101,1135
53,562
82,364
111,340
97,319
110,200
108,402
46,207
116,194
105,152
101,269
53,614
82,306
111,266
97,256
110,209
108,350
46,267
116,200
105,206
101,317
53,466
82,266
111,241
97,260
110,225
108,542
46,208
116,214
105,139
101,292
53,379
82,471
111,269
97,134
110,197
108,472
46,213
116,210
105,168
101,262
53,476
82,351
111,198
97,217
110,187
108,439
46,212
116,217
105,204
101,683
53,443
82,312
111,229
97,243
110,210
108,361
46,323
116,219
105,171
101,268
53,432
82,282
111,264
97,170
110,175
108,331
46,203
116,242
105,121
101,305
53,427
82,687
111,359
97,337
110,228
108,412
46,226
116,247
105,165
101,306
53,432
82,402
111,206
97,174
110,195
108,426
46,192
116,225
105,412
101,340
53,468
82,608
111,323
97,219
110,199
108,359
46,193
116,201
105,200
101,322
53,410
82,434
111,138
97,283
110,129
108,426
46,184
116,216
105,122
101,284
53,420
82,322
111,265
97,230
110,173
108,376
46,209
116,207
105,156
101,284
53,430
82,315
111,156
97,278
110,663
108,395
46,204
116,200
105,150
101,295
53,442
82,338
111,206
97,228
110,189
108,379
46,201
116,195
105,219
101,328
53,435
82,355
111,194
97,269
110,123
108,446
46,239
116,193
105,206
101,303
53,470
82,247
111,275
97,355
110,146
108,1132
46,363
116,236
105,201
101,330
53,530
82,294
111,234
97,306
110,159
108,418
46,200
116,231
105,129
101,449
53,489
82,335
111,202
97,201
110,195
108,406
46,180
116,217
105,266
101,326
53,494
82,336
111,158
97,263
110,196
108,420
46,207
116,222
105,166
101,310
53,897
82,421
111,211
97,224
110,209
108,381
46,197
116,234
105,123
101,286
53,450
82,290
111,296
97,315
110,176
108,455
46,270
116,206
105,198
101,302
53,449
82,314
111,202
97,208
110,213
108,431
46,179
116,245
105,188
101,399
53,698
82,374
111,220
97,255
110,231
108,349
46,192
116,221
105,139
101,291
53,478
82,345
111,279
97,261
110,218
108,367
46,213
116,234
105,200
101,291
53,441
82,283
111,245
97,186
110,198
108,348
46,199
116,228
105,144
101,315
53,421
82,290
111,260
97,276
110,195
108,465
46,386
116,198
105,224
101,653
53,444
82,310
111,227
97,275
110,202
108,382
46,226
116,223
105,185
101,275
53,465
82,276
111,298
97,283
110,247
108,418
46,246
116,222
105,180
101,629
53,490
82,317
111,445
97,299
110,277
108,327
46,268
116,249
105,193
101,299
53,435
82,322
111,261
97,211
110,202
108,381
46,571
116,168
105,203
101,289
53,476
82,278
111,261
97,202
110,212
108,424
46,223
116,239
105,159
101,274
53,427
82,377
111,200
97,232
110,225
108,372
46,259
116,220
105,152
101,276
53,483
82,251
111,321
97,176
110,218
108,770
46,273
116,234
105,196
101,326
53,481
82,280
111,280
97,200
110,190
108,425
46,222
116,242
105,137
101,322
53,421
82,243
111,292
97,106
110,851
108,321
46,223
116,268
105,200
101,1267
53,992
82,577
111,214
97,241
110,236
108,453
46,267
116,260
105,189
101,664
53,568
82,366
111,282
97,201
110,257
108,428
46,404
116,268
105,155
101,419
53,481
82,255
111,322
97,226
110,189
108,430
46,201
116,262
105,165
101,328
53,524
82,351
111,239
97,236
110,216
108,404
46,281
116,250
105,221
101,468
53,512
82,272
111,262
97,221
110,190
108,422
46,253
116,217
105,159
101,336
53,536
82,314
111,318
97,240
110,191
108,468
46,208
116,206
105,148
101,342
53,428
82,316
111,216
97,235
110,206
108,388
46,234
116,183
105,146
101,295
53,426
82,326
111,217
97,230
110,187
108,398
46,239
116,203
105,160
101,359
53,436
82,357
111,120
97,321
110,194
108,353
46,206
116,187
105,165
101,269
53,437
82,271
111,222
97,243
110,172
108,308
46,218
116,197
105,152
101,294
53,400
82,272
111,262
97,221
110,163
108,398
46,217
116,213
105,151
101,265
53,450
82,382
111,186
97,183
110,539
108,290
46,231
116,214
105,221
101,412
53,439
82,322
111,316
97,289
110,449
108,451
46,197
116,443
105,1759
101,762
53,444
82,274
111,198
97,214
110,197
108,429
46,240
116,336
105,207
101,417
53,404
82,405
111,138
97,273
110,190
108,408
46,189
116,277
105,232
101,469
53,471
82,383
111,132
97,645
110,509
108,638
46,227
116,325
105,181
101,324
53,485
82,281
111,209
97,246
110,168
108,497
46,212
116,277
105,382
101,377
53,493
82,273
111,236
97,242
110,193
108,417
46,180
116,272
105,128
101,293
53,413
82,259
111,186
97,234
110,185
108,411
46,196
116,236
105,116
101,305
53,475
82,314
111,223
97,217
110,172
108,391
46,232
116,225
105,206
101,452
53,481
82,264
111,231
97,265
110,162
108,381
46,202
116,201
105,235
101,264
53,385
82,300
111,226
97,205
110,204
108,402
46,222
116,282
105,182
101,750
53,476
82,402
111,240
97,203
110,237
108,407
46,293
116,236
105,177
101,329
53,532
82,362
111,291
97,217
110,222
108,395
46,242
116,232
105,513
101,382
53,521
82,286
111,263
97,225
110,201
108,723
46,262
116,229
105,187
101,312
53,399
82,540
111,172
97,291
110,222
108,359
46,195
116,203
105,162
101,739
53,426
82,261
111,195
97,277
110,159
108,602
46,209
116,210
105,118
101,343
53,414
82,301
111,208
97,231
110,155
108,373
46,225
116,191
105,135
101,859
53,491
82,294
111,166
97,190
110,180
108,360
46,183
116,215
105,129
101,671
53,415
82,355
111,303
97,173
110,184
108,448
46,173
116,222
105,197
101,229
53,419
82,334
111,254
97,267
110,181
108,394
46,182
116,230
105,338
101,431
53,475
82,310
111,217
97,213
110,201
108,401
46,189
116,266
105,146
101,289
53,440
82,286
111,196
97,282
110,181
108,437
46,193
116,247
105,1102
101,551
53,440
82,333
111,171
97,240
110,202
108,410
46,156
116,250
105,121
101,352
53,434
82,326
111,259
97,231
110,204
108,433
46,201
116,225
105,142
101,384
53,479
82,306
111,196
97,229
110,175
108,431
46,247
116,192
105,202
101,512
53,491
82,342
111,212
97,184
110,204
108,378
46,217
116,224
105,327
101,390
53,437
82,363
111,192
97,228
110,164
108,403
46,264
116,207
105,158
101,288
53,430
82,322
111,207
97,216
110,151
108,364
46,225
116,185
105,171
101,377
53,411
82,355
111,186
97,207
110,189
108,374
46,226
116,287
105,350
101,387
53,602
82,352
111,194
97,293
110,204
108,464
46,311
116,252
105,248
101,349
53,431
82,354
111,267
97,278
110,146
108,434
46,199
116,242
105,173
101,311
53,419
82,255
111,268
97,241
110,162
108,478
46,288
116,276
105,895
101,578
53,534
82,359
111,229
97,315
110,161
108,497
46,234
116,240
105,166
101,319
53,442
82,317
111,214
97,262
110,119
108,754
46,248
116,186
105,956
101,429
53,453
82,431
111,194
97,255
110,220
108,334
46,272
116,226
105,366
101,557
53,671
82,343
111,162
97,270
110,212
108,426
46,266
116,150
105,173
101,318
53,421
82,336
111,227
97,204
110,210
108,379
46,257
116,188
105,163
101,358
53,413
82,279
111,282
97,238
110,190
108,392
46,229
116,175
105,152
101,302
53,390
82,291
111,205
97,216
110,139
108,362
46,209
116,236
105,296
101,300
53,385
82,349
111,191
97,188
110,156
108,388
46,187
116,289
105,476
101,298
53,458
82,325
111,200
97,193
110,165
108,391
46,190
116,211
105,122
101,277
53,422
82,342
111,181
97,235
110,205
108,380
46,200
116,206
105,363
101,363
53,447
82,298
111,220
97,218
110,153
108,704
46,271
116,221
105,204
101,311
53,405
82,352
111,279
97,64
110,164
108,540
46,260
116,185
105,161
101,261
53,424
82,420
111,198
97,217
110,171
108,345
46,195
116,223
105,113
101,265
53,380
82,284
111,252
97,187
110,199
108,401
46,224
116,205
105,359
101,360
53,361
82,310
111,243
97,251
110,253
108,405
46,188
116,232
105,123
101,279
53,366
82,248
111,324
97,196
110,206
108,359
46,189
116,234
105,145
101,336
53,435
82,387
111,253
97,182
110,167
108,417
46,221
116,192
105,112
101,308
53,382
82,353
111,207
97,196
110,131
108,416
46,218
116,172
105,145
101,277
53,469
82,309
111,259
97,258
110,139
108,399
46,204
116,276
105,84
101,307
53,431
82,437
111,230
97,283
110,178
108,390
46,480
116,180
105,177
101,294
53,452
82,378
111,243
97,193
110,166
108,354
46,251
116,575
105,381
101,369
53,450
82,371
111,217
97,255
110,143
108,442
46,466
116,285
105,239
101,274
53,463
82,308
111,212
97,237
110,248
108,489
46,218
116,231
105,163
101,318
53,483
82,296
111,282
97,294
110,171
108,349
46,296
116,185
105,360
101,737
53,583
82,385
111,248
97,233
110,258
108,404
46,713
116,193
105,178
101,342
53,566
82,328
111,196
97,277
110,188
108,376
46,238
116,203
105,203
101,402
53,473
82,360
111,168
97,301
110,160
108,337
46,243
116,234
105,235
101,410
53,522
82,319
111,212
97,315
110,280
108,417
46,388
116,236
105,164
101,370
53,456
82,374
111,188
97,246
110,192
108,359
46,256
116,189
105,186
101,437
53,683
82,372
111,244
97,292
110,224
108,305
46,249
116,216
105,167
101,342
53,457
82,297
111,186
97,217
110,154
108,364
46,201
116,260
105,192
101,340
53,431
82,610
111,208
97,316
110,513
108,392
46,181
116,196
105,132
101,684
53,489
82,320
111,234
97,187
110,182
108,375
46,286
116,194
105,176
101,1346
53,864
82,313
111,187
97,277
110,182
108,348
46,219
116,247
105,214
101,399
53,434
82,312
111,232
97,174
110,166
108,401
46,377
116,429
105,195
101,280
53,506
82,347
111,200
97,212
110,189
108,459
46,223
116,248
105,678
101,329
53,447
82,390
111,164
97,239
110,203
108,419
46,236
116,201
105,191
101,330
53,486
82,338
111,269
97,228
110,206
108,686
46,320
116,166
105,164
101,265
53,502
82,340
111,232
97,256
110,171
108,419
46,248
116,187
105,157
101,389
53,514
82,290
111,206
97,269
110,155
108,376
46,291
116,222
105,149
101,327
53,473
82,300
111,220
97,220
110,192
108,375
46,284
116,207
105,346
101,331
53,376
82,302
111,228
97,201
110,162
108,390
46,242
116,224
105,159
101,243
53,437
82,282
111,205
97,241
110,174
108,716
46,371
116,368
105,1252
101,362
53,438
82,395
111,178
97,126
110,227
108,404
46,289
116,278
105,144
101,299
53,386
82,374
111,184
97,226
110,218
108,310
46,251
116,272
105,153
101,938
53,691
82,460
111,255
97,234
110,220
108,481
46,160
116,234
105,106
101,288
53,837
82,434
111,242
97,195
110,168
108,388
46,232
116,172
105,141
101,871
53,503
82,294
111,199
97,241
110,167
108,381
46,166
116,293
105,210
101,553
53,643
82,462
111,191
97,263
110,199
108,368
46,257
116,215
105,148
101,291
53,444
82,269
111,227
97,216
110,187
108,376
46,260
116,167
105,158
101,570
53,456
82,242
111,199
97,162
110,161
108,382
46,190
116,247
105,104
101,318
53,444
82,239
111,243
97,192
110,175
108,673
46,321
116,218
105,190
101,376
53,400
82,336
111,171
97,218
110,145
108,339
46,197
116,251
105,121
101,346
53,390
82,237
111,267
97,95
110,168
108,342
46,199
116,196
105,148
101,552
53,515
82,417
111,219
97,181
110,174
108,377
46,203
116,199
105,127
101,276
53,405
82,298
111,391
97,234
110,235
108,329
46,187
116,233
105,148
101,402
53,434
82,265
111,230
97,253
110,168
108,339
46,186
116,179
105,165
101,317
53,398
82,270
111,342
97,214
110,226
108,340
46,250
116,210
105,123
101,325
53,437
82,305
111,339
97,171
110,179
108,329
46,167
116,221
105,144
101,213
53,361
82,281
111,291
97,191
110,212
108,399
46,284
116,200
105,163
101,533
53,371
82,343
111,209
97,182
110,226
108,579
46,225
116,172
105,173
101,175
53,374
82,343
111,179
97,187
110,193
108,368
46,187
116,202
105,141
101,286
53,558
82,288
111,262
97,215
110,152
108,433
46,170
116,229
105,194
101,415
53,461
82,264
111,338
97,98
110,412
108,535
46,217
116,241
105,819
101,367
53,483
82,297
111,242
97,207
110,234
108,434
46,216
116,204
105,307
101,481
53,443
82,408
111,187
97,202
110,189
108,354
46,180
116,212
105,260
101,386
53,451
82,305
111,189
97,199
110,188
108,341
46,206
116,214
105,171
101,443
53,541
82,274
111,157
97,284
110,133
108,388
46,125
116,290
105,160
101,355
53,403
82,307
111,203
97,186
110,189
108,363
46,236
116,191
105,202
101,395
53,429
82,298
111,280
97,212
110,210
108,356
46,150
116,366
105,622
101,366
53,439
82,250
111,225
97,203
110,176
108,334
46,211
116,194
105,156
101,260
53,385
82,302
111,289
97,229
110,181
108,339
46,386
116,194
105,182
101,299
53,421
82,329
111,173
97,205
110,192
108,312
46,222
116,199
105,576
101,289
53,453
82,292
111,168
97,220
110,223
108,353
46,178
116,282
105,211
101,344
53,438
82,549
111,197
97,203
110,178
108,334
46,185
116,231
105,317
101,308
53,363
82,317
111,149
97,310
110,250
108,359
46,213
116,259
105,369
101,387
53,413
82,358
111,180
97,203
110,153
108,422
46,223
116,209
105,151
101,326
53,421
82,324
111,212
97,205
110,193
108,358
46,185
116,206
105,154
101,293
53,423
82,351
111,216
97,211
110,147
108,320
46,157
116,206
105,123
101,323
53,397
82,274
111,226
97,230
110,151
108,324
46,293
116,204
105,153
101,256
53,354
82,344
111,207
97,241
110,162
108,367
46,197
116,216
105,581
101,315
53,450
82,410
111,198
97,232
110,234
108,349
46,151
116,237
105,147
101,251
53,419
82,354
111,241
97,179
110,201
108,395
46,304
116,191
105,191
101,279
53,362
82,317
111,219
97,172
110,248
108,342
46,376
116,265
105,323
101,311
53,400
82,345
111,228
97,220
110,157
108,490
46,484
116,507
105,367
101,266
53,393
82,269
111,305
97,200
110,164
108,342
46,146
116,202
105,660
101,421
53,512
82,325
111,177
97,254
110,205
108,360
46,212
116,312
105,413
101,350
53,414
82,299
111,269
97,242
110,218
108,360
46,236
116,199
105,205
101,338
53,413
82,359
111,295
97,195
110,197
108,360
46,222
116,222
105,152
101,287
53,392
82,270
111,211
97,222
110,181
108,450
46,190
116,219
105,118
101,364
53,413
82,418
111,226
97,217
110,172
108,305
46,805
116,712
105,677
101,826
53,803
82,743
111,640
97,596
110,611
108,582
46,225
116,251
105,115
101,360
53,453
82,324
111,223
97,203
110,188
108,367
46,194
116,258
105,210
101,304
53,407
82,302
111,244
97,224
110,163
108,340
46,289
116,287
105,233
101,324
53,385
82,388
111,208
97,222
110,180
108,389
46,371
116,318
105,125
101,288
53,497
82,297
111,221
97,188
110,193
108,620
46,320
116,294
105,493
101,332
53,587
82,327
111,231
97,205
110,239
108,314
46,241
116,229
105,191
101,494
53,465
82,343
111,132
97,318
110,195
108,434
46,326
116,229
105,226
101,301
53,513
82,298
111,228
97,196
110,205
108,382
46,231
116,229
105,237
101,352
53,507
82,312
111,227
97,189
110,177
108,709
