547,47
632,17
386,34
675,14
1688,23
569,56
704,15
531,31
523,0
986,45
138,36
522,47
497,17
391,34
1053,14
775,23
522,56
270,15
684,31
482,0
867,45
77,36
601,47
500,17
527,34
766,14
1051,23
585,56
463,15
475,31
465,0
676,45
71,36
572,47
498,17
668,34
867,14
1101,23
524,56
428,15
404,31
555,0
1070,45
87,36
426,47
425,17
351,34
565,14
1057,23
497,56
271,15
339,31
448,0
796,45
84,36
576,47
656,17
260,34
735,14
1079,23
534,56
234,15
357,31
491,0
751,45
82,36
375,47
420,17
254,34
628,14
1438,23
553,56
231,15
355,31
432,0
1016,45
118,36
361,47
373,17
168,34
438,14
592,23
379,56
188,15
285,31
428,0
739,45
67,36
560,47
377,17
226,34
493,14
800,23
432,56
190,15
316,31
393,0
1096,45
90,36
427,47
407,17
282,34
526,14
929,23
439,56
214,15
310,31
405,0
676,45
73,36
786,47
386,17
215,34
447,14
806,23
408,56
170,15
276,31
383,0
638,45
78,36
898,47
410,17
253,34
457,14
680,23
358,56
215,15
304,31
397,0
910,45
73,36
385,47
356,17
160,34
470,14
752,23
774,56
208,15
376,31
487,0
574,45
77,36
370,47
371,17
179,34
578,14
597,23
415,56
216,15
278,31
436,0
1013,45
82,36
438,47
422,17
104,34
1079,14
1068,23
435,56
199,15
304,31
446,0
904,45
76,36
339,47
373,17
138,34
687,14
701,23
419,56
187,15
313,31
388,0
650,45
61,36
329,47
339,17
137,34
486,14
589,23
398,56
185,15
274,31
425,0
700,45
75,36
345,47
384,17
158,34
403,14
608,23
377,56
200,15
259,31
391,0
880,45
77,36
477,47
459,17
168,34
405,14
559,23
365,56
208,15
270,31
349,0
967,45
122,36
361,47
396,17
136,34
405,14
527,23
354,56
184,15
307,31
355,0
779,45
102,36
478,47
406,17
173,34
408,14
520,23
538,56
176,15
346,31
336,0
697,45
89,36
725,47
488,17
214,34
526,14
532,23
382,56
202,15
244,31
429,0
1005,45
127,36
384,47
320,17
166,34
657,14
465,23
399,56
183,15
268,31
400,0
913,45
109,36
497,47
229,17
194,34
1020,14
566,23
345,56
199,15
275,31
417,0
806,45
133,36
404,47
333,17
165,34
409,14
566,23
359,56
185,15
280,31
414,0
661,45
59,36
621,47
407,17
179,34
434,14
507,23
352,56
188,15
284,31
369,0
860,45
81,36
357,47
367,17
143,34
442,14
581,23
387,56
186,15
255,31
401,0
782,45
77,36
399,47
346,17
158,34
408,14
600,23
385,56
185,15
248,31
388,0
642,45
79,36
376,47
312,17
159,34
458,14
560,23
365,56
178,15
258,31
434,0
713,45
108,36
498,47
399,17
172,34
500,14
591,23
388,56
174,15
274,31
399,0
864,45
133,36
376,47
379,17
129,34
472,14
826,23
412,56
153,15
376,31
383,0
728,45
133,36
427,47
323,17
146,34
407,14
534,23
352,56
207,15
238,31
460,0
496,45
101,36
655,47
344,17
162,34
361,14
530,23
364,56
197,15
236,31
392,0
758,45
115,36
650,47
408,17
157,34
430,14
502,23
349,56
166,15
288,31
360,0
685,45
116,36
353,47
328,17
139,34
449,14
480,23
336,56
184,15
259,31
375,0
784,45
124,36
677,47
275,17
159,34
356,14
471,23
360,56
179,15
250,31
367,0
747,45
104,36
389,47
340,17
127,34
432,14
544,23
359,56
163,15
276,31
440,0
848,45
95,36
336,47
332,17
125,34
424,14
474,23
389,56
182,15
262,31
402,0
781,45
141,36
441,47
340,17
151,34
560,14
513,23
370,56
151,15
297,31
407,0
743,45
108,36
306,47
409,17
114,34
534,14
494,23
410,56
163,15
289,31
371,0
609,45
80,36
651,47
364,17
157,34
391,14
501,23
326,56
201,15
245,31
423,0
722,45
111,36
375,47
352,17
161,34
597,14
536,23
347,56
169,15
282,31
350,0
697,45
105,36
388,47
315,17
142,34
473,14
525,23
289,56
164,15
231,31
351,0
624,45
118,36
363,47
393,17
124,34
444,14
441,23
382,56
173,15
268,31
327,0
622,45
108,36
376,47
376,17
131,34
705,14
541,23
350,56
173,15
298,31
342,0
684,45
135,36
424,47
328,17
139,34
469,14
536,23
326,56
168,15
263,31
423,0
641,45
132,36
376,47
362,17
140,34
521,14
606,23
368,56
178,15
248,31
368,0
660,45
112,36
392,47
324,17
122,34
506,14
481,23
337,56
162,15
269,31
932,0
525,45
105,36
411,47
342,17
145,34
495,14
470,23
325,56
120,15
296,31
349,0
671,45
117,36
374,47
345,17
126,34
1026,14
553,23
333,56
143,15
306,31
328,0
989,45
161,36
439,47
506,17
310,34
605,14
1196,23
569,56
254,15
364,31
394,0
853,45
126,36
390,47
357,17
217,34
569,14
534,23
364,56
237,15
294,31
344,0
786,45
87,36
501,47
411,17
209,34
758,14
1527,23
524,56
250,15
417,31
388,0
876,45
144,36
468,47
426,17
214,34
504,14
559,23
426,56
201,15
312,31
299,0
663,45
76,36
728,47
573,17
193,34
428,14
583,23
365,56
218,15
306,31
374,0
710,45
134,36
589,47
299,17
169,34
501,14
558,23
422,56
194,15
335,31
363,0
728,45
127,36
395,47
340,17
148,34
779,14
472,23
324,56
226,15
362,31
377,0
1263,45
89,36
474,47
321,17
143,34
428,14
661,23
423,56
196,15
265,31
354,0
655,45
127,36
378,47
290,17
174,34
574,14
471,23
330,56
193,15
279,31
351,0
775,45
91,36
603,47
302,17
156,34
516,14
538,23
371,56
199,15
250,31
351,0
523,45
116,36
333,47
348,17
141,34
532,14
1195,23
395,56
154,15
284,31
316,0
668,45
114,36
319,47
327,17
142,34
478,14
1154,23
426,56
222,15
259,31
355,0
757,45
114,36
325,47
366,17
159,34
438,14
516,23
337,56
237,15
285,31
355,0
874,45
93,36
419,47
314,17
154,34
854,14
481,23
335,56
198,15
287,31
394,0
2607,45
87,36
311,47
352,17
136,34
474,14
507,23
391,56
205,15
305,31
431,0
1240,45
117,36
367,47
370,17
186,34
384,14
461,23
360,56
181,15
275,31
375,0
767,45
148,36
358,47
336,17
150,34
516,14
434,23
363,56
199,15
293,31
424,0
1086,45
137,36
346,47
289,17
157,34
440,14
419,23
371,56
179,15
298,31
343,0
668,45
95,36
355,47
300,17
144,34
567,14
537,23
399,56
208,15
298,31
340,0
549,45
110,36
387,47
326,17
168,34
453,14
474,23
336,56
170,15
273,31
346,0
694,45
136,36
320,47
315,17
162,34
614,14
426,23
355,56
170,15
310,31
314,0
767,45
122,36
357,47
342,17
137,34
613,14
462,23
346,56
176,15
249,31
404,0
819,45
120,36
381,47
321,17
141,34
439,14
462,23
362,56
183,15
267,31
382,0
726,45
123,36
340,47
323,17
160,34
605,14
638,23
353,56
168,15
267,31
329,0
738,45
120,36
342,47
309,17
151,34
421,14
437,23
375,56
176,15
312,31
511,0
641,45
96,36
354,47
335,17
149,34
428,14
433,23
331,56
190,15
260,31
471,0
611,45
101,36
378,47
292,17
160,34
580,14
720,23
399,56
171,15
282,31
346,0
816,45
137,36
376,47
329,17
134,34
482,14
377,23
357,56
210,15
251,31
347,0
509,45
90,36
440,47
270,17
154,34
432,14
410,23
321,56
192,15
294,31
346,0
560,45
116,36
326,47
361,17
146,34
635,14
813,23
1711,56
370,15
299,31
739,0
398,45
103,36
312,47
326,17
129,34
409,14
435,23
344,56
167,15
291,31
318,0
613,45
119,36
317,47
344,17
125,34
508,14
478,23
345,56
129,15
311,31
568,0
406,45
83,36
369,47
355,17
138,34
478,14
454,23
305,56
184,15
263,31
316,0
634,45
114,36
319,47
316,17
143,34
724,14
539,23
310,56
181,15
260,31
331,0
572,45
98,36
343,47
320,17
154,34
470,14
497,23
358,56
158,15
235,31
358,0
555,45
103,36
349,47
308,17
140,34
545,14
457,23
338,56
173,15
268,31
319,0
718,45
110,36
328,47
349,17
126,34
512,14
887,23
606,56
202,15
267,31
326,0
514,45
123,36
558,47
294,17
174,34
441,14
439,23
335,56
181,15
247,31
323,0
482,45
94,36
350,47
332,17
148,34
471,14
546,23
340,56
165,15
270,31
344,0
493,45
102,36
366,47
335,17
150,34
418,14
543,23
344,56
151,15
287,31
261,0
675,45
97,36
347,47
348,17
131,34
444,14
484,23
300,56
170,15
239,31
356,0
594,45
111,36
647,47
288,17
114,34
580,14
473,23
300,56
138,15
267,31
328,0
688,45
113,36
349,47
369,17
129,34
432,14
514,23
341,56
159,15
283,31
346,0
654,45
100,36
345,47
455,17
230,34
587,14
486,23
384,56
146,15
281,31
347,0
528,45
100,36
337,47
345,17
138,34
527,14
413,23
332,56
167,15
272,31
323,0
504,45
117,36
358,47
350,17
133,34
477,14
498,23
382,56
234,15
260,31
339,0
548,45
103,36
431,47
294,17
138,34
434,14
460,23
310,56
153,15
269,31
329,0
556,45
112,36
330,47
366,17
146,34
484,14
471,23
339,56
160,15
268,31
1176,0
615,45
119,36
321,47
400,17
128,34
421,14
525,23
352,56
206,15
280,31
313,0
483,45
125,36
339,47
296,17
157,34
560,14
823,23
323,56
219,15
266,31
337,0
774,45
114,36
708,47
388,17
382,34
1725,14
1308,23
504,56
258,15
280,31
405,0
710,45
45,36
436,47
496,17
192,34
513,14
647,23
429,56
194,15
592,31
402,0
967,45
181,36
388,47
465,17
168,34
453,14
578,23
428,56
265,15
357,31
300,0
434,45
107,36
628,47
487,17
264,34
515,14
595,23
446,56
224,15
340,31
324,0
670,45
72,36
334,47
466,17
174,34
504,14
496,23
396,56
189,15
397,31
1205,0
392,45
125,36
372,47
391,17
158,34
462,14
497,23
382,56
223,15
281,31
336,0
588,45
84,36
587,47
474,17
185,34
574,14
702,23
391,56
194,15
297,31
304,0
691,45
113,36
339,47
398,17
141,34
434,14
466,23
393,56
219,15
309,31
284,0
636,45
77,36
364,47
532,17
230,34
438,14
486,23
402,56
161,15
311,31
335,0
640,45
116,36
363,47
416,17
144,34
413,14
470,23
360,56
161,15
307,31
340,0
679,45
112,36
378,47
392,17
151,34
419,14
471,23
395,56
169,15
311,31
295,0
805,45
99,36
324,47
365,17
156,34
407,14
453,23
371,56
166,15
290,31
290,0
563,45
77,36
349,47
405,17
147,34
426,14
466,23
350,56
169,15
291,31
308,0
657,45
99,36
315,47
382,17
154,34
392,14
449,23
378,56
169,15
302,31
284,0
549,45
80,36
345,47
387,17
150,34
391,14
460,23
381,56
179,15
249,31
283,0
707,45
87,36
331,47
347,17
149,34
395,14
474,23
386,56
146,15
294,31
297,0
634,45
120,36
321,47
392,17
151,34
420,14
516,23
367,56
163,15
313,31
292,0
547,45
77,36
316,47
356,17
156,34
410,14
509,23
381,56
179,15
274,31
325,0
654,45
77,36
334,47
330,17
134,34
433,14
465,23
352,56
161,15
286,31
295,0
701,45
82,36
337,47
389,17
139,34
664,14
665,23
384,56
180,15
295,31
295,0
498,45
91,36
359,47
319,17
131,34
441,14
714,23
445,56
161,15
296,31
280,0
880,45
68,36
395,47
324,17
159,34
458,14
556,23
363,56
151,15
295,31
306,0
632,45
85,36
350,47
353,17
147,34
457,14
517,23
357,56
174,15
273,31
313,0
831,45
80,36
361,47
406,17
142,34
471,14
492,23
413,56
156,15
300,31
315,0
691,45
119,36
320,47
334,17
149,34
560,14
521,23
364,56
166,15
302,31
337,0
628,45
76,36
358,47
312,17
166,34
582,14
565,23
383,56
136,15
296,31
308,0
620,45
98,36
343,47
354,17
154,34
453,14
533,23
410,56
148,15
307,31
323,0
531,45
87,36
345,47
365,17
143,34
635,14
551,23
380,56
166,15
298,31
295,0
540,45
98,36
322,47
355,17
157,34
471,14
508,23
385,56
158,15
283,31
338,0
603,45
91,36
589,47
355,17
123,34
375,14
430,23
354,56
175,15
293,31
345,0
478,45
109,36
299,47
358,17
156,34
432,14
455,23
390,56
185,15
299,31
310,0
652,45
101,36
305,47
403,17
155,34
413,14
441,23
403,56
174,15
328,31
299,0
494,45
116,36
309,47
397,17
155,34
487,14
480,23
376,56
167,15
304,31
305,0
546,45
96,36
344,47
340,17
149,34
606,14
484,23
388,56
181,15
290,31
342,0
610,45
101,36
369,47
342,17
157,34
431,14
446,23
350,56
190,15
288,31
321,0
692,45
121,36
363,47
363,17
154,34
396,14
455,23
366,56
189,15
286,31
307,0
520,45
92,36
323,47
327,17
150,34
483,14
469,23
358,56
189,15
305,31
337,0
598,45
89,36
348,47
346,17
142,34
460,14
469,23
400,56
162,15
303,31
334,0
542,45
108,36
321,47
314,17
156,34
426,14
471,23
393,56
172,15
312,31
322,0
562,45
109,36
355,47
317,17
129,34
409,14
454,23
365,56
182,15
293,31
332,0
495,45
81,36
300,47
314,17
125,34
413,14
447,23
373,56
132,15
332,31
295,0
494,45
89,36
335,47
325,17
149,34
431,14
587,23
361,56
161,15
307,31
303,0
492,45
92,36
333,47
314,17
142,34
485,14
543,23
379,56
163,15
307,31
283,0
556,45
100,36
344,47
298,17
146,34
450,14
442,23
360,56
166,15
274,31
343,0
631,45
112,36
384,47
384,17
130,34
352,14
459,23
338,56
179,15
274,31
302,0
497,45
85,36
318,47
346,17
153,34
449,14
445,23
373,56
164,15
283,31
329,0
534,45
98,36
543,47
606,17
144,34
359,14
505,23
354,56
174,15
277,31
324,0
496,45
97,36
1115,47
688,17
201,34
531,14
1127,23
336,56
140,15
295,31
355,0
479,45
96,36
359,47
292,17
161,34
398,14
480,23
335,56
162,15
311,31
324,0
498,45
120,36
549,47
480,17
146,34
379,14
438,23
316,56
178,15
293,31
303,0
497,45
131,36
425,47
488,17
285,34
533,14
950,23
485,56
271,15
472,31
382,0
660,45
87,36
582,47
468,17
470,34
524,14
738,23
390,56
239,15
272,31
355,0
785,45
65,36
326,47
658,17
251,34
681,14
567,23
400,56
227,15
321,31
346,0
639,45
86,36
394,47
449,17
241,34
508,14
525,23
378,56
199,15
293,31
353,0
532,45
71,36
652,47
526,17
191,34
512,14
554,23
375,56
176,15
327,31
324,0
724,45
94,36
656,47
321,17
159,34
465,14
502,23
625,56
212,15
260,31
325,0
515,45
88,36
393,47
375,17
123,34
416,14
467,23
347,56
179,15
261,31
341,0
478,45
81,36
533,47
367,17
137,34
404,14
440,23
372,56
176,15
281,31
326,0
668,45
92,36
372,47
339,17
121,34
695,14
476,23
381,56
159,15
295,31
341,0
808,45
130,36
284,47
409,17
153,34
469,14
470,23
342,56
202,15
294,31
301,0
620,45
90,36
355,47
335,17
155,34
422,14
470,23
442,56
166,15
272,31
318,0
645,45
110,36
322,47
347,17
125,34
463,14
428,23
329,56
168,15
265,31
317,0
608,45
87,36
330,47
325,17
119,34
393,14
474,23
338,56
134,15
290,31
306,0
603,45
110,36
306,47
335,17
117,34
407,14
451,23
371,56
139,15
290,31
320,0
568,45
95,36
331,47
317,17
144,34
401,14
479,23
353,56
143,15
291,31
295,0
569,45
90,36
361,47
345,17
116,34
381,14
449,23
345,56
178,15
273,31
344,0
528,45
129,36
340,47
328,17
157,34
413,14
490,23
356,56
179,15
303,31
334,0
462,45
123,36
348,47
350,17
164,34
380,14
446,23
362,56
155,15
315,31
321,0
512,45
118,36
365,47
356,17
154,34
408,14
452,23
369,56
161,15
286,31
352,0
514,45
78,36
346,47
310,17
148,34
383,14
671,23
383,56
169,15
273,31
1275,0
346,45
92,36
340,47
275,17
153,34
401,14
421,23
347,56
164,15
261,31
334,0
464,45
111,36
297,47
363,17
133,34
419,14
481,23
642,56
165,15
258,31
376,0
476,45
105,36
332,47
307,17
141,34
507,14
539,23
374,56
149,15
328,31
309,0
430,45
109,36
361,47
315,17
144,34
653,14
463,23
384,56
137,15
319,31
332,0
463,45
106,36
318,47
367,17
116,34
397,14
763,23
377,56
158,15
321,31
314,0
463,45
108,36
336,47
342,17
126,34
433,14
444,23
329,56
164,15
304,31
418,0
485,45
101,36
331,47
452,17
153,34
434,14
736,23
375,56
148,15
296,31
331,0
837,45
76,36
387,47
288,17
166,34
386,14
410,23
349,56
261,15
221,31
504,0
488,45
60,36
422,47
269,17
121,34
463,14
422,23
318,56
160,15
271,31
317,0
479,45
115,36
334,47
329,17
136,34
407,14
407,23
322,56
171,15
276,31
293,0
495,45
110,36
345,47
355,17
141,34
360,14
475,23
349,56
134,15
279,31
305,0
428,45
75,36
372,47
288,17
133,34
512,14
478,23
362,56
161,15
264,31
313,0
426,45
84,36
328,47
286,17
153,34
382,14
479,23
381,56
120,15
301,31
264,0
447,45
90,36
407,47
302,17
107,34
392,14
378,23
356,56
192,15
268,31
283,0
503,45
72,36
328,47
334,17
124,34
373,14
402,23
372,56
153,15
257,31
297,0
453,45
74,36
390,47
315,17
137,34
505,14
761,23
352,56
149,15
275,31
288,0
449,45
79,36
340,47
301,17
138,34
400,14
1965,23
466,56
204,15
250,31
277,0
535,45
97,36
441,47
315,17
142,34
557,14
474,23
351,56
176,15
295,31
275,0
475,45
83,36
361,47
315,17
146,34
738,14
587,23
394,56
144,15
315,31
323,0
479,45
77,36
442,47
310,17
167,34
497,14
465,23
359,56
157,15
302,31
1143,0
489,45
105,36
347,47
363,17
131,34
403,14
456,23
382,56
184,15
291,31
318,0
520,45
134,36
346,47
391,17
113,34
411,14
416,23
345,56
196,15
277,31
340,0
446,45
107,36
443,47
299,17
165,34
382,14
430,23
351,56
189,15
292,31
304,0
478,45
116,36
377,47
367,17
137,34
403,14
479,23
351,56
163,15
275,31
318,0
510,45
106,36
701,47
362,17
167,34
511,14
463,23
329,56
169,15
286,31
290,0
522,45
107,36
334,47
398,17
118,34
425,14
448,23
362,56
170,15
307,31
322,0
470,45
94,36
335,47
384,17
135,34
422,14
499,23
391,56
210,15
261,31
304,0
483,45
113,36
348,47
344,17
133,34
364,14
415,23
348,56
155,15
319,31
262,0
493,45
84,36
615,47
359,17
144,34
410,14
472,23
368,56
181,15
292,31
318,0
523,45
134,36
399,47
382,17
131,34
414,14
547,23
355,56
196,15
293,31
337,0
520,45
139,36
391,47
1269,17
224,34
750,14
584,23
423,56
242,15
486,31
349,0
1331,45
97,36
357,47
365,17
127,34
437,14
593,23
444,56
208,15
271,31
276,0
450,45
71,36
411,47
395,17
121,34
444,14
548,23
410,56
192,15
313,31
418,0
753,45
142,36
393,47
389,17
155,34
444,14
495,23
433,56
183,15
326,31
560,0
757,45
117,36
396,47
461,17
151,34
829,14
700,23
439,56
190,15
322,31
403,0
718,45
96,36
662,47
353,17
172,34
491,14
512,23
409,56
192,15
264,31
348,0
552,45
120,36
431,47
280,17
160,34
422,14
1418,23
436,56
183,15
308,31
384,0
571,45
111,36
387,47
324,17
154,34
369,14
440,23
314,56
180,15
284,31
327,0
486,45
96,36
381,47
322,17
171,34
521,14
520,23
355,56
174,15
309,31
321,0
546,45
77,36
406,47
349,17
135,34
376,14
426,23
381,56
190,15
279,31
295,0
854,45
86,36
332,47
338,17
147,34
365,14
472,23
404,56
174,15
294,31
279,0
551,45
92,36
354,47
358,17
118,34
394,14
499,23
345,56
179,15
285,31
302,0
557,45
93,36
344,47
360,17
132,34
408,14
502,23
405,56
181,15
263,31
280,0
573,45
92,36
304,47
386,17
146,34
388,14
491,23
376,56
160,15
318,31
1138,0
468,45
95,36
309,47
675,17
192,34
404,14
545,23
399,56
162,15
323,31
1005,0
450,45
114,36
353,47
357,17
148,34
387,14
500,23
357,56
193,15
262,31
351,0
463,45
71,36
324,47
320,17
149,34
439,14
1240,23
447,56
180,15
282,31
313,0
465,45
104,36
361,47
326,17
159,34
368,14
491,23
370,56
208,15
260,31
356,0
489,45
107,36
319,47
371,17
147,34
349,14
631,23
430,56
140,15
308,31
347,0
471,45
93,36
335,47
358,17
143,34
377,14
515,23
387,56
197,15
308,31
319,0
557,45
84,36
296,47
408,17
169,34
363,14
539,23
422,56
173,15
322,31
356,0
540,45
75,36
336,47
553,17
159,34
406,14
492,23
409,56
175,15
297,31
340,0
533,45
127,36
311,47
399,17
148,34
430,14
574,23
393,56
164,15
293,31
328,0
537,45
100,36
307,47
350,17
150,34
394,14
494,23
382,56
151,15
333,31
312,0
483,45
79,36
292,47
337,17
137,34
399,14
510,23
408,56
160,15
274,31
323,0
609,45
126,36
327,47
383,17
135,34
401,14
507,23
389,56
158,15
295,31
348,0
490,45
89,36
303,47
296,17
152,34
375,14
533,23
400,56
163,15
276,31
322,0
539,45
99,36
347,47
333,17
133,34
414,14
472,23
396,56
190,15
265,31
321,0
480,45
97,36
473,47
416,17
123,34
437,14
495,23
388,56
162,15
299,31
340,0
501,45
112,36
299,47
382,17
96,34
387,14
496,23
413,56
171,15
282,31
333,0
526,45
84,36
334,47
315,17
149,34
365,14
498,23
406,56
171,15
279,31
362,0
535,45
80,36
331,47
336,17
133,34
359,14
576,23
391,56
162,15
273,31
324,0
524,45
77,36
346,47
339,17
136,34
387,14
500,23
428,56
162,15
290,31
319,0
526,45
98,36
287,47
365,17
99,34
386,14
472,23
381,56
163,15
284,31
307,0
467,45
83,36
365,47
332,17
131,34
402,14
515,23
369,56
175,15
301,31
312,0
538,45
113,36
348,47
360,17
119,34
397,14
484,23
372,56
164,15
302,31
296,0
517,45
57,36
299,47
332,17
96,34
397,14
469,23
360,56
169,15
303,31
326,0
486,45
81,36
407,47
210,17
180,34
427,14
457,23
337,56
198,15
249,31
378,0
477,45
105,36
348,47
370,17
132,34
411,14
497,23
413,56
166,15
259,31
307,0
509,45
85,36
339,47
349,17
128,34
388,14
525,23
398,56
179,15
270,31
293,0
494,45
87,36
317,47
372,17
128,34
429,14
498,23
423,56
139,15
280,31
273,0
509,45
98,36
344,47
326,17
153,34
396,14
473,23
395,56
143,15
261,31
306,0
521,45
97,36
342,47
387,17
125,34
381,14
506,23
427,56
158,15
301,31
301,0
532,45
83,36
350,47
372,17
118,34
412,14
499,23
402,56
102,15
304,31
299,0
580,45
118,36
306,47
405,17
112,34
405,14
575,23
393,56
149,15
310,31
287,0
519,45
84,36
319,47
414,17
120,34
378,14
564,23
430,56
168,15
273,31
332,0
514,45
99,36
334,47
433,17
155,34
358,14
563,23
404,56
160,15
249,31
313,0
606,45
151,36
377,47
410,17
124,34
358,14
520,23
399,56
119,15
294,31
304,0
470,45
86,36
390,47
378,17
140,34
370,14
527,23
405,56
167,15
274,31
330,0
545,45
126,36
346,47
416,17
110,34
381,14
529,23
428,56
141,15
289,31
345,0
492,45
132,36
372,47
460,17
254,34
512,14
907,23
484,56
224,15
368,31
336,0
774,45
85,36
361,47
413,17
203,34
440,14
512,23
403,56
222,15
259,31
358,0
589,45
127,36
342,47
334,17
501,34
410,14
513,23
382,56
224,15
259,31
332,0
632,45
97,36
336,47
368,17
149,34
366,14
441,23
367,56
186,15
287,31
327,0
536,45
82,36
347,47
339,17
131,34
334,14
423,23
355,56
170,15
259,31
331,0
507,45
80,36
338,47
314,17
126,34
354,14
416,23
387,56
115,15
274,31
332,0
614,45
99,36
1879,47
403,17
865,34
383,14
490,23
423,56
188,15
266,31
378,0
452,45
66,36
360,47
440,17
208,34
543,14
409,23
403,56
190,15
308,31
336,0
421,45
114,36
364,47
438,17
156,34
397,14
424,23
360,56
184,15
260,31
352,0
1692,45
132,36
306,47
366,17
125,34
363,14
422,23
358,56
185,15
270,31
303,0
636,45
120,36
607,47
394,17
153,34
378,14
428,23
342,56
192,15
292,31
331,0
523,45
145,36
353,47
339,17
134,34
353,14
443,23
385,56
198,15
261,31
325,0
433,45
93,36
322,47
358,17
134,34
355,14
435,23
336,56
147,15
294,31
331,0
446,45
87,36
343,47
351,17
145,34
327,14
424,23
372,56
155,15
300,31
321,0
562,45
118,36
295,47
360,17
128,34
349,14
413,23
360,56
173,15
316,31
318,0
508,45
88,36
309,47
367,17
117,34
372,14
390,23
356,56
160,15
322,31
313,0
458,45
92,36
324,47
327,17
140,34
346,14
403,23
337,56
165,15
274,31
309,0
509,45
100,36
282,47
349,17
114,34
350,14
402,23
352,56
155,15
286,31
319,0
528,45
99,36
304,47
375,17
132,34
356,14
405,23
346,56
138,15
301,31
301,0
518,45
100,36
300,47
356,17
133,34
341,14
400,23
381,56
148,15
292,31
309,0
573,45
105,36
321,47
346,17
137,34
341,14
395,23
378,56
129,15
304,31
324,0
515,45
111,36
335,47
348,17
142,34
358,14
400,23
345,56
140,15
304,31
286,0
469,45
86,36
309,47
315,17
125,34
370,14
413,23
353,56
141,15
307,31
291,0
470,45
85,36
311,47
258,17
149,34
323,14
388,23
318,56
146,15
254,31
285,0
453,45
102,36
305,47
319,17
113,34
344,14
382,23
346,56
140,15
296,31
304,0
502,45
89,36
287,47
343,17
129,34
332,14
444,23
363,56
155,15
294,31
298,0
515,45
98,36
289,47
354,17
124,34
358,14
418,23
332,56
139,15
279,31
299,0
535,45
113,36
267,47
336,17
135,34
365,14
435,23
421,56
192,15
285,31
349,0
488,45
103,36
274,47
325,17
149,34
386,14
416,23
348,56
134,15
316,31
304,0
477,45
89,36
484,47
357,17
155,34
544,14
416,23
336,56
144,15
280,31
316,0
517,45
95,36
285,47
329,17
146,34
318,14
396,23
304,56
192,15
245,31
317,0
463,45
89,36
288,47
320,17
138,34
330,14
439,23
370,56
153,15
302,31
315,0
478,45
84,36
288,47
311,17
146,34
345,14
366,23
347,56
167,15
275,31
295,0
469,45
92,36
301,47
323,17
112,34
354,14
397,23
333,56
127,15
284,31
317,0
436,45
73,36
291,47
321,17
137,34
359,14
399,23
321,56
159,15
269,31
294,0
454,45
72,36
275,47
309,17
139,34
374,14
395,23
319,56
125,15
315,31
278,0
2226,45
63,36
310,47
324,17
113,34
410,14
401,23
348,56
86,15
294,31
278,0
453,45
100,36
354,47
316,17
137,34
340,14
385,23
302,56
177,15
278,31
319,0
393,45
81,36
323,47
390,17
145,34
558,14
476,23
315,56
139,15
295,31
334,0
580,45
133,36
290,47
315,17
117,34
371,14
387,23
358,56
203,15
231,31
311,0
515,45
105,36
310,47
325,17
140,34
360,14
413,23
361,56
177,15
316,31
296,0
541,45
106,36
301,47
345,17
120,34
363,14
407,23
381,56
186,15
295,31
282,0
431,45
77,36
318,47
329,17
122,34
337,14
369,23
331,56
146,15
315,31
276,0
467,45
74,36
538,47
309,17
137,34
355,14
389,23
327,56
154,15
294,31
292,0
448,45
78,36
309,47
334,17
114,34
365,14
409,23
393,56
172,15
301,31
562,0
419,45
65,36
308,47
501,17
129,34
347,14
406,23
343,56
174,15
263,31
277,0
494,45
68,36
324,47
327,17
136,34
411,14
450,23
363,56
174,15
396,31
268,0
537,45
72,36
317,47
325,17
115,34
354,14
420,23
360,56
165,15
304,31
286,0
545,45
102,36
353,47
312,17
113,34
349,14
407,23
333,56
173,15
250,31
329,0
545,45
137,36
330,47
333,17
140,34
645,14
560,23
389,56
152,15
310,31
284,0
440,45
138,36
328,47
431,17
168,34
634,14
1157,23
467,56
218,15
598,31
364,0
579,45
129,36
365,47
303,17
149,34
445,14
483,23
356,56
244,15
307,31
320,0
475,45
109,36
362,47
355,17
203,34
1162,14
670,23
416,56
183,15
474,31
335,0
540,45
114,36
348,47
336,17
136,34
448,14
500,23
353,56
192,15
314,31
370,0
532,45
102,36
358,47
344,17
133,34
387,14
448,23
341,56
167,15
276,31
334,0
517,45
105,36
327,47
347,17
123,34
386,14
436,23
321,56
158,15
286,31
324,0
548,45
100,36
340,47
367,17
139,34
363,14
926,23
457,56
173,15
296,31
335,0
523,45
111,36
335,47
340,17
141,34
436,14
436,23
328,56
192,15
246,31
351,0
477,45
114,36
342,47
405,17
132,34
402,14
433,23
334,56
147,15
279,31
315,0
544,45
82,36
326,47
347,17
118,34
405,14
430,23
347,56
169,15
275,31
320,0
536,45
108,36
389,47
442,17
168,34
394,14
454,23
325,56
153,15
275,31
326,0
484,45
78,36
293,47
499,17
123,34
420,14
436,23
280,56
148,15
273,31
308,0
520,45
90,36
304,47
362,17
125,34
382,14
437,23
342,56
160,15
272,31
297,0
485,45
82,36
293,47
359,17
113,34
357,14
481,23
320,56
141,15
291,31
316,0
468,45
78,36
309,47
351,17
118,34
354,14
460,23
316,56
176,15
264,31
321,0
496,45
72,36
313,47
366,17
142,34
346,14
421,23
322,56
168,15
284,31
288,0
459,45
90,36
291,47
335,17
134,34
380,14
432,23
318,56
122,15
286,31
305,0
527,45
82,36
288,47
347,17
118,34
347,14
433,23
321,56
145,15
320,31
258,0
483,45
77,36
304,47
343,17
124,34
333,14
440,23
318,56
152,15
298,31
303,0
537,45
74,36
286,47
303,17
120,34
347,14
460,23
326,56
155,15
317,31
266,0
467,45
70,36
295,47
404,17
120,34
668,14
445,23
315,56
140,15
279,31
269,0
465,45
76,36
323,47
312,17
151,34
363,14
435,23
315,56
142,15
305,31
288,0
482,45
73,36
290,47
368,17
118,34
344,14
462,23
364,56
154,15
291,31
285,0
442,45
73,36
302,47
364,17
128,34
339,14
460,23
349,56
155,15
282,31
303,0
430,45
75,36
292,47
339,17
128,34
370,14
524,23
339,56
130,15
318,31
268,0
465,45
70,36
296,47
362,17
149,34
308,14
496,23
331,56
173,15
321,31
273,0
478,45
72,36
294,47
339,17
119,34
340,14
475,23
318,56
211,15
282,31
319,0
466,45
80,36
322,47
320,17
123,34
361,14
435,23
343,56
191,15
311,31
285,0
458,45
75,36
333,47
296,17
143,34
383,14
496,23
364,56
176,15
288,31
283,0
521,45
91,36
295,47
365,17
109,34
398,14
525,23
344,56
176,15
287,31
320,0
462,45
107,36
278,47
328,17
129,34
374,14
418,23
308,56
178,15
301,31
274,0
485,45
81,36
303,47
328,17
107,34
378,14
456,23
309,56
192,15
285,31
281,0
468,45
83,36
298,47
397,17
101,34
390,14
751,23
348,56
159,15
335,31
419,0
486,45
70,36
338,47
324,17
133,34
372,14
427,23
325,56
152,15
288,31
281,0
477,45
108,36
281,47
363,17
104,34
494,14
475,23
303,56
144,15
312,31
320,0
414,45
75,36
321,47
323,17
125,34
372,14
446,23
320,56
197,15
283,31
316,0
444,45
69,36
592,47
294,17
141,34
333,14
454,23
324,56
184,15
297,31
311,0
486,45
81,36
357,47
327,17
141,34
348,14
447,23
311,56
183,15
301,31
316,0
448,45
75,36
308,47
358,17
107,34
383,14
518,23
347,56
198,15
276,31
321,0
504,45
73,36
293,47
320,17
148,34
351,14
439,23
345,56
154,15
291,31
279,0
445,45
82,36
285,47
326,17
138,34
349,14
444,23
331,56
162,15
289,31
286,0
689,45
107,36
333,47
293,17
102,34
456,14
535,23
339,56
155,15
313,31
312,0
1816,45
51,36
426,47
286,17
133,34
373,14
427,23
300,56
176,15
297,31
321,0
480,45
80,36
291,47
303,17
131,34
343,14
447,23
331,56
151,15
300,31
234,0
481,45
67,36
307,47
308,17
112,34
377,14
453,23
335,56
173,15
300,31
285,0
518,45
94,36
372,47
278,17
147,34
357,14
447,23
330,56
167,15
323,31
274,0
454,45
62,36
316,47
280,17
171,34
339,14
860,23
423,56
410,15
314,31
274,0
432,45
70,36
858,47
299,17
157,34
388,14
481,23
311,56
138,15
348,31
271,0
480,45
72,36
316,47
336,17
147,34
390,14
472,23
320,56
146,15
343,31
256,0
485,45
83,36
281,47
310,17
130,34
352,14
472,23
560,56
204,15
284,31
337,0
407,45
118,36
535,47
328,17
195,34
366,14
451,23
323,56
296,15
297,31
322,0
477,45
119,36
355,47
301,17
150,34
351,14
464,23
379,56
221,15
292,31
293,0
515,45
68,36
373,47
366,17
136,34
362,14
478,23
375,56
173,15
294,31
293,0
606,45
93,36
342,47
329,17
131,34
382,14
497,23
413,56
355,15
316,31
297,0
491,45
82,36
333,47
387,17
165,34
335,14
475,23
359,56
166,15
306,31
279,0
454,45
78,36
355,47
254,17
125,34
446,14
408,23
326,56
152,15
291,31
292,0
486,45
50,36
348,47
369,17
125,34
330,14
398,23
337,56
157,15
290,31
363,0
401,45
64,36
319,47
328,17
124,34
382,14
408,23
324,56
154,15
266,31
270,0
471,45
61,36
338,47
326,17
131,34
382,14
431,23
343,56
156,15
289,31
286,0
445,45
77,36
322,47
344,17
123,34
390,14
409,23
342,56
160,15
273,31
248,0
521,45
87,36
363,47
331,17
121,34
371,14
419,23
321,56
170,15
247,31
254,0
473,45
63,36
301,47
404,17
112,34
366,14
437,23
338,56
168,15
274,31
320,0
563,45
79,36
337,47
576,17
185,34
373,14
427,23
330,56
162,15
271,31
331,0
446,45
62,36
332,47
324,17
140,34
352,14
414,23
361,56
146,15
299,31
278,0
475,45
70,36
359,47
326,17
135,34
339,14
458,23
351,56
141,15
314,31
284,0
526,45
65,36
325,47
345,17
144,34
355,14
424,23
329,56
147,15
280,31
295,0
485,45
62,36
322,47
341,17
146,34
346,14
451,23
336,56
164,15
296,31
286,0
448,45
66,36
330,47
309,17
136,34
336,14
441,23
352,56
140,15
297,31
288,0
462,45
64,36
301,47
335,17
130,34
299,14
423,23
296,56
148,15
286,31
264,0
420,45
68,36
308,47
356,17
138,34
347,14
410,23
370,56
124,15
308,31
255,0
451,45
63,36
305,47
378,17
111,34
336,14
401,23
325,56
154,15
278,31
281,0
454,45
63,36
298,47
317,17
143,34
341,14
409,23
305,56
166,15
226,31
305,0
465,45
75,36
297,47
297,17
148,34
341,14
425,23
338,56
121,15
311,31
275,0
468,45
79,36
299,47
328,17
116,34
355,14
439,23
341,56
131,15
328,31
280,0
461,45
69,36
317,47
303,17
145,34
350,14
385,23
330,56
157,15
299,31
293,0
448,45
83,36
290,47
349,17
146,34
326,14
413,23
344,56
130,15
312,31
277,0
550,45
82,36
293,47
283,17
149,34
332,14
406,23
362,56
113,15
407,31
264,0
503,45
80,36
282,47
422,17
153,34
313,14
449,23
354,56
189,15
278,31
288,0
447,45
81,36
325,47
303,17
137,34
347,14
422,23
354,56
145,15
300,31
274,0
474,45
71,36
308,47
282,17
142,34
317,14
459,23
364,56
146,15
310,31
275,0
458,45
76,36
285,47
307,17
153,34
338,14
437,23
389,56
156,15
294,31
274,0
504,45
81,36
312,47
313,17
137,34
324,14
450,23
385,56
92,15
436,31
278,0
442,45
69,36
314,47
314,17
133,34
325,14
416,23
387,56
175,15
284,31
282,0
447,45
77,36
351,47
318,17
160,34
328,14
431,23
368,56
229,15
259,31
272,0
529,45
70,36
312,47
296,17
145,34
346,14
402,23
360,56
218,15
296,31
284,0
509,45
72,36
299,47
272,17
141,34
321,14
433,23
367,56
163,15
267,31
237,0
537,45
61,36
287,47
323,17
127,34
337,14
461,23
388,56
208,15
309,31
264,0
559,45
66,36
320,47
329,17
140,34
429,14
454,23
384,56
142,15
320,31
293,0
496,45
77,36
306,47
313,17
143,34
344,14
472,23
391,56
139,15
284,31
285,0
531,45
78,36
294,47
346,17
122,34
335,14
453,23
339,56
162,15
296,31
307,0
552,45
70,36
290,47
336,17
119,34
353,14
492,23
367,56
146,15
319,31
276,0
525,45
61,36
301,47
355,17
126,34
336,14
474,23
374,56
143,15
304,31
284,0
487,45
60,36
311,47
323,17
119,34
336,14
440,23
355,56
157,15
306,31
288,0
486,45
74,36
294,47
342,17
132,34
323,14
417,23
371,56
122,15
283,31
294,0
577,45
65,36
257,47
308,17
137,34
312,14
434,23
322,56
137,15
294,31
252,0
488,45
70,36
302,47
332,17
138,34
299,14
403,23
363,56
139,15
284,31
283,0
494,45
59,36
307,47
381,17
119,34
322,14
563,23
427,56
147,15
289,31
295,0
538,45
64,36
312,47
296,17
130,34
314,14
521,23
486,56
139,15
290,31
295,0
437,45
39,36
282,47
547,17
140,34
350,14
1079,23
428,56
167,15
280,31
267,0
490,45
81,36
306,47
316,17
118,34
342,14
432,23
352,56
138,15
283,31
270,0
485,45
78,36
