297,47
167,17
311,34
954,14
1060,23
420,56
272,15
1903,31
607,0
1504,45
97,36
381,47
249,17
487,34
542,14
684,23
357,56
245,15
334,31
301,0
721,45
108,36
520,47
180,17
250,34
714,14
820,23
242,56
286,15
290,31
426,0
716,45
109,36
365,47
172,17
236,34
632,14
645,23
329,56
264,15
264,31
344,0
334,45
101,36
301,47
190,17
228,34
684,14
634,23
331,56
208,15
273,31
242,0
328,45
87,36
330,47
160,17
181,34
634,14
530,23
253,56
257,15
271,31
429,0
337,45
96,36
352,47
169,17
214,34
391,14
534,23
311,56
197,15
224,31
315,0
747,45
104,36
275,47
221,17
205,34
616,14
670,23
232,56
239,15
218,31
219,0
662,45
94,36
367,47
255,17
271,34
625,14
483,23
204,56
237,15
283,31
258,0
295,45
114,36
405,47
179,17
217,34
317,14
504,23
202,56
209,15
212,31
234,0
274,45
92,36
354,47
192,17
209,34
489,14
504,23
271,56
218,15
319,31
210,0
318,45
101,36
323,47
197,17
227,34
339,14
501,23
206,56
226,15
202,31
194,0
331,45
104,36
379,47
198,17
212,34
381,14
522,23
188,56
207,15
194,31
219,0
719,45
113,36
336,47
208,17
230,34
381,14
486,23
196,56
241,15
191,31
249,0
312,45
108,36
292,47
181,17
192,34
272,14
525,23
233,56
215,15
228,31
203,0
284,45
116,36
290,47
196,17
193,34
252,14
487,23
126,56
259,15
202,31
205,0
281,45
127,36
305,47
191,17
230,34
275,14
524,23
196,56
199,15
205,31
238,0
642,45
103,36
290,47
179,17
687,34
381,14
610,23
257,56
206,15
214,31
235,0
330,45
124,36
201,47
223,17
216,34
352,14
506,23
202,56
225,15
204,31
188,0
304,45
127,36
440,47
191,17
209,34
321,14
483,23
168,56
223,15
213,31
182,0
311,45
118,36
308,47
208,17
217,34
314,14
447,23
180,56
236,15
738,31
192,0
349,45
132,36
341,47
198,17
180,34
317,14
433,23
205,56
215,15
209,31
214,0
320,45
99,36
322,47
173,17
205,34
300,14
448,23
98,56
231,15
250,31
228,0
356,45
95,36
286,47
182,17
204,34
322,14
478,23
196,56
214,15
201,31
238,0
328,45
117,36
250,47
175,17
200,34
271,14
436,23
195,56
209,15
293,31
264,0
274,45
119,36
220,47
227,17
185,34
1752,14
484,23
219,56
201,15
264,31
269,0
299,45
116,36
217,47
192,17
220,34
655,14
422,23
194,56
250,15
268,31
230,0
310,45
103,36
270,47
162,17
225,34
542,14
555,23
253,56
258,15
527,31
254,0
306,45
104,36
267,47
176,17
199,34
287,14
440,23
192,56
228,15
198,31
205,0
322,45
104,36
225,47
180,17
191,34
316,14
467,23
116,56
233,15
158,31
168,0
297,45
117,36
310,47
141,17
219,34
295,14
442,23
200,56
223,15
219,31
226,0
341,45
106,36
269,47
168,17
183,34
322,14
450,23
123,56
218,15
166,31
152,0
282,45
113,36
189,47
165,17
186,34
303,14
469,23
280,56
220,15
241,31
203,0
306,45
101,36
478,47
162,17
215,34
308,14
389,23
199,56
227,15
215,31
194,0
313,45
105,36
194,47
189,17
197,34
311,14
412,23
136,56
193,15
145,31
188,0
316,45
85,36
348,47
520,17
199,34
345,14
403,23
186,56
196,15
219,31
190,0
294,45
114,36
500,47
189,17
241,34
329,14
459,23
160,56
218,15
183,31
159,0
310,45
110,36
438,47
183,17
188,34
316,14
406,23
176,56
223,15
192,31
148,0
288,45
104,36
177,47
212,17
171,34
357,14
548,23
186,56
225,15
481,31
219,0
284,45
99,36
175,47
175,17
164,34
299,14
1210,23
228,56
172,15
236,31
187,0
319,45
99,36
247,47
176,17
173,34
296,14
414,23
225,56
167,15
201,31
166,0
305,45
106,36
373,47
205,17
220,34
330,14
440,23
171,56
222,15
241,31
215,0
499,45
108,36
305,47
183,17
191,34
327,14
416,23
204,56
170,15
214,31
169,0
290,45
113,36
306,47
189,17
187,34
393,14
399,23
187,56
195,15
303,31
486,0
280,45
104,36
401,47
192,17
181,34
388,14
622,23
221,56
233,15
253,31
212,0
341,45
105,36
269,47
179,17
202,34
281,14
430,23
230,56
163,15
208,31
186,0
266,45
114,36
241,47
165,17
653,34
381,14
454,23
183,56
210,15
211,31
220,0
312,45
124,36
498,47
181,17
190,34
349,14
488,23
192,56
184,15
222,31
174,0
294,45
128,36
269,47
167,17
181,34
321,14
459,23
204,56
176,15
188,31
184,0
276,45
118,36
255,47
190,17
197,34
359,14
450,23
165,56
188,15
182,31
195,0
285,45
120,36
347,47
210,17
232,34
1122,14
1089,23
350,56
250,15
323,31
360,0
495,45
17,36
447,47
210,17
315,34
1430,14
593,23
289,56
243,15
314,31
429,0
723,45
129,36
436,47
201,17
267,34
1513,14
475,23
225,56
255,15
238,31
325,0
738,45
116,36
368,47
266,17
397,34
866,14
913,23
516,56
285,15
386,31
359,0
893,45
121,36
354,47
223,17
264,34
555,14
788,23
326,56
298,15
425,31
304,0
351,45
91,36
281,47
233,17
245,34
1058,14
816,23
374,56
584,15
371,31
373,0
390,45
115,36
418,47
252,17
361,34
394,14
410,23
277,56
354,15
1071,31
329,0
334,45
100,36
328,47
210,17
326,34
440,14
455,23
366,56
787,15
463,31
428,0
462,45
41,36
631,47
152,17
223,34
698,14
562,23
435,56
457,15
312,31
304,0
388,45
64,36
272,47
702,17
770,34
783,14
836,23
703,56
693,15
761,31
752,0
447,45
127,36
261,47
245,17
323,34
464,14
496,23
431,56
282,15
322,31
290,0
369,45
40,36
286,47
229,17
227,34
451,14
1039,23
1108,56
860,15
723,31
191,0
352,45
115,36
609,47
685,17
706,34
788,14
764,23
258,56
270,15
175,31
230,0
307,45
109,36
329,47
203,17
1148,34
622,14
717,23
475,56
200,15
228,31
157,0
308,45
120,36
525,47
462,17
1116,34
534,14
1033,23
386,56
331,15
192,31
139,0
327,45
134,36
341,47
447,17
800,34
608,14
454,23
310,56
261,15
228,31
144,0
376,45
110,36
222,47
252,17
281,34
569,14
367,23
216,56
227,15
196,31
196,0
732,45
127,36
313,47
220,17
270,34
406,14
349,23
204,56
224,15
201,31
203,0
314,45
112,36
202,47
212,17
207,34
292,14
610,23
247,56
213,15
222,31
202,0
329,45
117,36
250,47
208,17
227,34
339,14
393,23
194,56
209,15
221,31
134,0
338,45
112,36
236,47
239,17
240,34
504,14
386,23
182,56
218,15
228,31
171,0
324,45
127,36
395,47
635,17
735,34
522,14
402,23
238,56
645,15
533,31
144,0
365,45
137,36
657,47
383,17
848,34
1345,14
317,23
841,56
523,15
379,31
301,0
382,45
126,36
420,47
502,17
599,34
748,14
321,23
320,56
550,15
658,31
166,0
381,45
138,36
540,47
359,17
298,34
750,14
439,23
371,56
274,15
237,31
171,0
347,45
120,36
546,47
275,17
379,34
436,14
482,23
320,56
360,15
358,31
765,0
505,45
123,36
369,47
659,17
534,34
569,14
425,23
270,56
259,15
260,31
213,0
403,45
134,36
237,47
243,17
234,34
362,14
373,23
218,56
239,15
204,31
159,0
364,45
107,36
285,47
221,17
214,34
372,14
420,23
221,56
231,15
583,31
961,0
330,45
120,36
279,47
234,17
231,34
427,14
422,23
204,56
215,15
168,31
161,0
316,45
114,36
402,47
219,17
246,34
1152,14
434,23
253,56
244,15
239,31
145,0
332,45
114,36
270,47
174,17
218,34
348,14
532,23
211,56
213,15
221,31
157,0
325,45
105,36
224,47
196,17
206,34
252,14
440,23
223,56
206,15
215,31
160,0
329,45
122,36
288,47
208,17
225,34
340,14
1346,23
231,56
201,15
246,31
164,0
330,45
127,36
257,47
161,17
234,34
283,14
462,23
202,56
220,15
212,31
161,0
303,45
121,36
276,47
214,17
212,34
361,14
417,23
140,56
860,15
192,31
186,0
310,45
116,36
303,47
222,17
214,34
788,14
458,23
212,56
217,15
199,31
171,0
321,45
116,36
357,47
208,17
206,34
311,14
401,23
214,56
193,15
213,31
167,0
376,45
129,36
272,47
219,17
209,34
464,14
546,23
147,56
219,15
800,31
138,0
373,45
129,36
342,47
214,17
198,34
334,14
430,23
199,56
204,15
247,31
178,0
437,45
116,36
197,47
222,17
189,34
352,14
423,23
192,56
216,15
187,31
170,0
400,45
105,36
324,47
471,17
277,34
453,14
401,23
185,56
203,15
230,31
184,0
367,45
121,36
321,47
215,17
212,34
296,14
391,23
208,56
196,15
245,31
186,0
354,45
108,36
317,47
221,17
211,34
353,14
373,23
188,56
192,15
213,31
199,0
293,45
118,36
262,47
240,17
192,34
338,14
366,23
222,56
189,15
253,31
195,0
296,45
131,36
314,47
245,17
153,34
436,14
622,23
213,56
211,15
207,31
179,0
303,45
110,36
247,47
229,17
192,34
326,14
1019,23
280,56
193,15
228,31
146,0
338,45
99,36
182,47
237,17
279,34
368,14
344,23
223,56
189,15
756,31
195,0
342,45
78,36
328,47
222,17
264,34
382,14
429,23
240,56
206,15
237,31
205,0
347,45
136,36
582,47
206,17
245,34
426,14
508,23
285,56
215,15
247,31
173,0
361,45
63,36
313,47
396,17
484,34
614,14
781,23
780,56
1122,15
1318,31
173,0
355,45
95,36
433,47
216,17
264,34
1117,14
530,23
215,56
232,15
227,31
242,0
304,45
93,36
591,47
136,17
240,34
629,14
417,23
233,56
286,15
219,31
213,0
941,45
120,36
454,47
301,17
236,34
1080,14
467,23
253,56
193,15
195,31
191,0
317,45
101,36
340,47
214,17
224,34
472,14
371,23
240,56
223,15
196,31
182,0
310,45
111,36
257,47
202,17
681,34
252,14
739,23
311,56
154,15
218,31
191,0
323,45
117,36
228,47
217,17
195,34
647,14
344,23
190,56
232,15
177,31
185,0
310,45
110,36
176,47
212,17
214,34
624,14
379,23
223,56
224,15
168,31
166,0
322,45
105,36
910,47
237,17
185,34
532,14
1036,23
196,56
208,15
243,31
135,0
284,45
124,36
359,47
171,17
215,34
296,14
432,23
185,56
221,15
173,31
153,0
333,45
110,36
1148,47
162,17
884,34
573,14
379,23
227,56
219,15
198,31
180,0
305,45
128,36
336,47
173,17
209,34
365,14
367,23
200,56
203,15
186,31
169,0
261,45
116,36
307,47
211,17
169,34
1256,14
387,23
207,56
192,15
193,31
160,0
319,45
125,36
343,47
234,17
270,34
380,14
482,23
230,56
231,15
184,31
221,0
396,45
101,36
391,47
271,17
241,34
650,14
859,23
540,56
437,15
501,31
798,0
411,45
56,36
390,47
277,17
334,34
881,14
518,23
465,56
442,15
490,31
497,0
443,45
127,36
391,47
286,17
334,34
409,14
604,23
430,56
467,15
505,31
436,0
446,45
134,36
321,47
310,17
382,34
460,14
639,23
597,56
202,15
190,31
223,0
323,45
84,36
306,47
293,17
347,34
389,14
567,23
218,56
174,15
140,31
172,0
295,45
108,36
332,47
263,17
294,34
425,14
587,23
277,56
200,15
235,31
151,0
347,45
99,36
376,47
191,17
186,34
370,14
474,23
203,56
206,15
190,31
120,0
267,45
103,36
226,47
205,17
219,34
329,14
465,23
205,56
161,15
135,31
135,0
258,45
115,36
268,47
261,17
212,34
431,14
482,23
189,56
180,15
140,31
200,0
307,45
123,36
374,47
300,17
339,34
418,14
563,23
427,56
530,15
533,31
903,0
641,45
135,36
251,47
153,17
170,34
346,14
608,23
395,56
535,15
969,31
547,0
408,45
52,36
280,47
180,17
163,34
485,14
713,23
888,56
648,15
887,31
400,0
290,45
91,36
233,47
197,17
176,34
285,14
450,23
344,56
545,15
585,31
1335,0
351,45
97,36
239,47
147,17
185,34
259,14
638,23
847,56
743,15
782,31
364,0
374,45
101,36
2096,47
256,17
223,34
282,14
654,23
422,56
258,15
671,31
693,0
770,45
110,36
444,47
484,17
921,34
507,14
1181,23
669,56
469,15
801,31
503,0
502,45
91,36
852,47
563,17
769,34
399,14
605,23
583,56
756,15
633,31
515,0
386,45
108,36
297,47
212,17
269,34
281,14
557,23
490,56
613,15
708,31
472,0
675,45
101,36
380,47
708,17
334,34
371,14
474,23
467,56
670,15
979,31
725,0
1124,45
87,36
347,47
297,17
208,34
347,14
549,23
339,56
632,15
666,31
738,0
582,45
82,36
211,47
233,17
181,34
306,14
509,23
541,56
445,15
591,31
519,0
428,45
106,36
234,47
206,17
197,34
287,14
518,23
543,56
349,15
631,31
755,0
463,45
95,36
417,47
395,17
274,34
640,14
544,23
314,56
189,15
219,31
137,0
362,45
118,36
319,47
477,17
278,34
429,14
484,23
148,56
216,15
188,31
151,0
348,45
93,36
200,47
198,17
175,34
320,14
625,23
566,56
337,15
533,31
507,0
481,45
70,36
274,47
307,17
315,34
472,14
872,23
440,56
305,15
416,31
402,0
428,45
121,36
337,47
270,17
252,34
401,14
474,23
522,56
562,15
650,31
505,0
428,45
104,36
436,47
425,17
358,34
524,14
513,23
478,56
403,15
445,31
495,0
408,45
100,36
472,47
399,17
441,34
390,14
505,23
366,56
359,15
502,31
388,0
394,45
93,36
269,47
239,17
384,34
618,14
573,23
283,56
314,15
840,31
360,0
360,45
104,36
432,47
321,17
466,34
763,14
593,23
454,56
424,15
656,31
481,0
367,45
128,36
297,47
210,17
218,34
274,14
492,23
336,56
238,15
247,31
242,0
309,45
113,36
183,47
556,17
355,34
393,14
432,23
276,56
323,15
548,31
398,0
399,45
104,36
451,47
329,17
322,34
363,14
450,23
305,56
478,15
679,31
666,0
524,45
108,36
250,47
303,17
281,34
404,14
639,23
606,56
658,15
1348,31
626,0
925,45
126,36
397,47
366,17
398,34
370,14
472,23
395,56
520,15
761,31
743,0
696,45
84,36
384,47
367,17
369,34
520,14
440,23
293,56
241,15
237,31
240,0
360,45
117,36
220,47
202,17
196,34
308,14
444,23
221,56
222,15
218,31
194,0
322,45
105,36
232,47
206,17
230,34
713,14
409,23
338,56
200,15
207,31
230,0
364,45
97,36
333,47
175,17
226,34
509,14
378,23
249,56
215,15
219,31
204,0
959,45
102,36
855,47
182,17
198,34
959,14
602,23
225,56
195,15
204,31
194,0
358,45
114,36
321,47
228,17
193,34
1022,14
393,23
239,56
191,15
222,31
179,0
363,45
119,36
294,47
241,17
229,34
600,14
364,23
209,56
211,15
197,31
183,0
882,45
106,36
452,47
152,17
239,34
354,14
532,23
188,56
189,15
202,31
171,0
363,45
119,36
340,47
180,17
205,34
339,14
405,23
210,56
182,15
234,31
130,0
363,45
126,36
253,47
208,17
205,34
321,14
823,23
212,56
186,15
215,31
196,0
398,45
117,36
263,47
202,17
737,34
377,14
562,23
193,56
203,15
214,31
150,0
296,45
115,36
734,47
202,17
195,34
393,14
584,23
213,56
197,15
207,31
161,0
303,45
110,36
226,47
187,17
177,34
322,14
418,23
170,56
225,15
723,31
192,0
269,45
112,36
244,47
529,17
242,34
407,14
397,23
204,56
190,15
216,31
208,0
247,45
104,36
256,47
154,17
227,34
314,14
2060,23
478,56
173,15
292,31
103,0
334,45
111,36
358,47
217,17
230,34
374,14
671,23
172,56
212,15
218,31
167,0
289,45
121,36
419,47
246,17
226,34
378,14
458,23
187,56
193,15
210,31
175,0
304,45
120,36
323,47
236,17
251,34
785,14
496,23
209,56
222,15
204,31
161,0
281,45
125,36
365,47
225,17
215,34
335,14
393,23
191,56
230,15
201,31
174,0
269,45
125,36
211,47
212,17
196,34
356,14
370,23
185,56
221,15
213,31
170,0
249,45
115,36
192,47
245,17
239,34
413,14
359,23
208,56
218,15
223,31
141,0
266,45
119,36
311,47
281,17
351,34
373,14
379,23
209,56
222,15
216,31
194,0
319,45
108,36
453,47
242,17
256,34
405,14
407,23
186,56
214,15
190,31
144,0
295,45
113,36
274,47
275,17
402,34
398,14
374,23
216,56
206,15
231,31
171,0
284,45
113,36
423,47
220,17
230,34
349,14
507,23
255,56
173,15
226,31
187,0
235,45
102,36
679,47
317,17
258,34
324,14
346,23
211,56
200,15
191,31
204,0
270,45
107,36
207,47
248,17
224,34
341,14
385,23
232,56
202,15
212,31
154,0
255,45
105,36
304,47
195,17
205,34
327,14
346,23
211,56
219,15
298,31
522,0
360,45
86,36
172,47
385,17
305,34
304,14
442,23
315,56
325,15
335,31
316,0
1325,45
106,36
305,47
287,17
260,34
333,14
444,23
331,56
115,15
848,31
254,0
322,45
105,36
294,47
225,17
213,34
239,14
363,23
220,56
207,15
253,31
192,0
339,45
94,36
460,47
490,17
184,34
384,14
464,23
275,56
357,15
322,31
330,0
365,45
106,36
538,47
202,17
213,34
257,14
426,23
277,56
335,15
388,31
327,0
302,45
101,36
195,47
198,17
168,34
287,14
519,23
372,56
305,15
302,31
312,0
342,45
111,36
548,47
198,17
248,34
292,14
362,23
246,56
257,15
320,31
386,0
784,45
92,36
269,47
452,17
296,34
365,14
429,23
276,56
285,15
284,31
357,0
374,45
114,36
392,47
297,17
298,34
369,14
460,23
347,56
333,15
381,31
287,0
381,45
79,36
394,47
311,17
314,34
315,14
442,23
214,56
290,15
265,31
138,0
372,45
106,36
347,47
245,17
316,34
326,14
434,23
233,56
287,15
329,31
361,0
402,45
108,36
457,47
317,17
351,34
301,14
429,23
254,56
297,15
345,31
304,0
360,45
105,36
302,47
269,17
238,34
334,14
412,23
236,56
244,15
225,31
281,0
356,45
99,36
323,47
261,17
260,34
320,14
383,23
263,56
279,15
357,31
279,0
344,45
91,36
403,47
309,17
279,34
335,14
397,23
223,56
260,15
279,31
342,0
357,45
99,36
329,47
291,17
299,34
305,14
394,23
247,56
271,15
274,31
357,0
340,45
87,36
342,47
313,17
320,34
357,14
397,23
282,56
266,15
285,31
318,0
746,45
116,36
319,47
296,17
274,34
370,14
405,23
227,56
272,15
301,31
271,0
328,45
101,36
325,47
286,17
286,34
412,14
415,23
870,56
333,15
339,31
264,0
328,45
96,36
290,47
293,17
265,34
372,14
379,23
265,56
312,15
106,31
420,0
358,45
118,36
420,47
279,17
274,34
352,14
433,23
247,56
242,15
275,31
323,0
335,45
106,36
312,47
239,17
243,34
350,14
367,23
225,56
210,15
217,31
223,0
313,45
115,36
348,47
199,17
190,34
1169,14
597,23
246,56
257,15
132,31
308,0
349,45
45,36
263,47
210,17
200,34
765,14
417,23
169,56
201,15
212,31
163,0
736,45
91,36
260,47
212,17
226,34
314,14
455,23
138,56
208,15
216,31
134,0
290,45
91,36
369,47
211,17
108,34
748,14
837,23
280,56
164,15
229,31
147,0
325,45
81,36
339,47
180,17
189,34
494,14
358,23
182,56
172,15
202,31
162,0
302,45
109,36
215,47
208,17
188,34
387,14
541,23
625,56
155,15
167,31
168,0
720,45
83,36
767,47
663,17
166,34
1093,14
562,23
1024,56
279,15
400,31
295,0
285,45
111,36
434,47
168,17
267,34
549,14
386,23
195,56
232,15
246,31
290,0
345,45
74,36
542,47
229,17
225,34
348,14
415,23
147,56
207,15
195,31
105,0
323,45
95,36
287,47
206,17
615,34
433,14
752,23
183,56
198,15
212,31
91,0
331,45
67,36
215,47
179,17
151,34
289,14
747,23
218,56
177,15
181,31
137,0
284,45
93,36
287,47
224,17
162,34
296,14
352,23
182,56
183,15
164,31
165,0
303,45
87,36
371,47
239,17
230,34
266,14
364,23
124,56
227,15
184,31
158,0
346,45
94,36
223,47
216,17
156,34
1151,14
331,23
179,56
188,15
184,31
147,0
341,45
99,36
272,47
188,17
178,34
668,14
547,23
220,56
221,15
170,31
150,0
342,45
89,36
294,47
205,17
159,34
321,14
524,23
243,56
167,15
196,31
161,0
284,45
83,36
210,47
218,17
181,34
243,14
345,23
193,56
210,15
181,31
140,0
317,45
79,36
203,47
225,17
193,34
273,14
712,23
186,56
181,15
191,31
109,0
296,45
78,36
177,47
204,17
163,34
282,14
345,23
174,56
209,15
161,31
115,0
319,45
90,36
275,47
200,17
190,34
344,14
379,23
202,56
207,15
208,31
155,0
339,45
90,36
186,47
200,17
171,34
299,14
363,23
182,56
195,15
178,31
135,0
321,45
82,36
220,47
175,17
157,34
283,14
338,23
185,56
204,15
162,31
145,0
302,45
79,36
230,47
205,17
171,34
308,14
360,23
147,56
217,15
215,31
97,0
335,45
82,36
197,47
192,17
183,34
300,14
818,23
166,56
224,15
201,31
166,0
303,45
74,36
242,47
242,17
245,34
269,14
338,23
155,56
199,15
163,31
187,0
282,45
92,36
204,47
184,17
202,34
355,14
362,23
141,56
202,15
183,31
136,0
369,45
48,36
229,47
202,17
217,34
268,14
383,23
211,56
200,15
236,31
558,0
272,45
73,36
220,47
167,17
146,34
274,14
349,23
125,56
223,15
201,31
195,0
381,45
72,36
325,47
222,17
160,34
317,14
322,23
223,56
208,15
192,31
134,0
342,45
77,36
200,47
227,17
165,34
316,14
318,23
223,56
168,15
220,31
157,0
327,45
75,36
236,47
199,17
155,34
283,14
443,23
207,56
192,15
188,31
296,0
49,45
102,36
191,47
177,17
174,34
301,14
304,23
209,56
185,15
255,31
220,0
373,45
88,36
223,47
190,17
187,34
295,14
435,23
201,56
186,15
172,31
174,0
297,45
84,36
250,47
159,17
180,34
293,14
354,23
216,56
142,15
228,31
158,0
345,45
83,36
190,47
214,17
156,34
323,14
267,23
209,56
185,15
178,31
140,0
321,45
77,36
229,47
219,17
145,34
331,14
280,23
204,56
178,15
169,31
132,0
326,45
75,36
185,47
213,17
140,34
285,14
304,23
228,56
183,15
187,31
160,0
306,45
79,36
230,47
232,17
168,34
365,14
332,23
230,56
318,15
161,31
692,0
319,45
77,36
200,47
209,17
155,34
276,14
364,23
223,56
188,15
210,31
147,0
338,45
77,36
224,47
185,17
148,34
527,14
395,23
212,56
199,15
221,31
151,0
362,45
82,36
243,47
204,17
187,34
289,14
321,23
214,56
199,15
191,31
212,0
273,45
76,36
207,47
188,17
145,34
279,14
308,23
197,56
199,15
187,31
182,0
279,45
63,36
211,47
212,17
165,34
291,14
316,23
207,56
172,15
189,31
159,0
327,45
76,36
197,47
200,17
151,34
291,14
308,23
192,56
207,15
180,31
274,0
500,45
74,36
224,47
195,17
163,34
291,14
309,23
234,56
188,15
211,31
155,0
322,45
79,36
218,47
193,17
139,34
260,14
291,23
227,56
217,15
233,31
276,0
359,45
76,36
237,47
265,17
200,34
300,14
319,23
221,56
199,15
225,31
217,0
293,45
63,36
220,47
198,17
186,34
268,14
282,23
245,56
169,15
223,31
189,0
286,45
64,36
519,47
290,17
179,34
289,14
315,23
241,56
119,15
301,31
233,0
351,45
82,36
196,47
233,17
158,34
279,14
297,23
263,56
149,15
260,31
208,0
317,45
70,36
224,47
214,17
204,34
573,14
427,23
241,56
223,15
221,31
176,0
302,45
83,36
250,47
194,17
205,34
289,14
417,23
169,56
209,15
208,31
187,0
329,45
36,36
424,47
218,17
222,34
1071,14
387,23
223,56
181,15
215,31
164,0
257,45
106,36
232,47
217,17
176,34
424,14
349,23
180,56
180,15
209,31
178,0
274,45
95,36
234,47
196,17
225,34
481,14
622,23
220,56
204,15
201,31
188,0
288,45
100,36
294,47
177,17
211,34
334,14
411,23
243,56
157,15
220,31
178,0
274,45
99,36
270,47
213,17
182,34
332,14
426,23
256,56
150,15
246,31
117,0
334,45
23,36
343,47
197,17
190,34
324,14
372,23
251,56
165,15
201,31
192,0
1203,45
68,36
201,47
272,17
210,34
603,14
465,23
248,56
277,15
292,31
298,0
285,45
114,36
274,47
363,17
428,34
626,14
1526,23
304,56
348,15
356,31
286,0
293,45
118,36
469,47
217,17
232,34
367,14
405,23
262,56
239,15
210,31
125,0
690,45
70,36
330,47
181,17
223,34
306,14
302,23
263,56
174,15
176,31
181,0
282,45
124,36
322,47
187,17
218,34
291,14
394,23
219,56
209,15
170,31
210,0
320,45
118,36
215,47
240,17
274,34
388,14
339,23
230,56
222,15
180,31
220,0
320,45
110,36
350,47
211,17
227,34
347,14
372,23
222,56
237,15
680,31
292,0
431,45
57,36
243,47
245,17
226,34
338,14
343,23
252,56
253,15
255,31
291,0
385,45
51,36
238,47
231,17
233,34
283,14
355,23
262,56
246,15
273,31
330,0
369,45
53,36
261,47
259,17
266,34
326,14
389,23
269,56
266,15
291,31
681,0
319,45
106,36
313,47
303,17
292,34
300,14
369,23
266,56
298,15
477,31
416,0
493,45
144,36
462,47
395,17
488,34
538,14
528,23
486,56
390,15
373,31
1048,0
579,45
99,36
377,47
274,17
204,34
436,14
527,23
290,56
348,15
275,31
367,0
356,45
118,36
321,47
182,17
220,34
340,14
549,23
349,56
345,15
404,31
286,0
299,45
94,36
331,47
307,17
972,34
608,14
1406,23
312,56
295,15
328,31
328,0
348,45
117,36
616,47
357,17
976,34
559,14
706,23
286,56
352,15
629,31
376,0
378,45
127,36
352,47
390,17
567,34
391,14
665,23
384,56
261,15
357,31
310,0
346,45
101,36
225,47
299,17
187,34
357,14
334,23
275,56
186,15
227,31
183,0
320,45
34,36
269,47
241,17
161,34
384,14
435,23
478,56
321,15
368,31
373,0
450,45
113,36
259,47
278,17
232,34
340,14
424,23
230,56
220,15
290,31
322,0
333,45
94,36
327,47
298,17
216,34
315,14
409,23
254,56
239,15
297,31
320,0
352,45
48,36
231,47
259,17
205,34
305,14
512,23
244,56
235,15
286,31
326,0
321,45
114,36
201,47
281,17
261,34
329,14
372,23
247,56
226,15
235,31
305,0
301,45
91,36
360,47
244,17
269,34
409,14
317,23
199,56
219,15
242,31
242,0
297,45
109,36
300,47
287,17
276,34
333,14
422,23
244,56
271,15
304,31
294,0
337,45
110,36
265,47
255,17
270,34
331,14
376,23
213,56
245,15
220,31
150,0
297,45
106,36
242,47
233,17
200,34
262,14
353,23
224,56
216,15
219,31
183,0
285,45
104,36
363,47
174,17
202,34
249,14
358,23
262,56
225,15
218,31
197,0
294,45
106,36
214,47
221,17
187,34
248,14
305,23
280,56
309,15
336,31
160,0
346,45
96,36
228,47
205,17
185,34
233,14
311,23
231,56
203,15
325,31
570,0
289,45
100,36
211,47
215,17
189,34
236,14
304,23
238,56
186,15
222,31
149,0
314,45
117,36
269,47
183,17
216,34
267,14
328,23
243,56
211,15
199,31
194,0
778,45
90,36
237,47
199,17
191,34
285,14
317,23
249,56
201,15
254,31
354,0
405,45
97,36
238,47
253,17
210,34
302,14
317,23
261,56
215,15
238,31
208,0
297,45
99,36
234,47
175,17
205,34
312,14
321,23
273,56
271,15
580,31
253,0
347,45
38,36
270,47
230,17
198,34
265,14
346,23
273,56
201,15
236,31
236,0
311,45
101,36
333,47
214,17
188,34
295,14
393,23
356,56
392,15
336,31
282,0
282,45
104,36
285,47
193,17
273,34
297,14
375,23
291,56
263,15
397,31
320,0
310,45
113,36
270,47
208,17
229,34
304,14
383,23
280,56
302,15
565,31
294,0
320,45
117,36
348,47
249,17
224,34
308,14
460,23
314,56
276,15
314,31
314,0
302,45
100,36
360,47
235,17
239,34
266,14
337,23
296,56
511,15
327,31
280,0
375,45
88,36
333,47
206,17
194,34
287,14
357,23
257,56
204,15
260,31
215,0
434,45
66,36
296,47
526,17
790,34
1578,14
683,23
313,56
186,15
284,31
155,0
407,45
107,36
276,47
232,17
184,34
344,14
441,23
184,56
195,15
294,31
261,0
310,45
98,36
261,47
197,17
224,34
427,14
418,23
216,56
214,15
263,31
298,0
612,45
63,36
281,47
273,17
258,34
328,14
532,23
263,56
286,15
377,31
237,0
313,45
93,36
262,47
187,17
226,34
304,14
393,23
217,56
193,15
260,31
129,0
302,45
96,36
242,47
194,17
230,34
260,14
436,23
273,56
189,15
220,31
123,0
325,45
88,36
189,47
191,17
169,34
1282,14
379,23
219,56
149,15
217,31
100,0
291,45
89,36
214,47
203,17
221,34
356,14
599,23
145,56
251,15
227,31
152,0
364,45
70,36
396,47
244,17
286,34
300,14
456,23
195,56
199,15
218,31
161,0
336,45
92,36
249,47
548,17
236,34
371,14
389,23
196,56
201,15
263,31
129,0
318,45
108,36
253,47
247,17
259,34
294,14
489,23
202,56
274,15
322,31
261,0
281,45
86,36
268,47
257,17
258,34
328,14
444,23
258,56
230,15
293,31
164,0
362,45
110,36
277,47
223,17
237,34
358,14
434,23
247,56
210,15
248,31
131,0
353,45
90,36
300,47
279,17
269,34
325,14
430,23
231,56
267,15
292,31
315,0
352,45
94,36
289,47
304,17
266,34
289,14
424,23
191,56
248,15
273,31
309,0
317,45
93,36
350,47
254,17
254,34
296,14
382,23
206,56
229,15
260,31
124,0
321,45
91,36
260,47
226,17
202,34
294,14
397,23
216,56
228,15
213,31
202,0
314,45
89,36
442,47
252,17
188,34
331,14
430,23
223,56
216,15
241,31
85,0
354,45
82,36
264,47
219,17
207,34
287,14
340,23
150,56
232,15
322,31
166,0
342,45
88,36
236,47
241,17
227,34
299,14
383,23
225,56
235,15
302,31
262,0
334,45
85,36
244,47
279,17
209,34
300,14
433,23
230,56
244,15
281,31
294,0
310,45
79,36
243,47
261,17
230,34
311,14
468,23
317,56
579,15
362,31
209,0
306,45
77,36
275,47
240,17
211,34
322,14
352,23
229,56
257,15
263,31
291,0
335,45
73,36
254,47
225,17
211,34
351,14
416,23
228,56
235,15
254,31
297,0
309,45
81,36
262,47
264,17
236,34
323,14
387,23
252,56
253,15
244,31
310,0
327,45
76,36
235,47
248,17
229,34
320,14
404,23
214,56
229,15
266,31
284,0
320,45
86,36
210,47
256,17
206,34
341,14
463,23
256,56
228,15
261,31
324,0
284,45
83,36
279,47
209,17
256,34
247,14
375,23
241,56
255,15
271,31
251,0
360,45
76,36
263,47
300,17
229,34
270,14
397,23
231,56
235,15
291,31
295,0
325,45
82,36
223,47
234,17
224,34
272,14
379,23
214,56
239,15
275,31
276,0
325,45
75,36
200,47
246,17
245,34
312,14
374,23
226,56
220,15
303,31
218,0
320,45
76,36
273,47
246,17
206,34
305,14
388,23
246,56
217,15
301,31
254,0
329,45
97,36
230,47
212,17
227,34
281,14
386,23
252,56
244,15
368,31
275,0
305,45
84,36
247,47
224,17
218,34
319,14
424,23
270,56
262,15
288,31
289,0
313,45
85,36
204,47
245,17
226,34
324,14
398,23
216,56
235,15
241,31
273,0
369,45
82,36
248,47
227,17
235,34
281,14
367,23
251,56
220,15
262,31
231,0
360,45
95,36
238,47
393,17
296,34
417,14
387,23
203,56
226,15
292,31
293,0
374,45
80,36
203,47
223,17
234,34
309,14
384,23
262,56
223,15
261,31
306,0
284,45
84,36
205,47
216,17
234,34
310,14
385,23
246,56
219,15
288,31
297,0
296,45
73,36
194,47
218,17
224,34
291,14
372,23
209,56
205,15
248,31
217,0
333,45
89,36
439,47
230,17
202,34
551,14
489,23
160,56
206,15
363,31
198,0
347,45
82,36
268,47
195,17
212,34
315,14
361,23
243,56
221,15
269,31
270,0
322,45
86,36
225,47
204,17
211,34
279,14
364,23
220,56
249,15
312,31
163,0
418,45
23,36
276,47
239,17
219,34
324,14
409,23
284,56
268,15
280,31
287,0
354,45
68,36
243,47
233,17
243,34
362,14
425,23
274,56
249,15
313,31
244,0
338,45
90,36
314,47
247,17
358,34
456,14
466,23
285,56
230,15
308,31
297,0
383,45
90,36
289,47
312,17
404,34
436,14
444,23
242,56
269,15
296,31
305,0
342,45
73,36
271,47
208,17
209,34
315,14
348,23
238,56
224,15
271,31
320,0
269,45
84,36
225,47
226,17
227,34
293,14
346,23
251,56
216,15
236,31
286,0
320,45
92,36
185,47
241,17
228,34
277,14
350,23
248,56
192,15
259,31
229,0
335,45
97,36
347,47
634,17
358,34
958,14
1094,23
372,56
287,15
338,31
410,0
424,45
140,36
359,47
258,17
376,34
350,14
524,23
273,56
308,15
279,31
295,0
735,45
142,36
246,47
271,17
360,34
641,14
533,23
278,56
314,15
345,31
378,0
835,45
138,36
330,47
433,17
354,34
537,14
456,23
249,56
325,15
357,31
341,0
385,45
122,36
306,47
302,17
359,34
344,14
500,23
335,56
329,15
729,31
386,0
390,45
152,36
390,47
278,17
298,34
387,14
452,23
293,56
292,15
289,31
348,0
322,45
130,36
272,47
292,17
320,34
408,14
509,23
301,56
316,15
328,31
367,0
438,45
50,36
342,47
288,17
328,34
354,14
609,23
477,56
322,15
321,31
350,0
322,45
132,36
351,47
275,17
319,34
361,14
447,23
274,56
310,15
336,31
385,0
301,45
132,36
354,47
145,17
302,34
308,14
494,23
242,56
280,15
234,31
378,0
688,45
102,36
275,47
258,17
261,34
326,14
402,23
216,56
241,15
254,31
204,0
327,45
155,36
290,47
277,17
320,34
349,14
454,23
267,56
337,15
395,31
801,0
1923,45
57,36
304,47
283,17
306,34
514,14
487,23
267,56
346,15
297,31
456,0
517,45
149,36
401,47
318,17
291,34
394,14
546,23
387,56
396,15
448,31
541,0
639,45
174,36
308,47
248,17
281,34
349,14
374,23
305,56
285,15
441,31
550,0
922,45
151,36
392,47
244,17
347,34
358,14
480,23
354,56
387,15
475,31
659,0
518,45
159,36
335,47
229,17
224,34
371,14
290,23
264,56
372,15
533,31
545,0
428,45
155,36
254,47
271,17
463,34
464,14
343,23
256,56
240,15
454,31
569,0
547,45
29,36
355,47
451,17
235,34
346,14
348,23
247,56
264,15
221,31
483,0
495,45
132,36
243,47
247,17
240,34
318,14
436,23
415,56
444,15
348,31
375,0
414,45
131,36
236,47
243,17
248,34
324,14
338,23
270,56
392,15
504,31
376,0
344,45
83,36
208,47
264,17
203,34
314,14
335,23
328,56
396,15
339,31
298,0
477,45
65,36
253,47
222,17
218,34
331,14
402,23
294,56
466,15
353,31
387,0
352,45
112,36
257,47
253,17
222,34
355,14
399,23
240,56
312,15
326,31
386,0
371,45
147,36
244,47
251,17
199,34
352,14
449,23
567,56
366,15
243,31
253,0
327,45
140,36
313,47
249,17
191,34
296,14
358,23
226,56
251,15
242,31
233,0
327,45
124,36
238,47
252,17
178,34
342,14
305,23
233,56
249,15
261,31
270,0
296,45
139,36
192,47
268,17
214,34
333,14
306,23
228,56
237,15
229,31
196,0
306,45
134,36
264,47
203,17
212,34
297,14
310,23
243,56
228,15
242,31
203,0
261,45
123,36
232,47
255,17
241,34
377,14
344,23
238,56
194,15
256,31
198,0
589,45
110,36
271,47
217,17
195,34
307,14
321,23
244,56
206,15
255,31
182,0
254,45
132,36
109,47
742,17
285,34
324,14
281,23
231,56
227,15
238,31
137,0
262,45
138,36
188,47
255,17
174,34
307,14
329,23
218,56
224,15
223,31
168,0
234,45
132,36
249,47
245,17
234,34
260,14
360,23
534,56
286,15
357,31
288,0
396,45
138,36
411,47
238,17
466,34
439,14
498,23
292,56
336,15
372,31
675,0
610,45
129,36
335,47
361,17
314,34
417,14
498,23
321,56
387,15
415,31
476,0
373,45
125,36
367,47
461,17
485,34
464,14
476,23
306,56
414,15
394,31
419,0
361,45
145,36
293,47
255,17
201,34
306,14
399,23
344,56
294,15
312,31
474,0
926,45
134,36
266,47
332,17
234,34
377,14
351,23
256,56
282,15
278,31
440,0
438,45
141,36
437,47
258,17
227,34
342,14
328,23
260,56
253,15
248,31
368,0
459,45
153,36
236,47
232,17
204,34
324,14
374,23
244,56
329,15
405,31
333,0
386,45
138,36
263,47
223,17
215,34
340,14
444,23
236,56
361,15
447,31
424,0
546,45
89,36
218,47
240,17
203,34
352,14
397,23
235,56
334,15
384,31
366,0
443,45
150,36
774,47
663,17
247,34
393,14
362,23
242,56
356,15
360,31
487,0
488,45
131,36
220,47
227,17
212,34
332,14
422,23
194,56
381,15
475,31
493,0
445,45
149,36
281,47
186,17
255,34
366,14
346,23
239,56
285,15
315,31
339,0
343,45
114,36
319,47
191,17
223,34
305,14
352,23
257,56
260,15
283,31
322,0
288,45
150,36
220,47
225,17
210,34
337,14
381,23
248,56
264,15
255,31
263,0
345,45
129,36
211,47
228,17
198,34
269,14
415,23
240,56
254,15
245,31
261,0
314,45
135,36
194,47
247,17
188,34
367,14
357,23
230,56
228,15
251,31
165,0
284,45
135,36
