46,568
116,650
105,931
101,408
53,1029
82,572
111,711
97,261
110,308
108,668
46,795
116,744
105,433
101,571
53,593
82,303
111,262
97,304
110,287
108,679
46,503
116,296
105,403
101,534
53,447
82,273
111,220
97,329
110,280
108,534
46,453
116,229
105,334
101,356
53,432
82,252
111,185
97,277
110,281
108,496
46,402
116,262
105,225
101,348
53,412
82,249
111,169
97,276
110,239
108,708
46,420
116,947
105,281
101,326
53,437
82,296
111,158
97,272
110,251
108,515
46,407
116,588
105,311
101,699
53,344
82,299
111,169
97,279
110,281
108,551
46,469
116,261
105,183
101,309
53,366
82,347
111,504
97,246
110,248
108,437
46,410
116,201
105,234
101,380
53,505
82,332
111,196
97,289
110,344
108,564
46,400
116,253
105,277
101,417
53,355
82,345
111,518
97,259
110,296
108,454
46,419
116,272
105,275
101,321
53,387
82,535
111,217
97,562
110,720
108,395
46,385
116,225
105,236
101,295
53,355
82,330
111,196
97,302
110,304
108,458
46,418
116,226
105,269
101,286
53,349
82,292
111,161
97,285
110,319
108,455
46,439
116,238
105,283
101,365
53,424
82,317
111,228
97,317
110,326
108,477
46,410
116,201
105,253
101,280
53,395
82,307
111,174
97,266
110,298
108,479
46,396
116,226
105,243
101,351
53,356
82,282
111,158
97,247
110,265
108,420
46,332
116,1512
105,218
101,285
53,379
82,245
111,170
97,275
110,281
108,448
46,428
116,244
105,345
101,280
53,307
82,290
111,174
97,249
110,315
108,459
46,420
116,275
105,269
101,362
53,386
82,323
111,170
97,279
110,376
108,521
46,425
116,249
105,260
101,329
53,366
82,261
111,172
97,264
110,404
108,468
46,392
116,252
105,296
101,356
53,382
82,220
111,177
97,293
110,325
108,464
46,400
116,236
105,258
101,346
53,344
82,289
111,172
97,269
110,278
108,566
46,428
116,238
105,249
101,259
53,259
82,282
111,179
97,255
110,244
108,479
46,391
116,264
105,295
101,352
53,345
82,217
111,167
97,285
110,311
108,539
46,408
116,232
105,248
101,276
53,308
82,308
111,164
97,261
110,423
108,593
46,424
116,258
105,238
101,365
53,322
82,281
111,177
97,267
110,331
108,489
46,448
116,249
105,274
101,303
53,304
82,256
111,195
97,275
110,239
108,611
46,420
116,248
105,312
101,270
53,289
82,251
111,187
97,288
110,312
108,712
46,415
116,187
105,702
101,460
53,344
82,233
111,176
97,273
110,381
108,589
46,411
116,236
105,279
101,287
53,283
82,254
111,159
97,276
110,256
108,649
46,450
116,271
105,383
101,276
53,324
82,308
111,189
97,247
110,276
108,686
46,380
116,259
105,272
101,396
53,740
82,255
111,223
97,288
110,366
108,561
46,412
116,252
105,282
101,631
53,983
82,304
111,187
97,242
110,568
108,482
46,425
116,240
105,296
101,231
53,331
82,308
111,192
97,244
110,492
108,570
46,440
116,257
105,289
101,260
53,368
82,270
111,185
97,262
110,596
108,463
46,367
116,265
105,286
101,348
53,381
82,293
111,168
97,260
110,439
108,553
46,427
116,242
105,273
101,378
53,374
82,280
111,187
97,250
110,527
108,555
46,396
116,189
105,266
101,538
53,514
82,275
111,244
97,592
110,412
108,440
46,450
116,260
105,323
101,247
53,282
82,234
111,147
97,242
110,446
108,438
46,398
116,250
105,267
101,347
53,330
82,333
111,631
97,279
110,376
108,491
46,400
116,197
105,278
101,280
53,295
82,333
111,261
97,287
110,430
108,457
46,426
116,235
105,285
101,264
53,346
82,284
111,235
97,279
110,318
108,458
46,422
116,272
105,343
101,273
53,370
82,294
111,189
97,491
110,367
108,390
46,398
116,232
105,309
101,297
53,318
82,324
111,186
97,257
110,447
108,439
46,426
116,236
105,278
101,483
53,294
82,329
111,279
97,251
110,287
108,422
46,404
116,195
105,253
101,245
53,319
82,290
111,182
97,242
110,345
108,423
46,426
116,235
105,287
101,354
53,650
82,224
111,154
97,267
110,387
108,418
46,360
116,207
105,253
101,346
53,381
82,295
111,191
97,226
110,268
108,456
46,426
116,226
105,274
101,348
53,673
82,279
111,204
97,237
110,399
108,439
46,414
116,257
105,238
101,318
53,344
82,280
111,200
97,200
110,242
108,499
46,715
116,198
105,415
101,1095
53,438
82,451
111,272
97,1208
110,240
108,352
46,778
116,244
105,307
101,481
53,512
82,272
111,136
97,244
110,261
108,453
46,347
116,257
105,199
101,356
53,460
82,787
111,199
97,380
110,240
108,360
46,339
116,248
105,233
101,829
53,422
82,358
111,248
97,334
110,322
108,397
46,432
116,235
105,241
101,432
53,495
82,257
111,158
97,252
110,253
108,404
46,385
116,240
105,188
101,288
53,486
82,274
111,177
97,249
110,268
108,406
46,309
116,239
105,199
101,285
53,558
82,393
111,178
97,259
110,210
108,472
46,303
116,248
105,173
101,241
53,479
82,289
111,200
97,178
110,261
108,434
46,346
116,248
105,166
101,390
53,461
82,291
111,160
97,216
110,297
108,418
46,407
116,237
105,162
101,265
53,358
82,271
111,120
97,260
110,274
108,365
46,338
116,238
105,151
101,615
53,450
82,299
111,230
97,235
110,288
108,419
46,326
116,229
105,205
101,994
53,362
82,295
111,158
97,204
110,275
108,453
46,326
116,1075
105,402
101,291
53,416
82,253
111,189
97,205
110,322
108,393
46,278
116,282
105,184
101,399
53,390
82,258
111,153
97,235
110,257
108,469
46,335
116,278
105,269
101,1030
53,382
82,281
111,131
97,227
110,238
108,401
46,319
116,417
105,238
101,345
53,419
82,283
111,185
97,181
110,257
108,368
46,331
116,1363
105,319
101,388
53,464
82,251
111,146
97,223
110,250
108,478
46,314
116,248
105,253
101,289
53,370
82,298
111,188
97,304
110,414
108,434
46,755
116,227
105,212
101,241
53,356
82,308
111,166
97,245
110,224
108,430
46,324
116,237
105,216
101,295
53,387
82,311
111,267
97,225
110,241
108,412
46,333
116,267
105,223
101,731
53,364
82,670
111,250
97,203
110,275
108,404
46,400
116,271
105,302
101,325
53,457
82,302
111,172
97,237
110,253
108,442
46,393
116,267
105,228
101,289
53,446
82,326
111,228
97,213
110,290
108,476
46,387
116,275
105,258
101,283
53,393
82,334
111,270
97,229
110,331
108,495
46,314
116,283
105,223
101,301
53,375
82,288
111,203
97,262
110,269
108,458
46,336
116,288
105,236
101,256
53,352
82,337
111,225
97,212
110,252
108,467
46,311
116,270
105,237
101,250
53,357
82,297
111,214
97,205
110,276
108,432
46,757
116,261
105,223
101,267
53,347
82,324
111,161
97,203
110,285
108,408
46,300
116,221
105,238
101,259
53,327
82,300
111,172
97,236
110,287
108,411
46,310
116,219
105,194
101,238
53,419
82,223
111,187
97,212
110,296
108,393
46,366
116,278
105,177
101,271
53,384
82,267
111,170
97,206
110,328
108,406
46,367
116,209
105,234
101,276
53,360
82,305
111,203
97,196
110,285
108,644
46,279
116,236
105,160
101,286
53,329
82,361
111,122
97,230
110,283
108,446
46,316
116,200
105,194
101,272
53,321
82,339
111,224
97,243
110,267
108,483
46,319
116,254
105,276
101,294
53,392
82,307
111,199
97,212
110,318
108,526
46,337
116,220
105,215
101,266
53,352
82,350
111,127
97,336
110,299
108,494
46,387
116,253
105,227
101,743
53,493
82,290
111,115
97,241
110,344
108,490
46,297
116,272
105,284
101,410
53,908
82,291
111,262
97,248
110,347
108,444
46,359
116,267
105,252
101,291
53,449
82,281
111,190
97,203
110,350
108,528
46,327
116,267
105,313
101,306
53,561
82,224
111,165
97,211
110,277
108,429
46,346
116,254
105,279
101,393
53,475
82,303
111,169
97,194
110,316
108,451
46,364
116,238
105,255
101,291
53,341
82,320
111,174
97,276
110,294
108,431
46,307
116,285
105,324
101,783
53,1033
82,333
111,159
97,246
110,590
108,409
46,271
116,253
105,216
101,291
53,395
82,481
111,222
97,184
110,242
108,385
46,314
116,294
105,240
101,329
53,555
82,277
111,177
97,209
110,328
108,551
46,267
116,284
105,238
101,450
53,346
82,282
111,151
97,209
110,320
108,446
46,302
116,239
105,219
101,268
53,368
82,316
111,188
97,216
110,322
108,513
46,342
116,293
105,230
101,279
53,377
82,274
111,203
97,202
110,289
108,442
46,351
116,274
105,295
101,339
53,422
82,203
111,193
97,188
110,297
108,415
46,604
116,258
105,234
101,304
53,430
82,273
111,219
97,189
110,380
108,482
46,412
116,256
105,335
101,499
53,824
82,265
111,281
97,1102
110,218
108,871
46,411
116,263
105,247
101,311
53,455
82,309
111,169
97,268
110,288
108,398
46,350
116,328
105,236
101,313
53,405
82,266
111,186
97,334
110,418
108,446
46,260
116,286
105,225
101,308
53,433
82,283
111,148
97,305
110,304
108,388
46,352
116,284
105,244
101,264
53,390
82,268
111,198
97,293
110,320
108,454
46,319
116,552
105,310
101,403
53,390
82,302
111,176
97,278
110,314
108,423
46,337
116,225
105,236
101,307
53,387
82,298
111,177
97,252
110,276
108,420
46,496
116,243
105,223
101,297
53,400
82,297
111,277
97,595
110,317
108,426
46,416
116,1136
105,235
101,287
53,338
82,752
111,222
97,262
110,382
108,744
46,514
116,260
105,235
101,357
53,357
82,272
111,211
97,262
110,335
108,459
46,364
116,308
105,264
101,255
53,387
82,303
111,173
97,285
110,363
108,487
46,346
116,345
105,224
101,271
53,390
82,309
111,305
97,261
110,314
108,424
46,357
116,337
105,1715
101,537
53,591
82,353
111,210
97,237
110,358
108,436
46,352
116,361
105,283
101,349
53,410
82,288
111,266
97,273
110,326
108,466
46,367
116,286
105,268
101,400
53,448
82,374
111,386
97,264
110,340
108,363
46,324
116,300
105,252
101,373
53,489
82,328
111,258
97,271
110,313
108,460
46,330
116,362
105,169
101,368
53,417
82,336
111,263
97,251
110,294
108,462
46,320
116,309
105,249
101,295
53,368
82,281
111,243
97,230
110,311
108,428
46,342
116,319
105,234
101,333
53,352
82,246
111,239
97,255
110,251
108,406
46,320
116,306
105,246
101,1163
53,371
82,231
111,184
97,243
110,347
108,357
46,320
116,338
105,232
101,359
53,431
82,222
111,189
97,225
110,326
108,435
46,349
116,313
105,261
101,317
53,385
82,238
111,240
97,229
110,308
108,457
46,330
116,309
105,275
101,287
53,387
82,242
111,208
97,227
110,365
108,479
46,341
116,328
105,230
101,272
53,384
82,218
111,259
97,220
110,314
108,414
46,309
116,311
105,262
101,279
53,369
82,259
111,245
97,203
110,272
108,458
46,333
116,294
105,253
101,275
53,348
82,276
111,193
97,207
110,282
108,401
46,314
116,312
105,230
101,264
53,366
82,318
111,120
97,401
110,292
108,375
46,332
116,309
105,246
101,286
53,373
82,243
111,244
97,225
110,326
108,403
46,324
116,305
105,249
101,261
53,346
82,257
111,207
97,193
110,408
108,490
46,274
116,297
105,241
101,279
53,351
82,265
111,225
97,207
110,333
108,385
46,312
116,328
105,255
101,299
53,354
82,278
111,227
97,222
110,315
108,399
46,333
116,305
105,222
101,288
53,359
82,283
111,216
97,215
110,278
108,392
46,335
116,320
105,221
101,271
53,337
82,282
111,221
97,221
110,312
108,426
46,318
116,335
105,237
101,258
53,350
82,287
111,207
97,218
110,312
108,401
46,310
116,304
105,207
101,266
53,317
82,269
111,252
97,194
110,278
108,407
46,296
116,344
105,252
101,272
53,328
82,288
111,217
97,222
110,280
108,390
46,485
116,330
105,245
101,288
53,394
82,327
111,248
97,371
110,440
108,400
46,306
116,293
105,219
101,270
53,345
82,290
111,418
97,245
110,222
108,368
46,350
116,295
105,211
101,258
53,342
82,335
111,364
97,212
110,266
108,366
46,321
116,285
105,199
101,296
53,346
82,375
111,252
97,239
110,270
108,404
46,341
116,245
105,236
101,258
53,412
82,298
111,234
97,215
110,283
108,803
46,310
116,334
105,262
101,310
53,493
82,278
111,206
97,234
110,1042
108,458
46,325
116,313
105,262
101,311
53,456
82,281
111,258
97,225
110,346
108,438
46,339
116,315
105,221
101,290
53,474
82,336
111,261
97,218
110,382
108,480
46,306
116,321
105,241
101,314
53,540
82,444
111,278
97,220
110,275
108,451
46,304
116,356
105,244
101,268
53,597
82,263
111,185
97,212
110,284
108,414
46,363
116,294
105,356
101,730
53,488
82,304
111,234
97,229
110,286
108,438
46,335
116,302
105,227
101,338
53,393
82,285
111,236
97,201
110,322
108,448
46,308
116,329
105,264
101,344
53,391
82,287
111,221
97,192
110,307
108,417
46,309
116,310
105,217
101,370
53,427
82,304
111,229
97,218
110,283
108,615
46,530
116,236
105,262
101,350
53,425
82,239
111,220
97,259
110,241
108,380
46,350
116,276
105,197
101,269
53,342
82,269
111,167
97,238
110,236
108,361
46,330
116,272
105,186
101,297
53,329
82,266
111,187
97,225
110,204
108,349
46,319
116,245
105,177
101,280
53,299
82,313
111,153
97,240
110,246
108,357
46,340
116,266
105,165
101,235
53,291
82,283
111,191
97,241
110,222
108,1247
46,358
116,213
105,185
101,258
53,315
82,283
111,210
97,213
110,253
108,423
46,372
116,223
105,207
101,238
53,328
82,278
111,204
97,238
110,270
108,411
46,307
116,238
105,182
101,255
53,308
82,327
111,248
97,254
110,242
108,392
46,348
116,263
105,191
101,243
53,352
82,256
111,236
97,207
110,269
108,419
46,338
116,299
105,374
101,333
53,498
82,245
111,206
97,212
110,262
108,399
46,405
116,235
105,195
101,258
53,345
82,219
111,240
97,179
110,229
108,348
46,309
116,222
105,1230
101,357
53,467
82,237
111,174
97,203
110,236
108,322
46,341
116,250
105,200
101,291
53,359
82,316
111,236
97,238
110,233
108,384
46,282
116,236
105,259
101,333
53,388
82,256
111,224
97,178
110,258
108,336
46,356
116,241
105,197
101,322
53,349
82,259
111,213
97,175
110,230
108,365
46,322
116,220
105,188
101,258
53,305
82,270
111,221
97,159
110,262
108,359
46,286
116,252
105,194
101,303
53,375
82,267
111,231
97,242
110,235
108,355
46,271
116,291
105,230
101,267
53,308
82,254
111,218
97,189
110,240
108,384
46,330
116,230
105,180
101,275
53,299
82,278
111,201
97,206
110,242
108,371
46,310
116,211
105,219
101,255
53,324
82,299
111,230
97,213
110,232
108,364
46,341
116,256
105,283
101,499
53,483
82,257
111,217
97,203
110,613
108,416
46,232
116,249
105,177
101,305
53,309
82,287
111,174
97,205
110,1188
108,424
46,232
116,242
105,212
101,289
53,329
82,255
111,195
97,188
110,304
108,451
46,282
116,389
105,283
101,407
53,346
82,254
111,196
97,201
110,258
108,391
46,326
116,239
105,191
101,285
53,301
82,280
111,214
97,243
110,239
108,370
46,280
116,307
105,222
101,319
53,305
82,289
111,204
97,191
110,257
108,410
46,262
116,227
105,194
101,339
53,475
82,263
111,241
97,148
110,254
108,349
46,275
116,254
105,188
101,266
53,299
82,247
111,199
97,132
110,284
108,397
46,270
116,229
105,209
101,330
53,319
82,286
111,183
97,170
110,278
108,385
46,295
116,1332
105,727
101,292
53,363
82,276
111,207
97,176
110,270
108,368
46,266
116,270
105,261
101,296
53,385
82,273
111,212
97,151
110,240
108,392
46,322
116,258
105,224
101,286
53,305
82,331
111,189
97,173
110,296
108,413
46,324
116,278
105,236
101,288
53,345
82,244
111,197
97,167
110,579
108,386
46,260
116,294
105,256
101,259
53,312
82,241
111,193
97,194
110,292
108,428
46,246
116,299
105,352
101,498
53,350
82,400
111,200
97,200
110,234
108,402
46,383
116,297
105,258
101,288
53,313
82,321
111,189
97,212
110,261
108,400
46,320
116,249
105,229
101,304
53,326
82,310
111,224
97,184
110,256
108,375
46,272
116,260
105,327
101,350
53,379
82,291
111,191
97,208
110,259
108,381
46,350
116,238
105,224
101,315
53,317
82,312
111,198
97,213
110,325
108,399
46,322
116,270
105,308
101,323
53,363
82,273
111,209
97,193
110,316
108,378
46,244
116,353
105,385
101,357
53,333
82,265
111,178
97,224
110,279
108,351
46,299
116,280
105,260
101,303
53,381
82,337
111,195
97,201
110,271
108,420
46,290
116,308
105,371
101,424
53,360
82,314
111,211
97,197
110,240
108,347
46,302
116,297
105,274
101,315
53,346
82,266
111,210
97,185
110,261
108,385
46,286
116,277
105,243
101,291
53,367
82,259
111,193
97,212
110,298
108,380
46,293
116,303
105,261
101,319
53,341
82,258
111,225
97,205
110,273
108,616
46,283
116,298
105,305
101,363
53,376
82,320
111,203
97,179
110,265
108,340
46,279
116,296
105,316
101,348
53,354
82,251
111,199
97,196
110,263
108,340
46,256
116,256
105,219
101,299
53,296
82,293
111,208
97,190
110,294
108,367
46,261
116,294
105,377
101,555
53,388
82,313
111,159
97,236
110,227
108,412
46,809
116,184
105,279
101,271
53,458
82,240
111,437
97,301
110,401
108,385
46,381
116,220
105,215
101,241
53,392
82,259
111,735
97,218
110,226
108,405
46,376
116,201
105,163
101,267
53,388
82,201
111,158
97,223
110,255
108,1667
46,329
116,256
105,226
101,255
53,404
82,234
111,192
97,248
110,271
108,424
46,222
116,312
105,244
101,241
53,368
82,291
111,222
97,225
110,244
108,381
46,365
116,252
105,220
101,254
53,512
82,260
111,273
97,250
110,275
108,442
46,249
116,263
105,204
101,286
53,421
82,243
111,222
97,235
110,258
108,432
46,280
116,292
105,246
101,224
53,353
82,237
111,198
97,233
110,249
108,338
46,322
116,271
105,220
101,257
53,332
82,266
111,436
97,248
110,234
108,356
46,320
116,338
105,395
101,276
53,363
82,227
111,203
97,209
110,216
108,345
46,331
116,267
105,253
101,280
53,366
82,247
111,212
97,232
110,253
108,355
46,379
116,285
105,366
101,290
53,364
82,254
111,229
97,202
110,253
108,357
46,316
116,291
105,268
101,281
53,326
82,266
111,262
97,170
110,222
108,322
46,334
116,280
105,216
101,302
53,379
82,252
111,247
97,228
110,726
108,466
46,332
116,274
105,242
101,258
53,332
82,258
111,220
97,210
110,321
108,375
46,275
116,310
105,221
101,309
53,341
82,275
111,218
97,217
110,265
108,335
46,317
116,275
105,307
101,297
53,402
82,226
111,210
97,192
110,278
108,350
46,328
116,313
105,300
101,301
53,382
82,262
111,218
97,191
110,282
108,355
46,294
116,280
105,231
101,285
53,382
82,270
111,195
97,204
110,262
108,318
46,344
116,285
105,334
101,321
53,386
82,284
111,198
97,218
110,250
108,339
46,316
116,310
105,361
101,353
53,559
82,244
111,232
97,209
110,291
108,296
46,338
116,276
105,238
101,339
53,417
82,282
111,263
97,213
110,277
108,345
46,275
116,262
105,269
101,317
53,398
82,235
111,211
97,206
110,271
108,340
46,388
116,246
105,266
101,286
53,419
82,257
111,247
97,213
110,294
108,431
46,287
116,267
105,222
101,293
53,372
82,304
111,265
97,234
110,308
108,728
46,311
116,271
105,334
101,290
53,366
82,213
111,246
97,208
110,326
108,356
46,336
116,270
105,280
101,308
53,440
82,264
111,280
97,221
110,323
108,395
46,299
116,284
105,255
101,317
53,423
82,241
111,214
97,274
110,340
108,564
46,278
116,586
105,277
101,319
53,370
82,236
111,240
97,210
110,309
108,365
46,316
116,245
105,271
101,280
53,352
82,281
111,293
97,222
110,217
108,390
46,267
116,246
105,232
101,300
53,365
82,281
111,259
97,203
110,278
108,377
46,288
116,258
105,229
101,278
53,337
82,268
111,246
97,215
110,278
108,344
46,313
116,275
105,195
101,273
53,318
82,251
111,232
97,178
110,257
108,363
46,281
116,291
105,127
101,855
53,622
82,204
111,210
97,212
110,205
108,323
46,275
116,213
105,188
101,288
53,368
82,250
111,266
97,186
110,326
108,287
46,342
116,228
105,169
101,245
53,371
82,251
111,253
97,165
110,246
108,1228
46,301
116,173
105,203
101,260
53,313
82,262
111,245
97,187
110,271
108,317
46,288
116,233
105,206
101,240
53,321
82,272
111,256
97,151
110,223
108,374
46,333
116,201
105,232
101,283
53,342
82,186
111,270
97,165
110,211
108,340
46,604
116,219
105,566
101,354
53,509
82,247
111,214
97,221
110,271
108,332
46,317
116,199
105,189
101,280
53,360
82,203
111,269
97,174
110,256
108,346
46,255
116,220
105,210
101,271
53,389
82,193
111,219
97,146
110,296
108,361
46,299
116,215
105,178
101,274
53,385
82,206
111,227
97,178
110,261
108,354
46,289
116,256
105,204
101,259
53,358
82,199
111,204
97,213
110,214
108,332
46,254
116,217
105,215
101,284
53,314
82,248
111,224
97,191
110,222
108,324
46,290
116,231
105,204
101,279
53,327
82,231
111,193
97,212
110,238
108,335
46,373
116,222
105,184
101,286
53,310
82,228
111,233
97,204
110,213
108,332
46,282
116,248
105,197
101,254
53,332
82,236
111,212
97,218
110,260
108,346
46,306
116,274
105,188
101,266
53,418
82,245
111,268
97,151
110,258
108,320
46,300
116,258
105,234
101,261
53,316
82,245
111,218
97,204
110,288
108,377
46,330
116,221
105,248
101,274
53,436
82,270
111,238
97,223
110,313
108,755
46,361
116,229
105,244
101,273
53,404
82,242
111,214
97,211
110,274
108,1167
46,320
116,219
105,238
101,230
53,424
82,290
111,254
97,242
110,339
108,459
46,314
116,248
105,216
101,275
53,425
82,272
111,234
97,191
110,284
108,431
46,282
116,243
105,248
101,253
53,421
82,280
111,283
97,126
110,430
108,321
46,317
116,218
105,222
101,239
53,385
82,292
111,235
97,344
110,304
108,371
46,241
116,298
105,244
101,268
53,365
82,1572
111,365
97,180
110,267
108,804
46,309
116,262
105,226
101,272
53,377
82,305
111,236
97,265
110,273
108,413
46,309
116,269
105,210
101,293
53,427
82,299
111,237
97,224
110,306
108,430
46,260
116,292
105,277
101,350
53,513
82,267
111,218
97,227
110,306
108,364
46,214
116,262
105,188
101,268
53,422
82,355
111,182
97,327
110,1088
108,501
46,242
116,356
105,450
101,348
53,528
82,304
111,559
97,216
110,230
108,414
46,199
116,475
105,346
101,1302
53,405
82,234
111,234
97,270
110,291
108,386
46,309
116,239
105,213
101,301
53,468
82,330
111,238
97,271
110,297
108,379
46,301
116,255
105,214
101,371
53,450
82,353
111,257
97,265
110,274
108,441
46,283
116,273
105,295
101,317
53,377
82,301
111,209
97,295
110,309
108,368
46,331
116,232
105,211
101,273
53,414
82,364
111,238
97,256
110,294
108,394
46,267
116,309
105,252
101,286
53,392
82,303
111,213
97,290
110,290
108,443
46,285
116,268
105,175
101,252
53,329
82,332
111,234
97,251
110,276
108,378
46,241
116,259
105,197
101,246
53,304
82,375
111,234
97,312
110,1108
108,474
46,312
116,224
105,234
101,342
53,924
82,220
111,192
97,272
110,235
108,442
46,267
116,258
105,206
101,281
53,347
82,288
111,237
97,255
110,265
108,356
46,243
116,251
105,175
101,266
53,368
82,316
111,221
97,270
110,256
108,1041
46,201
116,234
105,184
101,295
53,521
82,259
111,231
97,221
110,279
108,680
46,264
116,266
105,297
101,744
53,385
82,231
111,260
97,232
110,280
108,507
46,306
116,243
105,229
101,310
53,417
82,225
111,287
97,215
110,307
108,433
46,261
116,266
105,239
101,423
53,462
82,326
111,201
97,220
110,347
108,403
46,278
116,272
105,213
101,313
53,477
82,332
111,216
97,238
110,294
108,380
46,260
116,265
105,208
101,340
53,455
82,331
111,198
97,253
110,271
108,433
46,262
116,255
105,244
101,303
53,464
82,327
111,227
97,204
110,310
108,336
46,250
116,274
105,246
101,289
53,433
82,295
111,245
97,221
110,277
108,365
46,237
116,256
105,213
101,294
53,433
82,270
111,244
97,233
110,326
108,328
46,270
116,262
105,212
101,316
53,434
82,280
111,242
97,229
110,325
108,344
46,256
116,265
105,229
101,341
53,439
82,303
111,241
97,212
110,246
108,388
46,255
116,253
105,194
101,294
53,422
82,265
111,230
97,219
110,257
108,356
46,258
116,255
105,223
101,331
53,503
82,266
111,164
97,212
110,333
108,205
46,250
116,265
105,253
101,308
53,437
82,326
111,181
97,197
110,248
108,391
46,238
116,283
105,226
101,346
53,477
82,272
111,259
97,218
110,300
108,361
46,286
116,249
105,236
101,297
53,373
82,242
111,245
97,201
110,299
108,299
46,232
116,252
105,175
101,271
53,379
82,326
111,219
97,255
110,249
108,361
46,225
116,283
105,280
101,343
53,480
82,263
111,242
97,239
110,239
108,345
46,241
116,285
105,216
101,479
53,485
82,294
111,259
97,287
110,981
108,309
46,218
116,271
105,197
101,318
53,383
82,261
111,253
97,197
110,275
108,344
46,261
116,247
105,213
101,284
53,481
82,234
111,255
97,240
110,288
108,398
46,308
116,231
105,176
101,287
53,390
82,289
111,231
97,228
110,308
108,828
46,314
116,282
105,238
101,279
53,383
82,385
111,326
97,222
110,245
108,805
46,277
116,293
105,213
101,314
53,444
82,325
111,260
97,230
110,288
108,407
46,246
116,238
105,197
101,266
53,462
82,359
111,299
97,228
110,305
108,329
46,268
116,221
105,216
101,254
53,427
82,309
111,240
97,234
110,287
108,390
46,317
116,219
105,222
101,326
53,423
82,293
111,244
97,241
110,311
108,551
46,412
116,247
105,193
101,304
53,376
82,265
111,202
97,218
110,262
108,378
46,315
116,246
105,213
101,250
53,389
82,258
111,226
97,200
110,247
108,405
46,293
116,229
105,174
101,279
53,322
82,256
111,203
97,221
110,253
108,333
46,259
116,232
105,199
101,256
53,339
82,203
111,163
97,224
110,248
108,355
46,288
116,242
105,218
101,294
53,317
82,235
111,193
97,212
110,260
108,391
46,269
116,427
105,334
101,378
53,1044
82,316
111,126
97,258
110,254
108,360
46,208
116,237
105,159
101,279
53,325
82,259
111,213
97,175
110,261
108,480
46,140
116,241
105,192
101,281
53,341
82,294
111,227
97,291
110,251
108,435
46,243
116,329
105,198
101,262
53,365
82,284
111,174
97,227
110,253
108,443
46,311
116,297
105,190
101,307
53,354
82,313
111,221
97,211
110,304
108,338
46,262
116,717
105,563
101,327
53,376
82,237
111,205
97,198
110,285
108,364
46,222
116,285
105,144
101,280
53,321
82,288
111,196
97,233
110,253
108,362
46,240
116,296
105,170
101,296
53,334
82,483
111,244
97,247
110,294
108,384
46,298
116,318
105,207
101,293
53,383
82,419
111,740
97,214
110,270
108,326
46,260
116,276
105,166
101,273
53,493
82,360
111,194
97,252
110,231
108,393
46,267
116,308
105,245
101,313
53,311
82,259
111,201
97,160
110,244
108,383
46,251
116,268
105,131
101,279
53,346
82,293
111,687
97,269
110,238
108,365
46,248
116,242
105,176
101,291
53,306
82,262
111,217
97,186
110,239
108,390
46,236
116,280
105,203
101,298
53,439
82,279
111,215
97,188
110,223
108,387
46,218
116,292
105,267
101,1271
53,371
82,272
111,204
97,217
110,260
108,382
46,280
116,250
105,200
101,293
53,368
82,340
111,191
97,195
110,325
108,355
46,320
116,250
105,155
101,270
53,315
82,373
111,239
97,198
110,256
108,352
46,422
116,252
105,182
101,460
53,355
82,279
111,154
97,183
110,308
108,283
46,298
116,240
105,171
101,308
53,294
82,324
111,172
97,227
110,219
108,392
46,271
116,269
105,200
101,286
53,315
82,309
111,159
97,203
110,252
108,350
46,867
116,212
105,185
101,256
53,353
82,291
111,183
97,212
110,298
108,397
46,311
116,303
105,191
101,306
53,333
82,297
111,208
97,179
110,275
108,338
46,229
116,259
105,175
101,267
53,325
82,301
111,196
97,174
110,224
108,395
46,220
116,273
105,180
101,319
53,378
82,293
111,234
97,190
110,248
108,366
46,233
116,251
105,137
101,336
53,339
82,366
111,177
97,226
110,248
108,342
46,222
116,283
105,217
101,321
53,330
82,297
111,209
97,213
110,254
108,349
46,229
116,279
105,175
101,323
53,386
82,303
111,221
97,216
110,237
108,359
46,264
116,250
105,166
101,308
53,329
82,342
111,213
97,244
110,226
108,347
46,199
116,261
105,178
101,313
53,341
82,405
111,235
97,198
110,240
108,305
46,250
116,274
105,185
101,308
53,388
82,247
111,218
97,221
110,251
108,350
46,234
116,252
105,187
101,301
53,376
82,266
111,204
97,206
110,205
108,333
46,252
116,227
105,147
101,278
53,294
82,358
111,159
97,234
110,214
108,366
46,255
116,246
105,187
101,254
53,322
82,310
111,202
97,182
110,258
108,390
46,305
116,259
105,161
101,270
53,408
82,295
111,191
97,215
110,249
108,352
46,248
116,239
105,189
101,247
53,339
82,391
111,152
97,387
110,315
108,305
46,225
116,237
105,184
101,279
53,416
82,225
111,201
97,212
110,230
108,345
46,212
116,244
105,155
101,316
53,373
82,233
111,173
97,257
110,239
108,326
46,225
116,239
105,165
101,259
53,342
82,333
111,173
97,237
110,230
108,350
46,250
116,267
105,170
101,272
53,392
82,320
111,199
97,210
110,279
108,382
46,270
116,239
105,180
101,275
53,347
82,319
111,218
97,226
110,257
108,332
46,228
116,269
105,162
101,274
53,367
82,346
111,168
97,224
110,253
108,324
46,226
116,257
105,177
101,281
53,338
82,317
111,279
97,216
110,208
108,315
46,239
116,263
105,232
101,316
53,361
82,304
111,333
97,246
110,254
108,313
46,220
116,245
105,183
101,252
53,323
82,299
111,233
97,204
110,237
108,332
46,249
116,278
105,173
101,274
53,317
82,281
111,252
97,229
110,244
108,385
46,598
116,229
105,235
101,292
53,447
82,259
111,207
97,265
110,288
108,386
46,344
116,245
105,212
101,184
53,421
82,249
111,209
97,239
110,287
108,359
46,319
116,234
105,159
101,247
53,383
82,195
111,212
97,230
110,257
108,377
46,291
116,268
105,174
101,256
53,337
82,245
111,144
97,258
110,256
108,397
46,318
116,220
105,162
101,231
53,334
82,242
111,176
97,233
110,262
108,385
46,239
116,266
105,110
101,467
53,517
82,381
111,205
97,241
110,240
108,375
46,261
116,254
105,172
101,280
53,330
82,307
111,139
97,242
110,242
108,359
46,182
116,263
105,138
101,297
53,375
82,210
111,146
97,254
110,235
108,426
46,239
116,268
105,172
101,302
53,367
82,220
111,190
97,233
110,229
108,375
46,256
116,272
105,201
101,301
53,411
82,205
111,168
97,214
110,245
108,415
46,162
116,298
105,195
101,288
53,329
82,242
111,157
97,217
110,249
108,372
46,192
116,251
105,154
101,298
53,387
82,219
111,183
97,205
110,244
108,368
46,242
116,253
105,182
101,273
53,263
82,265
111,214
97,169
110,242
108,368
46,198
116,253
105,132
101,261
53,306
82,257
111,203
97,181
110,243
108,379
46,191
116,283
105,165
101,292
53,338
82,205
111,198
97,147
110,233
108,387
46,224
116,265
105,224
101,313
53,350
82,118
111,213
97,241
110,171
108,538
46,196
116,318
105,269
101,326
53,377
82,241
111,181
97,190
110,243
108,387
46,189
116,288
105,190
101,286
53,352
82,173
111,226
97,214
110,257
108,349
46,222
116,276
105,195
101,262
53,350
82,290
111,304
97,160
110,269
108,361
46,178
116,268
105,190
101,280
53,381
82,185
111,213
97,215
110,252
108,382
46,210
116,290
105,232
101,464
53,797
82,208
111,174
97,211
110,247
108,408
46,210
116,571
105,570
101,469
53,399
82,81
111,232
97,196
110,258
108,365
46,258
116,284
105,151
101,320
53,400
82,217
111,205
97,197
110,231
108,363
46,190
116,311
105,170
101,263
53,381
82,254
111,189
97,203
110,289
108,392
46,176
116,480
105,253
101,459
53,354
82,212
111,194
97,199
110,242
108,376
46,289
116,261
105,154
101,293
53,330
82,236
111,216
97,220
110,287
108,417
46,204
116,283
105,250
101,322
53,440
82,201
111,218
97,224
110,293
108,435
46,184
116,293
105,139
101,334
53,347
82,266
111,195
97,222
110,246
108,401
46,200
116,281
105,265
101,294
53,490
82,274
111,171
97,231
110,310
108,373
46,200
116,283
105,165
101,292
53,397
82,176
111,219
97,226
110,284
108,394
46,194
116,283
105,188
101,314
53,342
82,264
111,238
97,207
110,281
108,371
46,210
116,246
105,200
101,154
53,398
82,270
111,208
97,235
110,275
108,385
46,190
116,328
105,210
101,272
53,438
82,126
111,254
97,202
110,261
108,367
46,207
116,294
105,161
101,270
53,379
82,209
111,235
97,227
110,281
108,421
46,208
116,288
105,130
101,331
53,466
82,204
111,247
97,200
110,248
108,395
46,214
116,492
105,247
101,1061
53,256
82,183
111,190
97,237
110,262
108,359
46,190
116,712
105,827
101,267
53,335
82,224
111,199
97,203
110,238
108,382
46,209
116,282
105,155
101,325
53,423
82,238
111,215
97,200
110,220
108,414
46,243
116,318
105,415
101,759
53,361
82,192
111,183
97,232
110,270
108,400
46,279
116,287
105,197
101,295
53,396
82,246
111,216
97,193
110,234
108,878
46,234
116,290
105,159
101,288
53,317
82,227
111,205
97,210
110,456
108,423
46,249
116,281
105,135
101,297
53,320
82,280
111,209
97,207
110,277
108,320
46,158
116,313
105,164
101,297
53,388
82,159
111,236
97,220
110,279
108,352
46,211
116,251
105,160
101,301
53,344
82,305
111,183
97,203
110,272
108,421
46,200
116,303
105,132
101,320
53,458
82,271
111,248
97,221
110,299
108,367
46,236
116,282
105,175
101,279
53,349
82,233
111,246
97,184
110,247
108,398
46,200
116,333
105,225
101,303
53,470
82,258
111,201
97,186
110,245
108,417
46,183
116,288
105,150
101,293
53,382
82,217
111,215
97,217
110,233
108,367
46,211
116,265
105,152
101,303
53,369
82,247
111,241
97,198
110,270
108,402
46,221
116,261
105,216
101,153
53,360
82,221
111,236
97,238
110,325
108,517
