46,738
116,317
105,990
101,2209
53,1256
82,968
111,355
97,941
110,891
108,1099
46,1120
116,737
105,288
101,1428
53,1490
82,879
111,320
97,326
110,1264
108,1061
46,1393
116,429
105,265
101,1581
53,1503
82,1177
111,258
97,504
110,530
108,880
46,585
116,377
105,250
101,1524
53,1101
82,1000
111,630
97,624
110,629
108,1919
46,636
116,342
105,221
101,1734
53,986
82,1581
111,271
97,315
110,492
108,1221
46,515
116,552
105,249
101,1092
53,1264
82,923
111,303
97,527
110,1198
108,733
46,466
116,294
105,203
101,1202
53,980
82,963
111,482
97,302
110,4072
108,850
46,532
116,478
105,273
101,1238
53,1289
82,786
111,286
97,347
110,479
108,893
46,876
116,487
105,193
101,1340
53,670
82,1041
111,237
97,394
110,620
108,900
46,515
116,314
105,240
101,972
53,665
82,1101
111,288
97,354
110,481
108,803
46,592
116,363
105,1087
101,1004
53,894
82,1039
111,362
97,347
110,797
108,1059
46,468
116,321
105,205
101,1343
53,1098
82,568
111,316
97,282
110,473
108,1495
46,574
116,446
105,397
101,1075
53,1539
82,478
111,298
97,298
110,414
108,980
46,513
116,307
105,216
101,1190
53,900
82,444
111,213
97,243
110,363
108,637
46,835
116,364
105,304
101,1733
53,1225
82,855
111,298
97,280
110,954
108,1299
46,679
116,375
105,318
101,1595
53,1629
82,556
111,440
97,333
110,384
108,1059
46,551
116,317
105,222
101,1253
53,1059
82,479
111,257
97,248
110,386
108,719
46,453
116,348
105,216
101,1025
53,802
82,417
111,283
97,528
110,368
108,657
46,557
116,536
105,315
101,1125
53,685
82,539
111,228
97,328
110,337
108,688
46,530
116,334
105,302
101,1110
53,570
82,403
111,243
97,255
110,371
108,1108
46,525
116,321
105,248
101,1061
53,716
82,376
111,232
97,276
110,375
108,1108
46,724
116,332
105,268
101,1082
53,613
82,437
111,222
97,246
110,403
108,653
46,488
116,306
105,267
101,1093
53,555
82,993
111,887
97,407
110,702
108,2387
46,473
116,325
105,266
101,1049
53,534
82,391
111,232
97,504
110,532
108,1303
46,496
116,315
105,227
101,1070
53,638
82,1118
111,290
97,422
110,540
108,1116
46,479
116,316
105,249
101,1118
53,750
82,1000
111,301
97,330
110,607
108,993
46,436
116,317
105,346
101,1148
53,1847
82,421
111,226
97,256
110,477
108,551
46,456
116,300
105,227
101,1136
53,526
82,427
111,243
97,483
110,1484
108,915
46,650
116,324
105,261
101,1082
53,864
82,1062
111,317
97,350
110,474
108,961
46,586
116,329
105,273
101,1120
53,987
82,929
111,239
97,374
110,474
108,425
46,611
116,377
105,241
101,968
53,597
82,382
111,246
97,351
110,545
108,989
46,455
116,1372
105,453
101,1163
53,796
82,418
111,271
97,316
110,1254
108,784
46,537
116,351
105,327
101,1120
53,1378
82,458
111,279
97,298
110,413
108,979
46,482
116,306
105,254
101,1234
53,595
82,373
111,227
97,229
110,380
108,753
46,494
116,365
105,174
101,1207
53,608
82,476
111,226
97,320
110,2292
108,1557
46,1232
116,349
105,330
101,1289
53,1630
82,434
111,250
97,223
110,447
108,1149
46,562
116,335
105,222
101,2058
53,1272
82,418
111,229
97,341
110,461
108,903
46,582
116,586
105,264
101,970
53,1497
82,447
111,252
97,213
110,1036
108,1921
46,981
116,603
105,588
101,1193
53,576
82,425
111,238
97,247
110,460
108,942
46,651
116,439
105,225
101,1103
53,689
82,459
111,263
97,197
110,404
108,898
46,489
116,326
105,239
101,1340
53,641
82,402
111,229
97,311
110,447
108,878
46,527
116,338
105,255
101,1198
53,823
82,969
111,480
97,292
110,431
108,763
46,483
116,338
105,257
101,1273
53,592
82,406
111,217
97,228
110,428
108,714
46,509
116,311
105,232
101,1078
53,672
82,399
111,226
97,286
110,423
108,1037
46,530
116,316
105,223
101,1204
53,1103
82,996
111,395
97,368
110,645
108,901
46,892
116,384
105,256
101,1333
53,918
82,455
111,264
97,296
110,389
108,1064
46,487
116,535
105,315
101,3195
53,1688
82,422
111,238
97,277
110,411
108,782
46,471
116,343
105,250
101,1292
53,688
82,472
111,456
97,363
110,487
108,1020
46,475
116,1307
105,327
101,951
53,1656
82,489
111,364
97,258
110,575
108,951
46,545
116,531
105,317
101,1236
53,627
82,431
111,322
97,260
110,447
108,666
46,668
116,386
105,682
101,1529
53,1613
82,1874
111,447
97,334
110,356
108,782
46,574
116,351
105,336
101,1573
53,778
82,466
111,672
97,267
110,332
108,639
46,1509
116,622
105,352
101,1534
53,1995
82,494
111,255
97,191
110,481
108,1588
46,1039
116,735
105,257
101,1730
53,616
82,570
111,533
97,504
110,664
108,1530
46,503
116,351
105,304
101,1385
53,716
82,421
111,334
97,423
110,454
108,1229
46,473
116,338
105,290
101,1369
53,617
82,517
111,473
97,349
110,373
108,870
46,606
116,382
105,327
101,1571
53,1327
82,697
111,675
97,285
110,434
108,1569
46,585
116,338
105,302
101,1540
53,710
82,478
111,533
97,271
110,527
108,1024
46,542
116,360
105,336
101,1189
53,600
82,451
111,421
97,279
110,555
108,1045
46,465
116,341
105,292
101,1511
53,742
82,470
111,551
97,293
110,556
108,882
46,539
116,347
105,316
101,1163
53,938
82,461
111,592
97,327
110,1398
108,809
46,485
116,352
105,285
101,1173
53,1783
82,496
111,478
97,296
110,618
108,655
46,519
116,357
105,300
101,1312
53,1623
82,506
111,616
97,282
110,509
108,963
46,576
116,603
105,665
101,1044
53,664
82,449
111,507
97,306
110,556
108,492
46,517
116,358
105,297
101,1630
53,889
82,977
111,1041
97,323
110,548
108,490
46,580
116,388
105,244
101,716
53,849
82,493
111,501
97,391
110,521
108,815
46,540
116,346
105,279
101,2494
53,633
82,483
111,483
97,220
110,378
108,751
46,595
116,372
105,282
101,525
53,693
82,490
111,476
97,341
110,562
108,1048
46,463
116,546
105,350
101,1284
53,735
82,526
111,538
97,308
110,517
108,921
46,517
116,366
105,317
101,1101
53,718
82,480
111,641
97,317
110,491
108,633
46,452
116,345
105,222
101,1602
53,2653
82,496
111,456
97,318
110,457
108,594
46,588
116,669
105,405
101,768
53,711
82,468
111,496
97,269
110,469
108,984
46,523
116,371
105,338
101,567
53,767
82,486
111,514
97,278
110,417
108,2500
46,607
116,378
105,367
101,1186
53,696
82,446
111,500
97,240
110,362
108,667
46,536
116,372
105,310
101,977
53,743
82,428
111,360
97,241
110,706
108,682
46,736
116,400
105,991
101,1319
53,697
82,529
111,577
97,310
110,415
108,506
46,662
116,347
105,292
101,935
53,793
82,455
111,501
97,320
110,461
108,547
46,563
116,342
105,286
101,791
53,667
82,545
111,606
97,271
110,509
108,777
46,580
116,352
105,298
101,1264
53,682
82,476
111,616
97,285
110,378
108,667
46,661
116,361
105,278
101,830
53,664
82,450
111,407
97,295
110,453
108,575
46,607
116,366
105,315
101,1188
53,673
82,500
111,552
97,353
110,425
108,845
46,620
116,344
105,343
101,1488
53,854
82,468
111,422
97,271
110,411
108,365
46,1003
116,376
105,236
101,591
53,707
82,451
111,489
97,277
110,366
108,630
46,758
116,381
105,322
101,1586
53,709
82,467
111,410
97,273
110,384
108,344
46,525
116,327
105,225
101,1166
53,830
82,1734
111,944
97,276
110,399
108,1668
46,561
116,350
105,328
101,764
53,691
82,424
111,378
97,310
110,432
108,437
46,636
116,382
105,235
101,1041
53,662
82,448
111,520
97,295
110,493
108,761
46,669
116,346
105,263
101,1374
53,1526
82,473
111,386
97,299
110,375
108,385
46,751
116,390
105,331
101,1183
53,755
82,434
111,422
97,255
110,392
108,517
46,592
116,360
105,269
101,623
53,608
82,457
111,447
97,291
110,363
108,639
46,474
116,342
105,266
101,495
53,558
82,461
111,452
97,286
110,3367
108,898
46,538
116,320
105,328
101,1113
53,1978
82,516
111,489
97,351
110,388
108,683
46,519
116,340
105,321
101,1154
53,1240
82,909
111,427
97,293
110,394
108,433
46,514
116,352
105,312
101,1227
53,1012
82,899
111,387
97,357
110,434
108,732
46,538
116,367
105,277
101,737
53,1014
82,531
111,476
97,345
110,387
108,699
46,579
116,349
105,271
101,698
53,818
82,549
111,321
97,375
110,469
108,593
46,595
116,330
105,320
101,2098
53,1103
82,493
111,396
97,327
110,343
108,412
46,669
116,353
105,310
101,575
53,684
82,448
111,473
97,375
110,497
108,1040
46,569
116,493
105,271
101,473
53,628
82,431
111,377
97,319
110,349
108,598
46,550
116,345
105,312
101,574
53,643
82,454
111,846
97,895
110,1136
108,1014
46,811
116,415
105,438
101,1427
53,1636
82,583
111,415
97,370
110,422
108,950
46,665
116,365
105,360
101,1380
53,771
82,514
111,575
97,302
110,390
108,637
46,635
116,371
105,346
101,1551
53,1556
82,537
111,542
97,338
110,423
108,660
46,571
116,378
105,314
101,1353
53,944
82,559
111,576
97,304
110,428
108,887
46,556
116,1826
105,361
101,1274
53,668
82,530
111,597
97,313
110,452
108,773
46,596
116,355
105,370
101,1421
53,662
82,542
111,571
97,298
110,400
108,564
46,524
116,360
105,331
101,603
53,1179
82,1029
111,381
97,305
110,468
108,1057
46,623
116,353
105,358
101,1186
53,787
82,501
111,557
97,515
110,622
108,809
46,528
116,365
105,349
101,1104
53,698
82,671
111,638
97,384
110,538
108,1422
46,635
116,358
105,319
101,1182
53,594
82,552
111,453
97,383
110,366
108,1000
46,605
116,371
105,309
101,959
53,883
82,503
111,564
97,692
110,380
108,580
46,996
116,370
105,274
101,527
53,639
82,541
111,538
97,286
110,384
108,698
46,523
116,369
105,283
101,1124
53,579
82,557
111,327
97,295
110,549
108,564
46,497
116,359
105,302
101,960
53,1020
82,604
111,335
97,319
110,483
108,526
46,521
116,364
105,314
101,1018
53,1193
82,544
111,383
97,258
110,446
108,653
46,1047
116,398
105,500
101,1858
53,612
82,461
111,268
97,319
110,375
108,440
46,465
116,351
105,291
101,566
53,687
82,441
111,323
97,297
110,391
108,429
46,475
116,339
105,282
101,1365
53,1054
82,872
111,342
97,235
110,353
108,349
46,488
116,538
105,285
101,1032
53,745
82,458
111,312
97,315
110,511
108,494
46,517
116,344
105,254
101,913
53,615
82,477
111,406
97,275
110,413
108,446
46,498
116,337
105,283
101,672
53,1008
82,1058
111,364
97,355
110,430
108,785
46,546
116,381
105,321
101,506
53,652
82,453
111,367
97,303
110,422
108,1042
46,498
116,597
105,402
101,417
53,670
82,444
111,371
97,262
110,370
108,607
46,502
116,362
105,332
101,968
53,615
82,457
111,323
97,327
110,446
108,476
46,545
116,381
105,294
101,418
53,595
82,451
111,207
97,261
110,406
108,468
46,472
116,367
105,248
101,562
53,634
82,466
111,280
97,295
110,392
108,410
46,520
116,369
105,274
101,396
53,671
82,446
111,245
97,245
110,340
108,381
46,502
116,355
105,339
101,709
53,655
82,433
111,291
97,366
110,471
108,474
46,783
116,395
105,320
101,511
53,587
82,429
111,261
97,305
110,348
108,368
46,491
116,370
105,296
101,643
53,1029
82,1128
111,308
97,325
110,353
108,434
46,561
116,632
105,511
101,808
53,1020
82,564
111,384
97,286
110,327
108,967
46,510
116,362
105,327
101,508
53,957
82,470
111,251
97,262
110,335
108,350
46,644
116,358
105,334
101,1264
53,800
82,468
111,227
97,273
110,322
108,955
46,572
116,349
105,356
101,575
53,687
82,471
111,255
97,320
110,338
108,381
46,532
116,357
105,270
101,574
53,722
82,416
111,258
97,298
110,318
108,365
46,534
116,354
105,296
101,730
53,1039
82,633
111,386
97,393
110,396
108,372
46,676
116,379
105,303
101,407
53,633
82,482
111,268
97,252
110,333
108,669
46,667
116,371
105,344
101,681
53,593
82,440
111,259
97,297
110,388
108,425
46,469
116,358
105,372
101,1351
53,602
82,469
111,255
97,237
110,321
108,389
46,484
116,364
105,308
101,1075
53,665
82,442
111,239
97,254
110,345
108,396
46,517
116,356
105,405
101,924
53,615
82,435
111,274
97,268
110,403
108,556
46,580
116,362
105,393
101,624
53,574
82,412
111,247
97,254
110,323
108,347
46,483
116,528
105,397
101,663
53,661
82,444
111,238
97,281
110,304
108,384
46,475
116,357
105,297
101,370
53,711
82,446
111,216
97,233
110,313
108,389
46,487
116,373
105,322
101,623
53,599
82,415
111,278
97,278
110,379
108,353
46,691
116,434
105,376
101,433
53,677
82,413
111,255
97,329
110,1506
108,724
46,793
116,380
105,317
101,1242
53,647
82,468
111,235
97,252
110,321
108,470
46,559
116,552
105,415
101,954
53,715
82,456
111,240
97,270
110,344
108,365
46,495
116,405
105,482
101,365
53,1226
82,1029
111,355
97,365
110,343
108,372
46,528
116,402
105,315
101,379
53,657
82,431
111,275
97,295
110,327
108,480
46,869
116,581
105,570
101,1500
53,828
82,648
111,548
97,323
110,369
108,857
46,697
116,378
105,368
101,1602
53,732
82,786
111,581
97,278
110,374
108,1418
46,543
116,468
105,322
101,2364
53,1634
82,449
111,431
97,384
110,413
108,771
46,739
116,367
105,331
101,1291
53,695
82,506
111,444
97,265
110,377
108,812
46,605
116,396
105,266
101,1224
53,636
82,478
111,427
97,306
110,392
108,634
46,649
116,370
105,307
101,1101
53,650
82,541
111,616
97,286
110,420
108,684
46,537
116,678
105,342
101,840
53,631
82,433
111,454
97,282
110,396
108,577
46,1054
116,398
105,346
101,736
53,609
82,480
111,329
97,346
110,371
108,536
46,559
116,462
105,358
101,611
53,1153
82,462
111,499
97,273
110,555
108,748
46,570
116,397
105,372
101,1279
53,1026
82,510
111,511
97,311
110,441
108,753
46,596
116,388
105,333
101,565
53,1101
82,439
111,271
97,346
110,405
108,868
46,531
116,1021
105,383
101,3911
53,1800
82,526
111,486
97,381
110,476
108,1829
46,509
116,383
105,320
101,523
53,624
82,453
111,318
97,312
110,374
108,481
46,551
116,378
105,302
101,432
53,678
82,486
111,489
97,294
110,382
108,658
46,536
116,552
105,341
101,909
53,594
82,434
111,385
97,272
110,366
108,542
46,552
116,375
105,331
101,1363
53,797
82,488
111,515
97,279
110,366
108,585
46,587
116,367
105,324
101,1248
53,1669
82,499
111,455
97,303
110,350
108,519
46,600
116,385
105,378
101,496
53,644
82,648
111,583
97,386
110,541
108,1271
46,589
116,405
105,311
101,502
53,633
82,454
111,444
97,232
110,394
108,558
46,577
116,542
105,268
101,454
53,636
82,473
111,410
97,288
110,388
108,831
46,496
116,396
105,313
101,863
53,1067
82,480
111,393
97,257
110,343
108,563
46,525
116,368
105,277
101,494
53,624
82,479
111,479
97,242
110,371
108,1138
46,988
116,439
105,366
101,650
53,675
82,486
111,463
97,341
110,362
108,653
46,527
116,368
105,324
101,1199
53,674
82,460
111,403
97,339
110,345
108,781
46,565
116,372
105,379
101,1125
53,1468
82,483
111,480
97,285
110,368
108,985
46,520
116,344
105,336
101,1211
53,650
82,511
111,489
97,321
110,357
108,813
46,533
116,362
105,340
101,422
53,635
82,442
111,284
97,289
110,355
108,464
46,508
116,421
105,251
101,506
53,660
82,464
111,299
97,309
110,343
108,728
46,615
116,603
105,293
101,377
53,727
82,466
111,403
97,324
110,358
108,520
46,538
116,594
105,343
101,593
53,680
82,456
111,412
97,281
110,359
108,760
46,982
116,473
105,332
101,556
53,633
82,440
111,343
97,330
110,412
108,459
46,534
116,350
105,354
101,1407
53,640
82,470
111,452
97,285
110,369
108,777
46,582
116,383
105,310
101,390
53,823
82,466
111,442
97,303
110,373
108,1046
46,538
116,370
105,360
101,605
53,670
82,477
111,361
97,301
110,381
108,502
46,488
116,583
105,382
101,437
53,661
82,421
111,315
97,190
110,373
108,632
46,573
116,2003
105,442
101,884
53,601
82,420
111,267
97,272
110,361
108,989
46,544
116,386
105,296
101,989
53,658
82,471
111,356
97,296
110,368
108,741
46,599
116,360
105,383
101,1121
53,597
82,472
111,350
97,244
110,353
108,471
46,528
116,385
105,389
101,945
53,1040
82,587
111,363
97,324
110,363
108,389
46,495
116,374
105,342
101,391
53,734
82,424
111,350
97,290
110,393
108,434
46,530
116,376
105,311
101,357
53,659
82,497
111,311
97,348
110,394
108,959
46,863
116,503
105,363
101,408
53,634
82,451
111,305
97,281
110,358
108,603
46,513
116,357
105,341
101,439
53,679
82,458
111,387
97,325
110,367
108,474
46,526
116,371
105,298
101,550
53,1157
82,454
111,445
97,298
110,342
108,788
46,582
116,366
105,436
101,521
53,644
82,429
111,281
97,332
110,344
108,505
46,629
116,362
105,331
101,395
53,638
82,421
111,331
97,290
110,356
108,1027
46,546
116,415
105,463
101,831
53,622
82,453
111,428
97,335
110,382
108,948
46,518
116,379
105,346
101,396
53,689
82,463
111,620
97,297
110,386
108,864
46,481
116,432
105,337
101,397
53,677
82,463
111,374
97,305
110,413
108,876
46,530
116,370
105,354
101,336
53,642
82,484
111,472
97,319
110,369
108,640
46,723
116,482
105,373
101,574
53,2191
82,569
111,620
97,303
110,566
108,1063
46,542
116,419
105,396
101,451
53,849
82,977
111,852
97,481
110,611
108,468
46,531
116,543
105,343
101,937
53,1030
82,497
111,309
97,296
110,385
108,586
46,519
116,429
105,308
101,582
53,620
82,450
111,341
97,385
110,560
108,855
46,1924
116,474
105,322
101,832
53,1035
82,535
111,494
97,251
110,379
108,435
46,586
116,2339
105,619
101,1281
53,1130
82,993
111,394
97,312
110,407
108,403
46,508
116,422
105,343
101,728
53,892
82,461
111,318
97,295
110,397
108,395
46,495
116,396
105,254
101,487
53,1202
82,513
111,458
97,236
110,404
108,503
46,494
116,448
105,314
101,477
53,688
82,518
111,2898
97,681
110,481
108,838
46,568
116,409
105,345
101,491
53,2786
82,780
111,527
97,346
110,457
108,496
46,786
116,603
105,310
101,412
53,699
82,567
111,603
97,325
110,441
108,523
46,650
116,1596
105,1027
101,968
53,725
82,690
111,542
97,554
110,444
108,555
46,646
116,420
105,318
101,534
53,665
82,480
111,429
97,266
110,422
108,454
46,596
116,439
105,357
101,428
53,647
82,488
111,488
97,341
110,471
108,790
46,520
116,399
105,344
101,501
53,974
82,648
111,501
97,293
110,384
108,825
46,544
116,378
105,315
101,584
53,1138
82,473
111,424
97,276
110,372
108,850
46,562
116,409
105,395
101,505
53,774
82,445
111,324
97,355
110,400
108,530
46,572
116,434
105,311
101,504
53,641
82,474
111,452
97,291
110,378
108,1061
46,863
116,417
105,371
101,483
53,652
82,500
111,503
97,304
110,380
108,709
46,590
116,393
105,364
101,431
53,720
82,536
111,518
97,314
110,408
108,785
46,518
116,575
105,288
101,529
53,568
82,466
111,427
97,308
110,401
108,477
46,541
116,1500
105,720
101,672
53,651
82,483
111,506
97,344
110,441
108,515
46,581
116,450
105,386
101,835
53,638
82,427
111,390
97,284
110,370
108,397
46,500
116,404
105,304
101,456
53,623
82,487
111,484
97,329
110,362
108,785
46,624
116,428
105,297
101,360
53,1017
82,457
111,365
97,284
110,429
108,433
46,577
116,412
105,368
101,420
53,672
82,447
111,364
97,293
110,470
108,563
46,499
116,415
105,314
101,467
53,669
82,696
111,428
97,259
110,396
108,454
46,547
116,391
105,322
101,372
53,589
82,436
111,428
97,255
110,371
108,391
46,533
116,398
105,327
101,703
53,615
82,486
111,416
97,316
110,404
108,791
46,526
116,388
105,358
101,1126
53,599
82,495
111,542
97,303
110,386
108,498
46,502
116,415
105,299
101,379
53,645
82,467
111,349
97,277
110,357
108,386
46,510
116,441
105,334
101,427
53,1234
82,447
111,378
97,311
110,358
108,582
46,584
116,402
105,398
101,484
53,643
82,476
111,488
97,329
110,389
108,520
46,544
116,538
105,357
101,420
53,1273
82,537
111,539
97,391
110,515
108,900
46,525
116,387
105,345
101,1240
53,850
82,995
111,396
97,336
110,445
108,433
46,508
116,443
105,345
101,513
53,674
82,473
111,417
97,374
110,416
108,979
46,518
116,418
105,361
101,931
53,1034
82,492
111,377
97,426
110,362
108,795
46,747
116,397
105,339
101,529
53,984
82,514
111,463
97,344
110,372
108,543
46,558
116,393
105,341
101,498
53,635
82,441
111,327
97,295
110,413
108,391
46,527
116,384
105,319
101,468
53,1016
82,459
111,317
97,291
110,385
108,386
46,699
116,405
105,264
101,381
53,760
82,487
111,430
97,345
110,1049
108,700
46,499
116,389
105,287
101,381
53,1089
82,479
111,354
97,307
110,385
108,2241
46,648
116,405
105,377
101,466
53,621
82,469
111,397
97,322
110,389
108,829
46,811
116,450
105,335
101,366
53,578
82,461
111,397
97,337
110,387
108,507
46,558
116,389
105,360
101,388
53,602
82,458
111,493
97,363
110,385
108,608
46,514
116,383
105,339
101,365
53,591
82,479
111,420
97,278
110,353
108,491
46,516
116,606
105,349
101,374
53,637
82,560
111,314
97,244
110,385
108,473
46,544
116,498
105,344
101,380
53,596
82,489
111,345
97,318
110,410
108,897
46,538
116,396
105,353
101,450
53,724
82,480
111,490
97,388
110,416
108,809
46,532
116,419
105,334
101,387
53,766
82,514
111,443
97,335
110,381
108,621
46,741
116,527
105,608
101,1486
53,1665
82,550
111,463
97,386
110,448
108,700
46,713
116,398
105,414
101,687
53,793
82,879
111,541
97,374
110,373
108,571
46,854
116,364
105,417
101,565
53,655
82,469
111,402
97,261
110,355
108,581
46,805
116,434
105,373
101,535
53,674
82,522
111,485
97,254
110,441
108,1030
46,645
116,409
105,330
101,672
53,1239
82,573
111,427
97,271
110,370
108,444
46,582
116,356
105,340
101,505
53,753
82,467
111,487
97,229
110,359
108,619
46,571
116,332
105,309
101,425
53,828
82,454
111,425
97,305
110,377
108,421
46,539
116,381
105,355
101,527
53,666
82,529
111,514
97,240
110,386
108,1044
46,843
116,407
105,361
101,398
53,699
82,405
111,584
97,309
110,579
108,532
46,516
116,370
105,304
101,521
53,1200
82,440
111,409
97,199
110,462
108,447
46,534
116,406
105,345
101,530
53,733
82,443
111,380
97,295
110,479
108,472
46,501
116,366
105,346
101,490
53,768
82,467
111,543
97,350
110,439
108,734
46,471
116,373
105,295
101,397
53,1150
82,447
111,493
97,274
110,396
108,486
46,621
116,410
105,306
101,469
53,1191
82,501
111,463
97,321
110,362
108,962
46,672
116,367
105,319
101,1232
53,624
82,443
111,405
97,248
110,394
108,412
46,483
116,361
105,253
101,474
53,659
82,442
111,439
97,293
110,489
108,485
46,468
116,479
105,270
101,367
53,597
82,415
111,397
97,325
110,326
108,458
46,523
116,393
105,352
101,413
53,639
82,449
111,407
97,250
110,372
108,479
46,550
116,369
105,349
101,463
53,912
82,436
111,434
97,324
110,364
108,986
46,486
116,372
105,345
101,367
53,652
82,452
111,545
97,283
110,346
108,509
46,498
116,335
105,407
101,533
53,653
82,444
111,452
97,292
110,362
108,447
46,554
116,351
105,308
101,512
53,655
82,449
111,456
97,267
110,370
108,468
46,458
116,352
105,256
101,554
53,1019
82,592
111,272
97,272
110,324
108,2019
46,445
116,356
105,280
101,430
53,579
82,386
111,325
97,254
110,331
108,394
46,613
116,356
105,306
101,429
53,608
82,402
111,428
97,292
110,337
108,495
46,526
116,363
105,273
101,341
53,548
82,402
111,398
97,248
110,361
108,384
46,558
116,361
105,335
101,394
53,1160
82,465
111,404
97,304
110,345
108,331
46,476
116,357
105,239
101,381
53,1110
82,410
111,299
97,279
110,353
108,357
46,441
116,347
105,331
101,438
53,585
82,419
111,272
97,263
110,339
108,336
46,459
116,1824
105,535
101,403
53,603
82,401
111,356
97,267
110,345
108,518
46,498
116,372
105,306
101,385
53,1099
82,409
111,283
97,246
110,344
108,359
46,524
116,360
105,363
101,398
53,621
82,389
111,290
97,282
110,342
108,374
46,490
116,358
105,277
101,336
53,2638
82,629
111,447
97,255
110,365
108,968
46,505
116,370
105,310
101,365
53,626
82,414
111,322
97,311
110,355
108,354
46,460
116,360
105,332
101,453
53,1026
82,637
111,301
97,207
110,348
108,353
46,509
116,354
105,407
101,374
53,1300
82,454
111,385
97,246
110,346
108,358
46,450
116,369
105,298
101,472
53,605
82,410
111,325
97,241
110,342
108,366
46,775
116,368
105,311
101,442
53,630
82,397
111,352
97,222
110,403
108,389
46,499
116,369
105,359
101,443
53,618
82,390
111,316
97,239
110,341
108,393
46,464
116,400
105,426
101,363
53,1107
82,458
111,316
97,243
110,336
108,394
46,476
116,370
105,403
101,798
53,1303
82,830
111,320
97,319
110,650
108,550
46,502
116,362
105,416
101,674
53,654
82,411
111,343
97,322
110,366
108,393
46,444
116,354
105,375
101,910
53,858
82,432
111,321
97,342
110,346
108,466
46,516
116,357
105,419
101,617
53,568
82,600
111,576
97,313
110,337
108,489
46,590
116,464
105,329
101,335
53,490
82,394
111,374
97,297
110,358
108,368
46,458
116,348
105,367
101,399
53,781
82,460
111,337
97,382
110,382
108,390
46,463
116,333
105,338
101,467
53,1068
82,417
111,434
97,284
110,343
108,352
46,475
116,567
105,417
101,378
53,660
82,371
111,319
97,252
110,347
108,357
46,669
116,364
105,319
101,300
53,502
82,371
111,296
97,279
110,345
108,402
46,652
116,390
105,314
101,402
53,554
82,420
111,394
97,285
110,346
108,379
46,519
116,416
105,283
101,1517
53,1098
82,449
111,368
97,223
110,340
108,494
46,488
116,345
105,275
101,479
53,753
82,388
111,260
97,243
110,318
108,509
46,506
116,406
105,271
101,388
53,594
82,381
111,259
97,203
110,311
108,353
46,496
116,341
105,292
101,417
53,546
82,367
111,267
97,244
110,344
108,388
46,458
116,376
105,263
101,507
53,610
82,393
111,240
97,230
110,343
108,382
46,479
116,394
105,387
101,387
53,606
82,401
111,263
97,203
110,415
108,390
46,450
116,396
105,337
101,799
53,1403
82,425
111,323
97,301
110,394
108,492
46,441
116,444
105,289
101,456
53,498
82,390
111,222
97,222
110,325
108,398
46,457
116,382
105,297
101,365
53,492
82,368
111,244
97,249
110,358
108,832
46,474
116,622
105,257
101,345
53,492
82,392
111,238
97,221
110,343
108,360
46,474
116,381
105,360
101,337
53,617
82,397
111,269
97,207
110,339
108,388
46,463
116,403
105,273
101,386
53,441
82,401
111,242
97,241
110,339
108,375
46,494
116,428
105,385
101,371
53,570
82,410
111,246
97,208
110,314
108,354
46,483
116,430
105,251
101,359
53,537
82,367
111,245
97,215
110,322
108,396
46,428
116,505
105,266
101,486
53,541
82,366
111,242
97,229
110,329
108,359
46,441
116,357
105,308
101,295
53,516
82,381
111,267
97,240
110,329
108,352
46,435
116,401
105,284
101,525
53,528
82,1101
111,466
97,295
110,364
108,369
46,462
116,441
105,315
101,330
53,497
82,385
111,243
97,275
110,363
108,390
46,451
116,367
105,269
101,435
53,465
82,416
111,227
97,245
110,319
108,382
46,668
116,427
105,314
101,338
53,474
82,386
111,260
97,209
110,326
108,385
46,513
116,378
105,317
101,402
53,509
82,409
111,267
97,239
110,325
108,348
46,497
116,391
105,303
101,501
53,484
82,390
111,267
97,267
110,343
108,364
46,468
116,422
105,391
101,398
53,441
82,376
111,246
97,264
110,357
108,359
46,475
116,414
105,301
101,355
53,459
82,394
111,264
97,252
110,334
108,330
46,454
116,366
105,301
101,378
53,479
82,401
111,266
97,312
110,381
108,358
46,589
116,397
105,309
101,338
53,476
82,391
111,284
97,215
110,321
108,333
46,474
116,375
105,288
101,415
53,463
82,418
111,267
97,261
110,343
108,355
46,511
116,544
105,388
101,379
53,531
82,394
111,247
97,245
110,489
108,375
46,489
116,378
105,299
101,400
53,704
82,384
111,226
97,297
110,369
108,374
46,448
116,426
105,359
101,291
53,494
82,424
111,263
97,270
110,343
108,336
46,480
116,399
105,268
101,413
53,527
82,388
111,236
97,235
110,317
108,335
46,798
116,445
105,324
101,346
53,458
82,396
111,253
97,220
110,336
108,353
46,475
116,398
105,285
101,517
53,466
82,400
111,271
97,246
110,313
108,363
46,439
116,353
105,236
101,422
53,480
82,391
111,271
97,239
110,345
108,352
46,463
116,382
105,277
101,425
53,478
82,364
111,344
97,245
110,346
108,351
46,442
116,338
105,203
101,378
53,477
82,371
111,264
97,282
110,343
108,334
46,451
116,354
105,236
101,401
53,449
82,386
111,302
97,227
110,348
108,335
46,475
116,382
105,270
101,391
53,478
82,416
111,307
97,250
110,333
108,494
46,454
116,346
105,262
101,422
53,471
82,416
111,259
97,312
110,436
108,344
46,576
116,412
105,295
101,371
53,432
82,360
111,237
97,262
110,329
108,326
46,461
116,366
105,245
101,478
53,1452
82,672
111,253
97,293
110,350
108,358
46,489
116,367
105,310
101,501
53,434
82,369
111,256
97,281
110,317
108,400
46,436
116,371
105,260
101,347
53,495
82,384
111,291
97,274
110,329
108,347
46,466
116,406
105,344
101,335
53,432
82,380
111,259
97,233
110,327
108,353
46,466
116,381
105,256
101,342
53,410
82,407
111,275
97,271
110,325
108,341
46,435
116,454
105,323
101,361
53,455
82,403
111,286
97,314
110,363
108,362
46,424
116,342
105,271
101,352
53,443
82,396
111,255
97,265
110,327
108,363
46,675
116,383
105,320
101,588
53,520
82,381
111,216
97,237
110,318
108,347
46,550
116,413
105,260
101,391
53,590
82,370
111,248
97,254
110,340
108,981
46,446
116,360
105,248
101,371
53,403
82,378
111,243
97,235
110,336
108,755
46,673
116,378
105,511
101,1551
53,1505
82,585
111,559
97,313
110,351
108,537
46,1170
116,363
105,337
101,458
53,642
82,475
111,426
97,246
110,355
108,366
46,495
116,496
105,322
101,387
53,596
82,409
111,373
97,282
110,321
108,385
46,534
116,531
105,291
101,393
53,535
82,413
111,357
97,264
110,333
108,420
46,500
116,350
105,306
101,465
53,613
82,414
111,328
97,310
110,354
108,357
46,486
116,333
105,304
101,390
53,622
82,414
111,282
97,274
110,326
108,329
46,472
116,337
105,327
101,322
53,550
82,414
111,305
97,180
110,366
108,339
46,493
116,365
105,316
101,408
53,570
82,394
111,274
97,298
110,336
108,327
46,606
116,379
105,316
101,431
53,778
82,421
111,357
97,330
110,337
108,338
46,455
116,551
105,424
101,388
53,791
82,389
111,258
97,309
110,387
108,359
46,462
116,450
105,373
101,346
53,625
82,612
111,414
97,482
110,391
108,355
46,433
116,421
105,301
101,363
53,1162
82,464
111,298
97,308
110,352
108,373
46,539
116,404
105,324
101,353
53,622
82,457
111,448
97,288
110,353
108,436
46,451
116,367
105,317
101,364
53,635
82,402
111,274
97,275
110,326
108,344
46,493
116,380
105,345
101,375
53,674
82,474
111,418
97,314
110,391
108,370
46,521
116,406
105,321
101,433
53,628
82,418
111,292
97,368
110,355
108,385
46,531
116,471
105,362
101,457
53,567
82,433
111,352
97,334
110,345
108,360
46,445
116,458
105,307
101,395
53,604
82,439
111,258
97,275
110,316
108,337
46,813
116,427
105,282
101,361
53,579
82,471
111,333
97,238
110,328
108,351
46,457
116,390
105,297
101,319
53,604
82,425
111,393
97,289
110,356
108,380
46,465
116,366
105,258
101,451
53,638
82,465
111,241
97,301
110,343
108,342
46,457
116,385
105,336
101,389
53,536
82,392
111,260
97,285
110,327
108,354
46,470
116,345
105,269
101,658
53,854
82,473
111,341
97,348
110,359
108,354
46,787
116,393
105,311
101,417
53,619
82,410
111,239
97,232
110,315
108,327
46,526
116,485
105,365
101,685
53,1442
82,397
111,210
97,217
110,320
108,380
46,408
116,356
105,263
101,327
53,450
82,380
111,235
97,246
110,312
108,347
46,411
116,359
105,250
101,292
53,541
82,422
111,258
97,307
110,332
108,361
46,554
116,402
105,297
101,399
53,540
82,384
111,239
97,236
110,364
108,370
46,603
116,410
105,317
101,336
53,1120
82,478
111,243
97,278
110,330
108,367
46,445
116,373
105,317
101,373
53,533
82,397
111,265
97,280
110,352
108,357
46,452
116,348
105,289
101,355
53,520
82,465
111,287
97,174
110,332
108,346
46,430
116,381
105,256
101,381
53,509
82,398
111,245
97,296
110,328
108,353
46,454
116,365
105,381
101,463
53,528
82,406
111,317
97,280
110,344
108,864
46,455
116,427
105,306
101,403
53,539
82,386
111,279
97,272
110,347
108,420
46,434
116,398
105,310
101,322
53,491
82,427
111,253
97,308
110,420
108,522
46,435
116,543
105,313
101,321
53,515
82,434
111,256
97,269
110,321
108,361
46,459
116,362
105,316
101,382
53,600
82,386
111,273
97,215
110,304
108,346
46,438
116,375
105,274
101,365
53,497
82,405
111,302
97,230
110,322
108,360
46,581
116,400
105,341
101,345
53,489
82,405
111,256
97,253
110,312
108,367
46,452
116,413
105,314
101,304
53,558
82,418
111,255
97,270
110,302
108,356
46,490
116,378
105,299
101,460
53,565
82,394
111,244
97,292
110,321
108,344
46,432
116,341
105,249
101,373
53,454
82,384
111,241
97,268
110,308
108,344
46,605
116,344
105,281
101,410
53,545
82,392
111,260
97,243
110,307
108,354
46,489
116,435
105,1610
101,1182
53,574
82,399
111,226
97,258
110,298
108,379
46,557
116,365
105,222
101,325
53,476
82,376
111,244
97,274
110,325
108,360
46,446
116,380
105,320
101,392
53,515
82,417
111,279
97,272
110,307
108,356
46,973
116,485
105,343
101,381
53,543
82,424
111,291
97,237
110,307
108,387
46,464
116,342
105,258
101,379
53,549
82,430
111,315
97,242
110,327
108,367
46,476
116,401
105,294
101,353
53,549
82,494
111,295
97,225
110,324
108,394
46,610
116,402
105,332
101,365
53,577
82,400
111,293
97,258
110,326
108,346
