46,404
116,212
105,207
101,914
53,990
82,394
111,233
97,220
110,289
108,588
46,957
116,445
105,445
101,1166
53,725
82,444
111,204
97,217
110,578
108,528
46,459
116,263
105,161
101,1648
53,884
82,517
111,215
97,242
110,645
108,403
46,371
116,228
105,187
101,969
53,647
82,469
111,485
97,434
110,391
108,495
46,354
116,219
105,141
101,746
53,541
82,369
111,189
97,418
110,352
108,341
46,283
116,232
105,156
101,1009
53,631
82,382
111,144
97,215
110,294
108,623
46,394
116,231
105,130
101,731
53,717
82,338
111,163
97,222
110,304
108,387
46,336
116,248
105,154
101,1025
53,785
82,348
111,199
97,205
110,483
108,383
46,330
116,255
105,118
101,1291
53,971
82,327
111,144
97,208
110,267
108,462
46,295
116,251
105,125
101,669
53,527
82,323
111,154
97,215
110,290
108,532
46,473
116,324
105,200
101,726
53,654
82,515
111,322
97,236
110,271
108,445
46,298
116,235
105,155
101,664
53,552
82,324
111,287
97,252
110,317
108,358
46,328
116,225
105,146
101,1127
53,736
82,346
111,180
97,196
110,244
108,335
46,282
116,213
105,114
101,638
53,656
82,306
111,106
97,202
110,231
108,346
46,314
116,228
105,150
101,619
53,920
82,363
111,315
97,409
110,343
108,285
46,319
116,241
105,119
101,666
53,722
82,328
111,212
97,198
110,328
108,372
46,354
116,221
105,141
101,689
53,560
82,324
111,210
97,217
110,305
108,1275
46,377
116,209
105,144
101,636
53,561
82,297
111,174
97,219
110,266
108,416
46,408
116,235
105,165
101,718
53,678
82,332
111,268
97,235
110,267
108,325
46,274
116,212
105,117
101,670
53,635
82,427
111,254
97,208
110,248
108,328
46,294
116,195
105,113
101,854
53,712
82,322
111,179
97,203
110,266
108,311
46,267
116,234
105,130
101,847
53,602
82,311
111,202
97,187
110,313
108,362
46,325
116,206
105,147
101,613
53,531
82,324
111,179
97,162
110,264
108,297
46,239
116,202
105,122
101,616
53,478
82,281
111,166
97,200
110,857
108,312
46,310
116,194
105,90
101,686
53,665
82,349
111,167
97,199
110,285
108,538
46,263
116,179
105,126
101,623
53,452
82,290
111,183
97,186
110,296
108,351
46,267
116,173
105,133
101,733
53,514
82,325
111,254
97,200
110,343
108,301
46,301
116,165
105,139
101,874
53,501
82,278
111,173
97,169
110,556
108,314
46,339
116,235
105,137
101,813
53,754
82,368
111,163
97,217
110,290
108,290
46,229
116,198
105,83
101,908
53,682
82,289
111,145
97,190
110,294
108,299
46,333
116,167
105,121
101,766
53,614
82,283
111,168
97,197
110,253
108,266
46,304
116,171
105,110
101,784
53,584
82,269
111,141
97,190
110,288
108,300
46,376
116,201
105,112
101,726
53,940
82,307
111,291
97,234
110,344
108,481
46,321
116,162
105,103
101,743
53,477
82,290
111,139
97,183
110,304
108,860
46,367
116,235
105,149
101,720
53,529
82,317
111,169
97,171
110,343
108,343
46,289
116,169
105,137
101,718
53,485
82,329
111,178
97,203
110,299
108,379
46,321
116,195
105,134
101,772
53,651
82,527
111,245
97,245
110,330
108,349
46,370
116,391
105,229
101,922
53,456
82,291
111,198
97,189
110,360
108,406
46,392
116,183
105,127
101,665
53,443
82,261
111,200
97,180
110,311
108,298
46,346
116,175
105,137
101,640
53,551
82,271
111,172
97,199
110,517
108,329
46,360
116,199
105,141
101,813
53,727
82,333
111,205
97,168
110,274
108,323
46,331
116,172
105,101
101,1438
53,561
82,399
111,184
97,182
110,297
108,300
46,269
116,173
105,129
101,871
53,734
82,337
111,164
97,188
110,250
108,253
46,295
116,213
105,133
101,767
53,493
82,363
111,261
97,359
110,283
108,285
46,274
116,208
105,137
101,1231
53,517
82,295
111,177
97,182
110,329
108,421
46,352
116,200
105,164
101,822
53,966
82,381
111,187
97,227
110,383
108,345
46,349
116,213
105,1543
101,433
53,461
82,287
111,160
97,175
110,307
108,360
46,419
116,200
105,213
101,710
53,457
82,298
111,171
97,178
110,292
108,346
46,326
116,168
105,112
101,968
53,531
82,299
111,169
97,184
110,300
108,682
46,1025
116,253
105,245
101,550
53,450
82,303
111,183
97,170
110,286
108,353
46,315
116,221
105,352
101,1127
53,614
82,439
111,224
97,215
110,291
108,558
46,342
116,244
105,475
101,845
53,678
82,409
111,212
97,552
110,309
108,328
46,329
116,245
105,214
101,784
53,863
82,458
111,343
97,323
110,496
108,473
46,313
116,250
105,193
101,826
53,979
82,374
111,158
97,216
110,286
108,2375
46,277
116,227
105,135
101,853
53,986
82,310
111,149
97,168
110,277
108,297
46,232
116,242
105,159
101,800
53,521
82,357
111,247
97,184
110,266
108,341
46,285
116,300
105,186
101,1162
53,667
82,350
111,147
97,202
110,258
108,316
46,266
116,226
105,150
101,858
53,724
82,510
111,417
97,247
110,247
108,1173
46,541
116,210
105,171
101,651
53,491
82,313
111,145
97,186
110,296
108,382
46,309
116,193
105,163
101,780
53,584
82,352
111,208
97,222
110,328
108,364
46,264
116,248
105,169
101,714
53,475
82,365
111,202
97,183
110,288
108,339
46,283
116,264
105,150
101,588
53,534
82,337
111,170
97,184
110,295
108,509
46,298
116,211
105,120
101,594
53,537
82,325
111,180
97,179
110,272
108,355
46,292
116,227
105,143
101,647
53,462
82,328
111,194
97,202
110,275
108,340
46,439
116,210
105,238
101,1034
53,571
82,344
111,168
97,187
110,285
108,324
46,227
116,196
105,164
101,673
53,484
82,325
111,183
97,171
110,296
108,420
46,257
116,187
105,151
101,682
53,463
82,349
111,193
97,175
110,299
108,1425
46,391
116,231
105,130
101,795
53,436
82,321
111,165
97,174
110,303
108,336
46,270
116,174
105,132
101,884
53,498
82,326
111,131
97,189
110,319
108,603
46,259
116,896
105,353
101,1036
53,566
82,360
111,149
97,188
110,304
108,304
46,262
116,191
105,154
101,591
53,458
82,309
111,163
97,175
110,277
108,334
46,307
116,216
105,152
101,678
53,500
82,313
111,140
97,195
110,306
108,349
46,492
116,362
105,200
101,600
53,453
82,279
111,160
97,158
110,304
108,304
46,265
116,160
105,150
101,676
53,433
82,317
111,194
97,195
110,295
108,293
46,265
116,188
105,156
101,647
53,555
82,385
111,169
97,187
110,286
108,313
46,199
116,203
105,151
101,598
53,507
82,350
111,164
97,177
110,745
108,529
46,223
116,176
105,144
101,565
53,427
82,305
111,160
97,161
110,265
108,1063
46,257
116,169
105,130
101,679
53,512
82,312
111,150
97,194
110,304
108,442
46,239
116,194
105,161
101,640
53,423
82,328
111,139
97,169
110,296
108,312
46,280
116,297
105,208
101,687
53,435
82,330
111,172
97,175
110,289
108,314
46,242
116,175
105,156
101,654
53,437
82,339
111,145
97,185
110,295
108,308
46,240
116,177
105,128
101,577
53,465
82,353
111,145
97,199
110,333
108,467
46,246
116,165
105,162
101,836
53,474
82,284
111,158
97,176
110,339
108,321
46,245
116,194
105,161
101,620
53,410
82,329
111,150
97,201
110,302
108,330
46,263
116,448
105,368
101,641
53,417
82,329
111,152
97,184
110,391
108,328
46,276
116,209
105,141
101,892
53,497
82,311
111,138
97,185
110,337
108,317
46,273
116,193
105,132
101,617
53,440
82,331
111,193
97,206
110,332
108,416
46,238
116,179
105,125
101,865
53,513
82,322
111,152
97,199
110,333
108,300
46,304
116,189
105,129
101,592
53,488
82,303
111,179
97,189
110,288
108,342
46,333
116,216
105,154
101,639
53,494
82,321
111,110
97,194
110,270
108,289
46,281
116,202
105,143
101,793
53,456
82,420
111,181
97,282
110,306
108,262
46,187
116,158
105,123
101,532
53,456
82,312
111,143
97,232
110,326
108,341
46,272
116,136
105,153
101,665
53,421
82,318
111,143
97,227
110,352
108,398
46,272
116,151
105,171
101,550
53,448
82,289
111,140
97,203
110,312
108,695
46,230
116,172
105,175
101,442
53,466
82,316
111,164
97,183
110,280
108,270
46,224
116,164
105,129
101,540
53,424
82,311
111,159
97,162
110,264
108,486
46,236
116,172
105,127
101,818
53,493
82,306
111,123
97,173
110,264
108,236
46,181
116,186
105,132
101,533
53,493
82,595
111,227
97,212
110,272
108,240
46,251
116,249
105,333
101,656
53,385
82,306
111,152
97,175
110,283
108,258
46,224
116,180
105,124
101,677
53,434
82,326
111,140
97,233
110,235
108,263
46,440
116,265
105,308
101,899
53,638
82,365
111,274
97,196
110,275
108,581
46,267
116,578
105,681
101,477
53,607
82,388
111,287
97,245
110,271
108,359
46,306
116,251
105,195
101,615
53,554
82,430
111,208
97,198
110,273
108,356
46,322
116,221
105,1930
101,885
53,526
82,375
111,198
97,157
110,261
108,1311
46,315
116,212
105,163
101,875
53,589
82,326
111,199
97,178
110,262
108,331
46,375
116,280
105,134
101,760
53,516
82,322
111,334
97,391
110,339
108,324
46,359
116,276
105,147
101,612
53,485
82,349
111,175
97,190
110,296
108,330
46,1136
116,410
105,319
101,1491
53,617
82,444
111,203
97,186
110,269
108,342
46,402
116,257
105,152
101,622
53,455
82,307
111,202
97,157
110,267
108,310
46,379
116,318
105,179
101,730
53,448
82,345
111,177
97,212
110,270
108,1041
46,284
116,226
105,141
101,655
53,433
82,316
111,173
97,144
110,286
108,405
46,279
116,231
105,133
101,1406
53,615
82,376
111,182
97,127
110,322
108,474
46,246
116,204
105,163
101,595
53,428
82,301
111,188
97,155
110,289
108,286
46,337
116,285
105,195
101,735
53,433
82,332
111,167
97,175
110,266
108,341
46,322
116,291
105,173
101,629
53,450
82,302
111,213
97,165
110,312
108,375
46,319
116,261
105,172
101,640
53,447
82,358
111,201
97,181
110,278
108,293
46,219
116,254
105,422
101,774
53,419
82,282
111,171
97,174
110,258
108,290
46,228
116,248
105,155
101,580
53,628
82,324
111,186
97,175
110,561
108,315
46,280
116,218
105,234
101,884
53,424
82,321
111,210
97,126
110,332
108,342
46,234
116,199
105,143
101,789
53,400
82,292
111,229
97,1252
110,332
108,334
46,488
116,299
105,215
101,665
53,474
82,328
111,250
97,197
110,471
108,436
46,253
116,213
105,256
101,608
53,486
82,468
111,301
97,199
110,310
108,369
46,269
116,279
105,183
101,689
53,439
82,314
111,233
97,178
110,330
108,606
46,433
116,268
105,207
101,917
53,480
82,320
111,240
97,184
110,483
108,393
46,243
116,227
105,135
101,1076
53,465
82,313
111,214
97,201
110,291
108,350
46,244
116,202
105,144
101,729
53,812
82,448
111,258
97,217
110,354
108,309
46,305
116,229
105,163
101,884
53,659
82,436
111,188
97,177
110,322
108,418
46,756
116,314
105,173
101,611
53,431
82,281
111,252
97,168
110,298
108,1233
46,285
116,188
105,155
101,551
53,425
82,279
111,182
97,148
110,295
108,360
46,294
116,231
105,115
101,587
53,417
82,292
111,154
97,223
110,592
108,353
46,377
116,205
105,139
101,578
53,438
82,292
111,186
97,191
110,406
108,414
46,281
116,176
105,151
101,533
53,411
82,282
111,215
97,166
110,311
108,473
46,355
116,215
105,159
101,693
53,429
82,338
111,196
97,185
110,278
108,310
46,211
116,180
105,131
101,696
53,440
82,333
111,238
97,156
110,334
108,384
46,270
116,184
105,135
101,808
53,448
82,287
111,210
97,166
110,299
108,337
46,240
116,180
105,134
101,557
53,414
82,280
111,223
97,160
110,307
108,383
46,256
116,203
105,121
101,579
53,413
82,306
111,182
97,189
110,290
108,390
46,233
116,165
105,113
101,584
53,394
82,271
111,244
97,198
110,368
108,387
46,281
116,172
105,138
101,617
53,468
82,330
111,208
97,232
110,500
108,778
46,282
116,172
105,138
101,559
53,390
82,292
111,176
97,189
110,355
108,297
46,300
116,183
105,152
101,550
53,387
82,306
111,189
97,207
110,993
108,409
46,354
116,182
105,136
101,658
53,398
82,264
111,185
97,194
110,324
108,1257
46,247
116,158
105,144
101,556
53,447
82,278
111,179
97,219
110,530
108,482
46,318
116,153
105,144
101,579
53,448
82,263
111,193
97,184
110,261
108,285
46,216
116,184
105,136
101,545
53,457
82,302
111,171
97,189
110,254
108,276
46,245
116,161
105,123
101,528
53,418
82,277
111,225
97,167
110,273
108,312
46,228
116,182
105,121
101,520
53,416
82,301
111,189
97,182
110,286
108,372
46,258
116,163
105,125
101,557
53,413
82,241
111,213
97,195
110,394
108,369
46,251
116,204
105,129
101,497
53,409
82,280
111,182
97,204
110,278
108,337
46,215
116,167
105,125
101,531
53,436
82,308
111,156
97,240
110,318
108,815
46,491
116,218
105,545
101,753
53,557
82,346
111,178
97,217
110,278
108,374
46,294
116,237
105,212
101,590
53,472
82,322
111,201
97,217
110,252
108,290
46,276
116,297
105,169
101,537
53,466
82,319
111,202
97,223
110,274
108,310
46,346
116,320
105,218
101,579
53,550
82,355
111,176
97,207
110,250
108,332
46,262
116,236
105,186
101,612
53,487
82,334
111,226
97,175
110,266
108,317
46,284
116,297
105,237
101,495
53,593
82,356
111,172
97,181
110,248
108,284
46,380
116,369
105,312
101,1069
53,582
82,334
111,217
97,209
110,239
108,288
46,240
116,209
105,152
101,582
53,492
82,299
111,465
97,312
110,306
108,316
46,289
116,251
105,131
101,547
53,460
82,318
111,196
97,212
110,323
108,1118
46,297
116,214
105,161
101,560
53,427
82,355
111,261
97,216
110,355
108,334
46,269
116,240
105,192
101,600
53,497
82,331
111,212
97,218
110,261
108,317
46,214
116,194
105,158
101,574
53,478
82,1206
111,273
97,276
110,333
108,390
46,366
116,233
105,139
101,567
53,437
82,346
111,146
97,207
110,278
108,322
46,233
116,191
105,199
101,558
53,610
82,558
111,220
97,214
110,301
108,303
46,257
116,916
105,447
101,527
53,575
82,374
111,166
97,198
110,299
108,325
46,183
116,194
105,169
101,505
53,483
82,334
111,182
97,195
110,283
108,317
46,215
116,173
105,212
101,540
53,476
82,322
111,174
97,192
110,243
108,332
46,231
116,182
105,146
101,568
53,460
82,294
111,178
97,173
110,277
108,351
46,331
116,189
105,276
101,526
53,484
82,317
111,165
97,181
110,246
108,293
46,234
116,176
105,145
101,559
53,426
82,308
111,174
97,185
110,265
108,306
46,239
116,193
105,149
101,511
53,423
82,298
111,153
97,189
110,242
108,658
46,251
116,181
105,140
101,455
53,376
82,288
111,141
97,160
110,263
108,315
46,212
116,192
105,146
101,596
53,451
82,304
111,144
97,208
110,279
108,322
46,260
116,192
105,176
101,427
53,460
82,298
111,176
97,192
110,336
108,424
46,274
116,190
105,153
101,426
53,436
82,293
111,157
97,196
110,301
108,355
46,233
116,194
105,138
101,494
53,429
82,300
111,156
97,189
110,317
108,642
46,247
116,251
105,148
101,1070
53,2049
82,387
111,131
97,234
110,304
108,280
46,176
116,180
105,148
101,526
53,415
82,284
111,168
97,153
110,245
108,278
46,220
116,173
105,148
101,517
53,419
82,268
111,170
97,183
110,285
108,282
46,218
116,186
105,146
101,517
53,412
82,311
111,139
97,199
110,261
108,270
46,222
116,166
105,135
101,509
53,453
82,295
111,190
97,192
110,286
108,320
46,218
116,191
105,147
101,535
53,427
82,319
111,119
97,184
110,253
108,262
46,198
116,185
105,131
101,442
53,413
82,262
111,175
97,191
110,255
108,247
46,230
116,165
105,152
101,451
53,463
82,290
111,194
97,191
110,270
108,287
46,191
116,197
105,116
101,475
53,573
82,471
111,158
97,193
110,367
108,328
46,258
116,188
105,128
101,852
53,502
82,326
111,149
97,765
110,366
108,436
46,234
116,185
105,343
101,1386
53,535
82,318
111,166
97,164
110,278
108,331
46,206
116,181
105,143
101,482
53,446
82,311
111,138
97,190
110,267
108,310
46,259
116,180
105,159
101,506
53,439
82,321
111,178
97,179
110,281
108,626
46,208
116,175
105,138
101,559
53,408
82,288
111,211
97,165
110,286
108,319
46,218
116,183
105,173
101,559
53,437
82,332
111,114
97,267
110,419
108,382
46,190
116,185
105,155
101,785
53,456
82,335
111,161
97,162
110,278
108,489
46,258
116,218
105,143
101,1002
53,496
82,295
111,137
97,180
110,274
108,317
46,209
116,179
105,138
101,570
53,428
82,285
111,154
97,189
110,273
108,291
46,235
116,180
105,118
101,731
53,449
82,306
111,149
97,181
110,256
108,266
46,233
116,186
105,130
101,776
53,414
82,275
111,152
97,173
110,263
108,280
46,262
116,198
105,126
101,1127
53,792
82,356
111,147
97,198
110,301
108,281
46,348
116,332
105,433
101,668
53,389
82,257
111,205
97,138
110,306
108,297
46,231
116,213
105,104
101,782
53,463
82,290
111,180
97,164
110,259
108,263
46,816
116,361
105,204
101,1079
53,561
82,297
111,118
97,208
110,288
108,267
46,452
116,298
105,357
101,661
53,437
82,323
111,172
97,201
110,246
108,297
46,232
116,190
105,205
101,562
53,548
82,304
111,165
97,182
110,240
108,329
46,208
116,258
105,159
101,569
53,441
82,341
111,152
97,203
110,251
108,319
46,270
116,308
105,678
101,640
53,435
82,320
111,214
97,177
110,249
108,292
46,389
116,361
105,445
101,578
53,568
82,438
111,153
97,212
110,251
108,296
46,258
116,202
105,144
101,797
53,482
82,355
111,167
97,189
110,266
108,315
46,217
116,203
105,160
101,722
53,517
82,372
111,161
97,212
110,292
108,302
46,240
116,1311
105,318
101,642
53,417
82,342
111,183
97,176
110,244
108,313
46,292
116,214
105,171
101,611
53,416
82,350
111,294
97,323
110,297
108,341
46,342
116,245
105,145
101,753
53,409
82,324
111,156
97,181
110,252
108,314
46,288
116,286
105,187
101,622
53,447
82,370
111,153
97,251
110,257
108,350
46,259
116,225
105,181
101,557
53,460
82,355
111,178
97,237
110,260
108,305
46,223
116,206
105,238
101,722
53,507
82,534
111,209
97,220
110,262
108,328
46,412
116,205
105,182
101,756
53,440
82,346
111,152
97,205
110,266
108,355
46,218
116,167
105,217
101,645
53,477
82,364
111,172
97,192
110,241
108,322
46,218
116,202
105,152
101,657
53,445
82,548
111,203
97,184
110,250
108,309
46,338
116,260
105,187
101,838
53,493
82,338
111,153
97,166
110,242
108,306
46,244
116,169
105,158
101,739
53,420
82,301
111,172
97,139
110,256
108,256
46,223
116,172
105,130
101,599
53,439
82,326
111,176
97,173
110,252
108,283
46,223
116,177
105,139
101,631
53,425
82,305
111,187
97,182
110,240
108,280
46,293
116,192
105,142
101,614
53,323
82,299
111,160
97,171
110,247
108,273
46,234
116,224
105,155
101,645
53,402
82,325
111,136
97,186
110,255
108,265
46,212
116,222
105,141
101,630
53,429
82,305
111,145
97,176
110,248
108,328
46,230
116,213
105,141
101,474
53,411
82,301
111,134
97,243
110,266
108,342
46,231
116,186
105,146
101,600
53,399
82,325
111,155
97,168
110,256
108,310
46,238
116,199
105,194
101,748
53,363
82,327
111,163
97,187
110,255
108,288
46,282
116,185
105,145
101,471
53,410
82,322
111,154
97,223
110,258
108,313
46,244
116,227
105,209
101,702
53,370
82,323
111,177
97,191
110,281
108,501
46,319
116,195
105,127
101,554
53,369
82,297
111,155
97,194
110,275
108,292
46,302
116,247
105,168
101,689
53,529
82,444
111,188
97,220
110,270
108,383
46,212
116,230
105,140
101,629
53,414
82,302
111,146
97,220
110,277
108,333
46,231
116,212
105,130
101,674
53,389
82,328
111,161
97,234
110,276
108,433
46,256
116,224
105,164
101,589
53,365
82,318
111,135
97,222
110,284
108,341
46,259
116,204
105,155
101,617
53,399
82,305
111,242
97,487
110,410
108,477
46,290
116,295
105,144
101,567
53,362
82,309
111,114
97,265
110,333
108,393
46,264
116,195
105,130
101,513
53,413
82,357
111,93
97,266
110,480
108,385
46,227
116,188
105,151
101,490
53,374
82,314
111,144
97,220
110,385
108,623
46,250
116,393
105,230
101,408
53,393
82,308
111,139
97,254
110,314
108,404
46,300
116,182
105,121
101,584
53,349
82,247
111,183
97,155
110,273
108,416
46,315
116,169
105,157
101,662
53,434
82,322
111,131
97,223
110,773
108,386
46,216
116,211
105,148
101,575
53,430
82,395
111,163
97,220
110,278
108,403
46,301
116,261
105,173
101,598
53,378
82,292
111,134
97,207
110,287
108,290
46,229
116,180
105,126
101,434
53,398
82,296
111,127
97,321
110,535
108,378
46,246
116,254
105,128
101,589
53,501
82,351
111,106
97,217
110,284
108,308
46,242
116,202
105,104
101,496
53,399
82,297
111,148
97,193
110,301
108,314
46,288
116,208
105,138
101,707
53,414
82,325
111,119
97,244
110,308
108,321
46,204
116,198
105,151
101,627
53,409
82,302
111,162
97,213
110,258
108,303
46,215
116,171
105,132
101,578
53,449
82,455
111,176
97,190
110,268
108,308
46,219
116,209
105,116
101,555
53,421
82,343
111,162
97,218
110,266
108,289
46,238
116,206
105,135
101,671
53,390
82,375
111,152
97,246
110,703
108,449
46,270
116,264
105,983
101,1109
53,811
82,354
111,158
97,194
110,244
108,331
46,249
116,232
105,416
101,650
53,572
82,334
111,144
97,208
110,278
108,323
46,288
116,218
105,174
101,606
53,487
82,347
111,197
97,196
110,247
108,317
46,289
116,205
105,159
101,604
53,446
82,341
111,163
97,203
110,686
108,340
46,333
116,208
105,169
101,640
53,449
82,334
111,173
97,205
110,266
108,295
46,372
116,299
105,168
101,640
53,416
82,343
111,175
97,174
110,240
108,279
46,398
116,304
105,142
101,624
53,448
82,369
111,160
97,183
110,272
108,281
46,262
116,212
105,167
101,665
53,477
82,362
111,154
97,208
110,260
108,354
46,285
116,239
105,188
101,688
53,455
82,360
111,124
97,241
110,233
108,295
46,220
116,207
105,320
101,607
53,549
82,383
111,136
97,227
110,255
108,300
46,208
116,205
105,157
101,615
53,468
82,356
111,201
97,183
110,239
108,705
46,112
116,285
105,627
101,725
53,442
82,332
111,226
97,160
110,257
108,286
46,237
116,190
105,140
101,687
53,402
82,358
111,153
97,194
110,227
108,316
46,247
116,201
105,169
101,611
53,418
82,362
111,174
97,182
110,241
108,291
46,224
116,221
105,140
101,725
53,451
82,329
111,219
97,179
110,290
108,328
46,244
116,187
105,162
101,778
53,434
82,389
111,186
97,249
110,305
108,388
46,199
116,197
105,162
101,521
53,381
82,355
111,137
97,194
110,260
108,311
46,206
116,209
105,132
101,698
53,426
82,366
111,173
97,204
110,277
108,299
46,207
116,223
105,167
101,713
53,407
82,361
111,191
97,197
110,260
108,280
46,213
116,209
105,156
101,554
53,374
82,343
111,162
97,184
110,270
108,268
46,283
116,257
105,184
101,613
53,504
82,434
111,231
97,201
110,239
108,431
46,218
116,301
105,267
101,823
53,421
82,319
111,200
97,197
110,263
108,281
46,323
116,171
105,166
101,886
53,472
82,298
111,177
97,208
110,424
108,414
46,224
116,198
105,158
101,547
53,385
82,312
111,190
97,218
110,249
108,1284
46,236
116,192
105,150
101,537
53,403
82,311
111,174
97,185
110,275
108,286
46,236
116,193
105,156
101,452
53,402
82,308
111,170
97,265
110,396
108,304
46,214
116,206
105,139
101,511
53,414
82,325
111,181
97,204
110,256
108,289
46,227
116,188
105,148
101,600
53,488
82,362
111,181
97,208
110,330
108,272
46,213
116,189
105,142
101,539
53,444
82,405
111,210
97,670
110,430
108,359
46,201
116,188
105,148
101,511
53,368
82,298
111,207
97,221
110,247
108,293
46,222
116,212
105,199
101,497
53,367
82,317
111,192
97,176
110,260
108,253
46,229
116,181
105,154
101,508
53,369
82,311
111,192
97,218
110,257
108,277
46,233
116,204
105,155
101,530
53,393
82,406
111,284
97,236
110,249
108,302
46,242
116,218
105,137
101,515
53,410
82,318
111,183
97,214
110,247
108,288
46,240
116,173
105,149
101,589
53,496
82,398
111,187
97,184
110,258
108,307
46,225
116,215
105,153
101,528
53,389
82,318
111,240
97,194
110,266
108,297
46,210
116,187
105,169
101,463
53,386
82,303
111,169
97,263
110,908
108,556
46,190
116,171
105,148
101,481
53,388
82,279
111,250
97,151
110,262
108,307
46,207
116,178
105,141
101,598
53,371
82,301
111,191
97,180
110,257
108,312
46,192
116,190
105,155
101,473
53,408
82,297
111,200
97,167
110,248
108,338
46,260
116,176
105,141
101,570
53,397
82,288
111,200
97,204
110,255
108,332
46,251
116,195
105,131
101,563
53,373
82,302
111,227
97,212
110,268
108,345
46,217
116,205
105,152
101,602
53,1590
82,422
111,146
97,225
110,243
108,281
46,654
116,333
105,326
101,808
53,416
82,337
111,171
97,196
110,235
108,401
46,204
116,250
105,178
101,540
53,391
82,323
111,193
97,218
110,248
108,768
46,212
116,232
105,454
101,689
53,421
82,327
111,215
97,188
110,249
108,311
46,213
116,205
105,152
101,468
53,407
82,311
111,179
97,180
110,243
108,313
46,213
116,204
105,137
101,508
53,430
82,355
111,149
97,220
110,250
108,320
46,226
116,216
105,144
101,490
53,413
82,345
111,162
97,211
110,255
108,321
46,214
116,189
105,122
101,588
53,406
82,396
111,188
97,208
110,292
108,543
46,310
116,213
105,929
101,859
53,560
82,693
111,202
97,211
110,293
108,315
46,281
116,181
105,137
101,692
53,484
82,351
111,157
97,172
110,225
108,339
46,287
116,183
105,142
101,617
53,414
82,306
111,512
97,329
110,308
108,316
46,284
116,201
105,156
101,637
53,488
82,634
111,273
97,184
110,287
108,1189
46,341
116,275
105,169
101,599
53,445
82,393
111,194
97,182
110,256
108,328
46,340
116,233
105,160
101,598
53,480
82,424
111,198
97,192
110,251
108,304
46,227
116,229
105,170
101,561
53,490
82,438
111,192
97,214
110,273
108,370
46,267
116,181
105,151
101,609
53,431
82,463
111,149
97,227
110,284
108,324
46,254
116,190
105,156
101,558
53,488
82,386
111,176
97,191
110,266
108,300
46,242
116,221
105,229
101,546
53,477
82,386
111,197
97,236
110,279
108,290
46,232
116,254
105,501
101,540
53,587
82,354
111,145
97,231
110,270
108,293
46,217
116,232
105,201
101,515
53,444
82,365
111,181
97,210
110,247
108,295
46,217
116,211
105,180
101,523
53,503
82,371
111,160
97,311
110,503
108,387
46,328
116,221
105,145
101,736
53,411
82,373
111,174
97,155
110,222
108,289
46,234
116,214
105,138
101,572
53,418
82,358
111,176
97,194
110,247
108,310
46,206
116,209
105,157
101,660
53,397
82,368
111,154
97,191
110,243
108,278
46,217
116,220
105,164
101,594
53,378
82,358
111,161
97,200
110,245
108,278
46,197
116,235
105,161
101,715
53,416
82,402
111,173
97,195
110,235
108,293
46,195
116,228
105,159
101,552
53,420
82,352
111,161
97,192
110,229
108,273
46,172
116,241
105,124
101,590
53,369
82,329
111,159
97,199
110,226
108,273
46,183
116,219
105,134
101,531
53,477
82,436
111,165
97,218
110,255
108,295
46,202
116,214
105,138
101,612
53,391
82,374
111,181
97,199
110,217
108,305
46,187
116,228
105,127
101,635
53,388
82,338
111,229
97,171
110,228
108,318
46,310
116,184
105,874
101,466
53,640
82,401
111,165
97,195
110,248
108,282
46,372
116,379
105,261
101,889
53,399
82,314
111,253
97,559
110,328
108,365
46,401
116,278
105,164
101,753
53,413
82,322
111,179
97,166
110,225
108,313
46,270
116,233
105,162
101,613
53,405
82,341
111,189
97,221
110,225
108,287
46,229
116,222
105,142
101,808
53,483
82,370
111,136
97,242
110,247
108,293
46,259
116,247
105,514
101,753
53,440
82,350
111,153
97,199
110,224
108,267
46,247
116,210
105,140
101,557
53,410
82,303
111,165
97,205
110,217
108,265
46,259
116,210
105,160
101,805
53,371
82,337
111,142
97,229
110,255
108,276
46,262
116,315
105,277
101,727
53,547
82,380
111,131
97,232
110,240
108,265
46,252
116,283
105,508
101,698
53,447
82,320
111,167
97,192
110,213
108,270
46,236
116,188
105,157
101,564
53,422
82,311
111,169
97,203
110,239
108,328
46,340
116,266
105,154
101,612
53,424
82,308
111,201
97,224
110,789
108,378
46,256
116,310
105,383
101,707
53,385
82,303
111,142
97,223
110,239
108,323
46,256
116,200
105,171
101,521
53,400
82,309
111,187
97,220
110,252
108,312
46,244
116,231
105,136
101,575
53,393
82,328
111,120
97,240
110,258
108,305
46,466
116,213
105,170
101,595
53,374
82,330
111,168
97,191
110,228
108,293
46,255
116,218
105,128
101,594
53,411
82,335
111,170
97,224
110,243
108,306
46,232
116,226
105,128
101,569
53,418
82,594
111,208
97,213
110,236
108,291
46,226
116,203
105,159
101,449
53,468
82,726
111,354
97,247
110,255
108,292
46,581
116,295
105,284
101,776
53,510
82,373
111,161
97,220
110,220
108,283
46,211
116,226
105,128
101,493
53,403
82,322
111,153
97,222
110,210
108,278
46,268
116,212
105,158
101,483
53,436
82,332
111,197
97,215
110,243
108,316
46,213
116,203
105,118
101,758
53,415
82,368
111,181
97,187
110,243
108,300
46,273
116,197
105,129
101,569
53,374
82,294
111,206
97,151
110,216
108,304
46,222
116,187
105,150
101,557
53,477
82,336
111,173
97,239
110,573
108,322
46,311
116,210
105,165
101,486
53,376
82,326
111,181
97,217
110,231
108,310
46,229
116,251
105,154
101,533
53,389
82,316
111,240
97,322
110,287
108,298
46,509
116,247
105,759
101,818
53,554
82,306
111,172
97,175
110,253
108,384
46,216
116,241
105,159
101,537
53,504
82,318
111,186
97,175
110,253
108,292
46,225
116,188
105,213
101,570
53,528
82,348
111,215
97,182
110,251
108,273
46,330
116,247
105,206
101,460
53,464
82,327
111,193
97,168
110,236
108,285
46,251
116,203
105,127
101,536
53,558
82,346
111,169
97,176
110,230
108,301
46,212
116,213
105,126
101,533
53,434
82,349
111,162
97,188
110,229
108,274
46,220
116,245
105,119
101,572
53,427
82,347
111,160
97,190
110,241
108,273
46,306
116,184
105,109
101,1368
53,572
82,268
111,195
97,136
110,213
108,264
46,263
116,215
105,158
101,478
53,448
82,320
111,207
97,165
110,242
108,264
46,248
116,266
105,222
101,774
53,409
82,325
111,196
97,204
110,224
108,294
46,202
116,246
105,137
101,478
53,423
82,313
111,228
97,202
110,245
108,259
46,218
116,227
105,147
101,494
53,431
82,336
111,216
97,167
110,254
108,376
46,247
116,220
105,139
101,778
53,427
82,345
111,173
97,178
110,301
108,558
46,269
116,210
105,130
101,572
53,388
82,316
111,150
97,183
110,264
108,324
46,234
116,231
105,158
101,574
53,393
82,331
111,168
97,177
110,240
108,306
46,209
116,206
105,153
101,576
53,405
82,334
111,128
97,213
110,229
108,272
46,190
116,204
105,124
101,572
53,376
82,313
111,141
97,189
110,225
108,279
46,195
116,252
105,123
101,650
53,380
82,293
111,191
97,156
110,229
108,260
46,240
116,245
105,122
101,640
53,368
82,332
111,129
97,193
110,256
108,300
46,209
116,250
105,120
101,665
53,380
82,326
111,163
97,198
110,228
108,298
46,198
116,245
105,138
101,787
53,426
82,360
111,106
97,235
110,734
108,494
46,264
116,267
105,354
101,477
53,400
82,297
111,168
97,221
110,299
108,418
46,245
116,306
105,401
101,637
53,387
82,325
111,224
97,188
110,266
108,288
46,234
116,205
105,140
101,458
53,395
82,329
111,183
97,206
110,254
108,284
46,179
116,227
105,139
101,520
53,412
82,351
111,156
97,255
110,273
108,305
46,270
116,191
105,137
101,510
53,353
82,362
111,347
97,508
110,374
108,322
46,196
116,206
105,165
101,419
53,381
82,311
111,247
97,162
110,266
108,641
46,224
116,175
105,133
101,471
53,369
82,304
111,180
97,209
110,523
108,333
46,183
116,233
105,158
101,511
53,386
82,319
111,218
97,219
110,215
108,337
46,381
116,219
105,147
101,516
53,427
82,338
111,160
97,228
110,273
108,329
46,271
116,159
105,171
101,469
53,402
82,310
111,227
97,206
110,254
108,326
46,221
116,183
105,139
101,431
53,421
82,301
111,170
97,239
110,309
108,297
46,216
116,165
105,150
101,484
53,431
82,327
111,153
97,231
110,278
108,329
46,205
116,181
105,145
101,545
53,482
82,419
111,233
97,212
110,262
108,314
46,203
116,184
105,145
101,640
53,385
82,319
111,167
97,219
110,287
108,1054
46,226
116,158
105,135
101,479
53,391
82,310
111,168
97,205
110,278
108,327
46,205
116,195
105,119
101,594
53,383
82,304
111,137
97,239
110,294
108,285
46,190
116,190
105,125
101,528
53,377
82,314
111,179
97,205
110,255
108,315
46,192
116,180
105,148
101,555
53,409
82,329
111,134
97,196
110,253
108,284
46,241
116,182
105,135
101,575
53,392
82,354
111,126
97,218
110,276
108,297
46,231
116,194
105,136
101,676
53,451
82,804
111,196
97,194
110,261
108,297
46,218
116,178
105,148
101,591
53,825
82,437
111,124
97,198
110,243
108,269
46,206
116,192
105,147
101,663
53,420
82,337
111,128
97,215
110,237
108,259
46,226
116,178
105,137
101,602
53,445
82,369
111,197
97,174
110,267
108,598
46,247
116,154
105,185
101,717
53,417
82,350
111,177
97,198
110,267
108,300
46,735
116,278
105,186
101,480
53,545
82,398
111,160
97,190
110,233
108,282
46,215
116,206
105,147
101,533
53,384
82,329
111,162
97,190
110,255
108,502
46,199
116,184
105,126
101,598
53,398
82,308
111,179
97,168
110,606
108,428
46,357
116,184
105,156
101,492
53,374
82,322
111,148
97,187
110,233
108,300
46,257
116,191
105,140
101,472
53,396
82,335
111,194
97,193
110,251
108,524
