46,431
116,166
105,218
101,1184
53,1133
82,483
111,236
97,368
110,350
108,963
46,457
116,273
105,197
101,1683
53,699
82,538
111,233
97,294
110,356
108,693
46,341
116,199
105,179
101,739
53,630
82,520
111,209
97,271
110,561
108,747
46,314
116,191
105,177
101,923
53,835
82,402
111,265
97,364
110,332
108,676
46,488
116,246
105,164
101,946
53,616
82,283
111,182
97,218
110,347
108,643
46,759
116,168
105,219
101,791
53,576
82,332
111,202
97,227
110,306
108,685
46,374
116,246
105,188
101,784
53,577
82,329
111,201
97,178
110,308
108,634
46,303
116,174
105,198
101,775
53,539
82,297
111,190
97,163
110,307
108,999
46,443
116,181
105,225
101,762
53,572
82,297
111,213
97,197
110,310
108,660
46,339
116,187
105,188
101,641
53,509
82,269
111,198
97,194
110,331
108,590
46,422
116,187
105,204
101,804
53,579
82,324
111,216
97,178
110,294
108,657
46,328
116,262
105,157
101,803
53,1700
82,421
111,224
97,207
110,281
108,642
46,301
116,176
105,181
101,669
53,529
82,272
111,194
97,159
110,272
108,668
46,306
116,210
105,153
101,966
53,600
82,250
111,174
97,164
110,263
108,567
46,326
116,189
105,189
101,682
53,825
82,307
111,186
97,189
110,288
108,616
46,368
116,161
105,179
101,723
53,592
82,271
111,187
97,165
110,261
108,541
46,296
116,188
105,160
101,803
53,525
82,248
111,170
97,154
110,253
108,517
46,308
116,174
105,165
101,565
53,480
82,262
111,155
97,176
110,260
108,553
46,313
116,221
105,154
101,1070
53,606
82,251
111,193
97,158
110,285
108,587
46,355
116,217
105,183
101,787
53,528
82,264
111,198
97,167
110,274
108,619
46,321
116,181
105,211
101,586
53,541
82,233
111,176
97,160
110,250
108,554
46,333
116,225
105,209
101,886
53,676
82,353
111,217
97,200
110,315
108,1053
46,257
116,166
105,191
101,605
53,461
82,207
111,169
97,168
110,286
108,595
46,666
116,350
105,199
101,1111
53,632
82,228
111,166
97,167
110,235
108,552
46,298
116,177
105,172
101,820
53,539
82,283
111,179
97,188
110,388
108,639
46,271
116,128
105,243
101,767
53,635
82,218
111,173
97,137
110,237
108,607
46,293
116,153
105,179
101,705
53,501
82,240
111,635
97,193
110,218
108,582
46,217
116,180
105,162
101,629
53,486
82,232
111,183
97,130
110,234
108,557
46,272
116,197
105,178
101,721
53,1075
82,399
111,240
97,173
110,384
108,600
46,279
116,179
105,183
101,674
53,519
82,241
111,201
97,149
110,244
108,558
46,293
116,189
105,170
101,659
53,448
82,219
111,199
97,136
110,237
108,554
46,495
116,248
105,171
101,612
53,497
82,305
111,208
97,142
110,235
108,540
46,294
116,223
105,141
101,1220
53,582
82,274
111,236
97,95
110,235
108,556
46,239
116,203
105,144
101,686
53,508
82,214
111,216
97,119
110,240
108,599
46,292
116,180
105,176
101,1154
53,503
82,242
111,210
97,136
110,242
108,586
46,282
116,174
105,180
101,1212
53,531
82,245
111,183
97,151
110,223
108,537
46,612
116,225
105,189
101,769
53,471
82,226
111,188
97,126
110,238
108,496
46,383
116,285
105,266
101,785
53,440
82,204
111,186
97,117
110,234
108,531
46,305
116,198
105,531
101,919
53,811
82,347
111,222
97,181
110,360
108,1238
46,1141
116,251
105,228
101,898
53,459
82,208
111,182
97,117
110,234
108,627
46,667
116,281
105,227
101,751
53,512
82,308
111,206
97,142
110,236
108,629
46,549
116,213
105,264
101,661
53,456
82,226
111,215
97,90
110,541
108,558
46,391
116,258
105,235
101,740
53,430
82,223
111,204
97,124
110,245
108,961
46,310
116,195
105,186
101,771
53,491
82,253
111,224
97,140
110,259
108,726
46,429
116,204
105,210
101,1106
53,729
82,273
111,452
97,190
110,501
108,625
46,511
116,202
105,705
101,822
53,522
82,211
111,188
97,114
110,243
108,607
46,634
116,211
105,192
101,633
53,680
82,307
111,284
97,155
110,244
108,581
46,325
116,222
105,218
101,607
53,473
82,214
111,228
97,138
110,241
108,899
46,308
116,229
105,190
101,596
53,514
82,326
111,258
97,177
110,258
108,611
46,333
116,225
105,204
101,643
53,444
82,216
111,222
97,155
110,280
108,801
46,463
116,1175
105,397
101,1161
53,797
82,380
111,221
97,219
110,313
108,742
46,305
116,232
105,213
101,675
53,472
82,294
111,190
97,219
110,280
108,563
46,593
116,221
105,218
101,759
53,681
82,266
111,177
97,204
110,237
108,566
46,320
116,186
105,221
101,611
53,511
82,276
111,210
97,173
110,234
108,601
46,255
116,243
105,206
101,675
53,471
82,255
111,165
97,161
110,237
108,1372
46,495
116,203
105,214
101,623
53,734
82,316
111,195
97,202
110,292
108,569
46,259
116,199
105,187
101,561
53,489
82,227
111,154
97,165
110,217
108,510
46,261
116,182
105,203
101,606
53,1562
82,547
111,194
97,234
110,271
108,631
46,304
116,175
105,211
101,568
53,421
82,199
111,155
97,149
110,259
108,624
46,248
116,185
105,205
101,628
53,443
82,240
111,148
97,162
110,241
108,551
46,364
116,217
105,197
101,710
53,473
82,223
111,204
97,171
110,272
108,1244
46,356
116,294
105,213
101,675
53,537
82,291
111,202
97,231
110,284
108,607
46,260
116,219
105,200
101,692
53,729
82,240
111,197
97,184
110,254
108,637
46,359
116,237
105,202
101,678
53,446
82,229
111,206
97,192
110,340
108,687
46,332
116,201
105,205
101,573
53,464
82,209
111,164
97,163
110,247
108,513
46,275
116,235
105,169
101,549
53,666
82,267
111,206
97,193
110,256
108,541
46,261
116,235
105,153
101,1251
53,563
82,254
111,171
97,145
110,474
108,641
46,208
116,211
105,173
101,575
53,440
82,229
111,181
97,156
110,237
108,561
46,284
116,185
105,216
101,549
53,421
82,215
111,181
97,135
110,236
108,571
46,345
116,230
105,215
101,655
53,430
82,197
111,175
97,155
110,243
108,702
46,211
116,200
105,179
101,664
53,415
82,218
111,183
97,138
110,244
108,524
46,261
116,215
105,178
101,553
53,439
82,236
111,184
97,199
110,247
108,560
46,232
116,197
105,177
101,609
53,417
82,209
111,203
97,238
110,219
108,624
46,225
116,193
105,151
101,746
53,721
82,327
111,219
97,140
110,234
108,689
46,213
116,187
105,164
101,787
53,443
82,196
111,164
97,177
110,202
108,693
46,228
116,184
105,177
101,1268
53,507
82,576
111,209
97,198
110,286
108,606
46,261
116,174
105,185
101,853
53,379
82,226
111,150
97,125
110,234
108,634
46,215
116,186
105,194
101,1176
53,481
82,268
111,216
97,140
110,221
108,609
46,300
116,137
105,269
101,931
53,374
82,203
111,196
97,159
110,258
108,742
46,269
116,175
105,181
101,817
53,456
82,232
111,192
97,151
110,256
108,657
46,244
116,222
105,186
101,714
53,408
82,233
111,185
97,130
110,241
108,724
46,450
116,259
105,161
101,639
53,368
82,222
111,199
97,153
110,226
108,582
46,231
116,168
105,179
101,592
53,367
82,201
111,908
97,292
110,832
108,568
46,911
116,235
105,186
101,1864
53,520
82,293
111,221
97,139
110,264
108,609
46,281
116,178
105,182
101,587
53,433
82,513
111,206
97,214
110,223
108,669
46,319
116,203
105,177
101,635
53,439
82,277
111,193
97,151
110,248
108,688
46,266
116,201
105,186
101,664
53,419
82,274
111,178
97,200
110,225
108,650
46,248
116,181
105,190
101,690
53,465
82,239
111,195
97,113
110,220
108,629
46,231
116,183
105,168
101,530
53,414
82,234
111,159
97,165
110,229
108,599
46,224
116,188
105,180
101,988
53,496
82,255
111,169
97,153
110,258
108,611
46,279
116,164
105,187
101,626
53,444
82,202
111,182
97,148
110,239
108,625
46,207
116,174
105,174
101,920
53,555
82,468
111,199
97,171
110,275
108,590
46,294
116,177
105,163
101,666
53,432
82,1265
111,395
97,479
110,266
108,601
46,200
116,171
105,149
101,669
53,532
82,224
111,189
97,153
110,252
108,603
46,307
116,203
105,215
101,657
53,433
82,206
111,186
97,151
110,225
108,544
46,292
116,196
105,182
101,526
53,420
82,236
111,166
97,151
110,294
108,622
46,224
116,180
105,178
101,598
53,385
82,236
111,171
97,164
110,262
108,590
46,254
116,189
105,177
101,1267
53,478
82,253
111,163
97,152
110,258
108,746
46,280
116,210
105,168
101,592
53,403
82,205
111,199
97,172
110,281
108,760
46,267
116,197
105,151
101,876
53,705
82,651
111,235
97,185
110,331
108,710
46,301
116,172
105,209
101,638
53,1152
82,692
111,262
97,271
110,295
108,724
46,636
116,182
105,239
101,660
53,480
82,316
111,189
97,236
110,277
108,654
46,313
116,202
105,201
101,719
53,467
82,260
111,189
97,205
110,242
108,700
46,278
116,224
105,177
101,827
53,489
82,247
111,177
97,734
110,325
108,648
46,262
116,234
105,219
101,698
53,607
82,262
111,176
97,248
110,285
108,675
46,280
116,239
105,191
101,712
53,496
82,264
111,204
97,183
110,253
108,643
46,344
116,216
105,197
101,715
53,457
82,220
111,222
97,215
110,287
108,644
46,853
116,217
105,200
101,787
53,534
82,307
111,255
97,232
110,280
108,583
46,475
116,218
105,197
101,829
53,425
82,241
111,198
97,215
110,252
108,617
46,309
116,229
105,190
101,692
53,451
82,255
111,202
97,234
110,282
108,708
46,337
116,172
105,201
101,954
53,524
82,245
111,206
97,134
110,314
108,631
46,274
116,184
105,163
101,939
53,615
82,226
111,180
97,156
110,252
108,649
46,273
116,176
105,184
101,705
53,677
82,317
111,197
97,256
110,252
108,586
46,284
116,216
105,138
101,743
53,470
82,259
111,165
97,187
110,251
108,724
46,246
116,213
105,161
101,761
53,416
82,234
111,192
97,176
110,247
108,700
46,277
116,220
105,134
101,663
53,401
82,213
111,186
97,175
110,243
108,614
46,300
116,180
105,187
101,651
53,389
82,208
111,192
97,149
110,239
108,595
46,228
116,198
105,148
101,1002
53,412
82,253
111,201
97,189
110,243
108,618
46,261
116,213
105,173
101,742
53,415
82,231
111,199
97,167
110,258
108,752
46,469
116,189
105,201
101,930
53,486
82,243
111,193
97,205
110,227
108,686
46,287
116,212
105,150
101,738
53,403
82,207
111,210
97,169
110,264
108,672
46,323
116,216
105,161
101,1376
53,570
82,238
111,170
97,157
110,235
108,641
46,250
116,223
105,186
101,692
53,388
82,209
111,210
97,184
110,273
108,876
46,257
116,229
105,142
101,670
53,384
82,217
111,187
97,206
110,270
108,628
46,304
116,219
105,175
101,711
53,397
82,224
111,208
97,203
110,252
108,596
46,262
116,210
105,175
101,698
53,414
82,206
111,176
97,196
110,263
108,607
46,505
116,208
105,189
101,640
53,402
82,203
111,190
97,158
110,247
108,990
46,295
116,200
105,225
101,860
53,522
82,232
111,200
97,147
110,263
108,653
46,226
116,242
105,186
101,626
53,370
82,204
111,196
97,149
110,257
108,637
46,228
116,212
105,164
101,652
53,425
82,206
111,172
97,184
110,254
108,659
46,282
116,172
105,183
101,684
53,377
82,187
111,184
97,167
110,243
108,746
46,258
116,207
105,177
101,624
53,407
82,192
111,189
97,170
110,245
108,686
46,254
116,194
105,180
101,783
53,482
82,191
111,190
97,142
110,257
108,970
46,606
116,215
105,186
101,622
53,373
82,203
111,238
97,191
110,265
108,819
46,316
116,201
105,194
101,718
53,550
82,250
111,201
97,174
110,297
108,726
46,239
116,212
105,195
101,746
53,402
82,211
111,217
97,158
110,274
108,678
46,295
116,179
105,209
101,619
53,359
82,218
111,210
97,179
110,274
108,674
46,288
116,217
105,174
101,725
53,381
82,200
111,186
97,162
110,257
108,605
46,498
116,271
105,191
101,719
53,414
82,199
111,219
97,154
110,274
108,634
46,262
116,211
105,188
101,698
53,434
82,251
111,178
97,138
110,258
108,684
46,236
116,197
105,178
101,948
53,487
82,217
111,178
97,124
110,244
108,631
46,247
116,216
105,194
101,918
53,622
82,204
111,194
97,136
110,248
108,629
46,256
116,199
105,170
101,1181
53,747
82,219
111,185
97,151
110,238
108,604
46,403
116,208
105,187
101,958
53,437
82,219
111,191
97,142
110,239
108,597
46,301
116,226
105,185
101,624
53,392
82,223
111,212
97,146
110,255
108,669
46,265
116,187
105,184
101,715
53,413
82,213
111,205
97,151
110,258
108,702
46,302
116,194
105,179
101,664
53,534
82,215
111,176
97,154
110,245
108,618
46,287
116,217
105,165
101,774
53,532
82,205
111,179
97,178
110,275
108,656
46,300
116,205
105,170
101,685
53,427
82,200
111,204
97,173
110,252
108,891
46,276
116,224
105,172
101,681
53,366
82,206
111,211
97,159
110,241
108,782
46,391
116,210
105,212
101,744
53,431
82,298
111,199
97,209
110,263
108,755
46,293
116,224
105,189
101,657
53,913
82,326
111,206
97,214
110,668
108,449
46,290
116,187
105,242
101,623
53,1556
82,524
111,239
97,244
110,363
108,707
46,355
116,190
105,236
101,697
53,416
82,289
111,200
97,229
110,254
108,641
46,431
116,219
105,194
101,613
53,424
82,236
111,211
97,210
110,261
108,598
46,321
116,221
105,200
101,610
53,446
82,261
111,212
97,218
110,281
108,598
46,339
116,248
105,188
101,618
53,459
82,257
111,191
97,213
110,251
108,583
46,323
116,214
105,203
101,788
53,505
82,256
111,182
97,177
110,275
108,568
46,265
116,190
105,186
101,549
53,473
82,242
111,169
97,176
110,251
108,587
46,259
116,262
105,195
101,664
53,553
82,290
111,187
97,206
110,234
108,625
46,258
116,217
105,168
101,873
53,419
82,242
111,189
97,164
110,247
108,611
46,260
116,213
105,164
101,737
53,421
82,244
111,159
97,200
110,236
108,547
46,255
116,238
105,168
101,628
53,1567
82,391
111,209
97,146
110,232
108,605
46,271
116,200
105,170
101,572
53,438
82,232
111,214
97,133
110,251
108,557
46,306
116,206
105,183
101,627
53,386
82,238
111,184
97,164
110,248
108,541
46,278
116,207
105,162
101,567
53,431
82,250
111,166
97,156
110,234
108,577
46,368
116,269
105,188
101,584
53,404
82,236
111,157
97,166
110,253
108,612
46,278
116,206
105,193
101,526
53,385
82,226
111,159
97,194
110,272
108,773
46,241
116,200
105,179
101,702
53,441
82,231
111,176
97,181
110,270
108,538
46,411
116,217
105,180
101,586
53,435
82,237
111,166
97,167
110,272
108,592
46,249
116,192
105,165
101,836
53,360
82,228
111,192
97,160
110,207
108,594
46,260
116,214
105,172
101,926
53,393
82,242
111,165
97,177
110,247
108,663
46,339
116,186
105,229
101,638
53,405
82,377
111,215
97,234
110,262
108,585
46,316
116,204
105,189
101,646
53,489
82,349
111,221
97,172
110,247
108,575
46,411
116,252
105,206
101,541
53,618
82,382
111,202
97,167
110,247
108,576
46,355
116,554
105,217
101,681
53,426
82,279
111,158
97,199
110,240
108,669
46,261
116,224
105,151
101,1370
53,977
82,447
111,228
97,229
110,218
108,647
46,324
116,203
105,178
101,733
53,497
82,264
111,185
97,138
110,223
108,803
46,445
116,221
105,183
101,580
53,376
82,217
111,179
97,175
110,258
108,629
46,231
116,204
105,139
101,688
53,423
82,227
111,178
97,143
110,248
108,580
46,242
116,200
105,159
101,558
53,412
82,240
111,158
97,136
110,234
108,601
46,398
116,200
105,189
101,602
53,401
82,235
111,172
97,160
110,235
108,582
46,251
116,192
105,175
101,592
53,439
82,235
111,197
97,166
110,250
108,584
46,289
116,267
105,180
101,755
53,1104
82,229
111,165
97,148
110,247
108,651
46,247
116,184
105,193
101,1193
53,521
82,233
111,192
97,108
110,235
108,638
46,278
116,234
105,177
101,968
53,872
82,284
111,234
97,162
110,245
108,758
46,327
116,198
105,199
101,671
53,498
82,299
111,200
97,164
110,236
108,739
46,305
116,191
105,175
101,613
53,1579
82,459
111,256
97,174
110,215
108,711
46,268
116,185
105,235
101,1390
53,514
82,335
111,201
97,144
110,222
108,842
46,312
116,215
105,195
101,557
53,849
82,566
111,219
97,186
110,236
108,683
46,296
116,198
105,181
101,609
53,549
82,352
111,266
97,164
110,234
108,611
46,295
116,201
105,172
101,564
53,707
82,412
111,229
97,174
110,216
108,666
46,270
116,203
105,175
101,610
53,557
82,432
111,205
97,187
110,237
108,656
46,246
116,242
105,166
101,673
53,491
82,239
111,183
97,122
110,248
108,837
46,359
116,189
105,196
101,580
53,1340
82,710
111,198
97,222
110,235
108,697
46,270
116,244
105,118
101,731
53,557
82,364
111,187
97,190
110,268
108,661
46,247
116,197
105,180
101,602
53,458
82,223
111,211
97,127
110,246
108,662
46,370
116,202
105,198
101,590
53,422
82,204
111,167
97,137
110,260
108,779
46,305
116,210
105,158
101,1074
53,662
82,242
111,163
97,147
110,242
108,601
46,287
116,189
105,173
101,1270
53,617
82,269
111,148
97,173
110,231
108,852
46,295
116,194
105,208
101,611
53,1525
82,804
111,234
97,207
110,380
108,654
46,291
116,202
105,217
101,599
53,495
82,435
111,237
97,236
110,242
108,656
46,308
116,223
105,203
101,569
53,495
82,289
111,218
97,129
110,266
108,656
46,511
116,242
105,199
101,646
53,696
82,536
111,235
97,244
110,355
108,597
46,318
116,221
105,197
101,671
53,482
82,302
111,249
97,179
110,228
108,673
46,903
116,213
105,239
101,680
53,470
82,277
111,230
97,126
110,240
108,687
46,278
116,219
105,202
101,594
53,417
82,285
111,216
97,167
110,242
108,994
46,307
116,202
105,215
101,585
53,434
82,255
111,224
97,219
110,240
108,672
46,243
116,218
105,190
101,671
53,436
82,245
111,232
97,160
110,266
108,625
46,286
116,200
105,202
101,605
53,433
82,299
111,183
97,175
110,245
108,1009
46,371
116,190
105,226
101,705
53,463
82,354
111,203
97,201
110,269
108,638
46,268
116,194
105,213
101,571
53,428
82,343
111,233
97,217
110,237
108,716
46,290
116,231
105,214
101,619
53,1082
82,690
111,233
97,178
110,245
108,631
46,251
116,196
105,226
101,554
53,472
82,290
111,220
97,156
110,260
108,624
46,253
116,225
105,193
101,622
53,511
82,312
111,227
97,184
110,265
108,666
46,302
116,192
105,213
101,572
53,404
82,245
111,222
97,140
110,252
108,590
46,262
116,190
105,215
101,555
53,379
82,251
111,211
97,200
110,247
108,610
46,195
116,232
105,186
101,784
53,447
82,271
111,304
97,76
110,808
108,646
46,272
116,197
105,216
101,542
53,428
82,302
111,229
97,184
110,258
108,597
46,318
116,223
105,203
101,558
53,449
82,276
111,192
97,188
110,243
108,640
46,244
116,207
105,184
101,611
53,756
82,365
111,199
97,169
110,243
108,1119
46,296
116,206
105,180
101,544
53,381
82,245
111,253
97,72
110,244
108,698
46,263
116,224
105,185
101,546
53,422
82,242
111,205
97,174
110,253
108,617
46,261
116,217
105,186
101,601
53,567
82,339
111,213
97,170
110,235
108,563
46,279
116,203
105,206
101,542
53,427
82,239
111,198
97,161
110,253
108,606
46,271
116,206
105,183
101,592
53,441
82,246
111,220
97,186
110,285
108,575
46,255
116,215
105,162
101,532
53,424
82,240
111,181
97,208
110,243
108,573
46,315
116,226
105,185
101,546
53,414
82,244
111,197
97,169
110,259
108,510
46,228
116,212
105,178
101,986
53,549
82,265
111,180
97,189
110,232
108,592
46,426
116,243
105,283
101,737
53,421
82,240
111,232
97,156
110,247
108,619
46,279
116,235
105,217
101,1173
53,626
82,283
111,168
97,181
110,244
108,627
46,266
116,201
105,185
101,621
53,416
82,226
111,213
97,157
110,249
108,476
46,394
116,291
105,184
101,1686
53,871
82,301
111,144
97,206
110,249
108,663
46,345
116,249
105,173
101,640
53,392
82,242
111,200
97,153
110,260
108,614
46,288
116,224
105,178
101,563
53,381
82,219
111,210
97,143
110,265
108,547
46,272
116,220
105,177
101,884
53,466
82,312
111,187
97,159
110,246
108,591
46,257
116,195
105,231
101,763
53,700
82,251
111,153
97,161
110,255
108,583
46,315
116,227
105,176
101,662
53,419
82,264
111,146
97,278
110,260
108,918
46,257
116,310
105,154
101,726
53,497
82,275
111,185
97,185
110,242
108,583
46,200
116,233
105,179
101,605
53,407
82,218
111,214
97,169
110,221
108,593
46,228
116,233
105,173
101,553
53,418
82,222
111,197
97,180
110,246
108,642
46,280
116,225
105,155
101,512
53,418
82,253
111,144
97,203
110,238
108,548
46,231
116,206
105,166
101,550
53,403
82,242
111,208
97,164
110,246
108,602
46,226
116,189
105,185
101,567
53,400
82,220
111,201
97,141
110,223
108,584
46,257
116,209
105,165
101,645
53,435
82,250
111,197
97,185
110,239
108,616
46,225
116,186
105,172
101,681
53,879
82,331
111,167
97,137
110,238
108,622
46,1241
116,271
105,193
101,746
53,442
82,225
111,167
97,159
110,253
108,642
46,362
116,185
105,183
101,952
53,463
82,590
111,209
97,168
110,224
108,578
46,172
116,202
105,167
101,715
53,543
82,224
111,157
97,178
110,227
108,584
46,221
116,212
105,165
101,637
53,415
82,227
111,196
97,154
110,230
108,560
46,335
116,205
105,219
101,775
53,492
82,296
111,240
97,219
110,260
108,655
46,675
116,419
105,214
101,732
53,525
82,262
111,192
97,192
110,240
108,573
46,286
116,199
105,220
101,585
53,456
82,240
111,254
97,147
110,248
108,596
46,219
116,189
105,185
101,769
53,655
82,268
111,443
97,232
110,290
108,692
46,519
116,252
105,215
101,1183
53,552
82,267
111,167
97,187
110,243
108,701
46,285
116,187
105,190
101,1067
53,872
82,240
111,208
97,159
110,219
108,639
46,233
116,188
105,184
101,861
53,801
82,250
111,208
97,150
110,250
108,895
46,291
116,175
105,213
101,1097
53,523
82,233
111,192
97,172
110,222
108,686
46,231
116,175
105,195
101,772
53,494
82,209
111,190
97,162
110,232
108,630
46,215
116,196
105,179
101,610
53,418
82,217
111,216
97,196
110,271
108,579
46,237
116,178
105,193
101,607
53,417
82,223
111,197
97,187
110,227
108,564
46,247
116,188
105,166
101,959
53,965
82,298
111,807
97,247
110,406
108,609
46,286
116,174
105,198
101,961
53,654
82,262
111,188
97,152
110,228
108,623
46,221
116,163
105,174
101,592
53,402
82,187
111,189
97,137
110,221
108,529
46,247
116,181
105,171
101,659
53,472
82,249
111,204
97,161
110,262
108,713
46,252
116,177
105,199
101,599
53,467
82,249
111,227
97,213
110,386
108,616
46,302
116,177
105,203
101,745
53,465
82,261
111,174
97,170
110,240
108,594
46,240
116,165
105,192
101,864
53,762
82,259
111,169
97,154
110,221
108,556
46,269
116,152
105,204
101,688
53,523
82,210
111,182
97,143
110,245
108,549
46,264
116,196
105,197
101,968
53,564
82,214
111,182
97,150
110,239
108,607
46,278
116,577
105,196
101,616
53,592
82,269
111,212
97,158
110,239
108,573
46,287
116,224
105,192
101,646
53,429
82,287
111,260
97,213
110,237
108,574
46,266
116,162
105,185
101,731
53,559
82,206
111,159
97,159
110,233
108,529
46,264
116,190
105,158
101,546
53,376
82,206
111,195
97,168
110,231
108,605
46,294
116,188
105,185
101,640
53,420
82,199
111,181
97,144
110,232
108,559
46,259
116,179
105,179
101,780
53,523
82,206
111,155
97,145
110,245
108,623
46,273
116,206
105,149
101,660
53,543
82,263
111,176
97,162
110,232
108,562
46,250
116,189
105,171
101,994
53,597
82,214
111,180
97,122
110,233
108,634
46,1064
116,292
105,203
101,1322
53,599
82,227
111,189
97,128
110,247
108,664
46,251
116,196
105,157
101,651
53,430
82,200
111,158
97,152
110,230
108,609
46,637
116,256
105,164
101,726
53,464
82,221
111,207
97,119
110,248
108,606
46,341
116,197
105,183
101,684
53,494
82,198
111,141
97,166
110,222
108,552
46,415
116,215
105,180
101,591
53,637
82,313
111,202
97,149
110,232
108,510
46,296
116,193
105,152
101,582
53,408
82,237
111,173
97,144
110,246
108,668
46,298
116,200
105,190
101,942
53,888
82,248
111,195
97,120
110,233
108,608
46,285
116,187
105,163
101,1283
53,455
82,208
111,167
97,132
110,233
108,558
46,255
116,177
105,163
101,658
53,421
82,244
111,174
97,150
110,226
108,539
46,334
116,170
105,192
101,511
53,387
82,221
111,162
97,154
110,248
108,623
46,254
116,183
105,145
101,666
53,403
82,214
111,158
97,167
110,229
108,540
46,350
116,177
105,173
101,1032
53,467
82,232
111,156
97,142
110,233
108,560
46,274
116,164
105,175
101,895
53,557
82,270
111,201
97,143
110,214
108,556
46,243
116,164
105,200
101,894
53,447
82,223
111,179
97,152
110,234
108,582
46,274
116,203
105,156
101,639
53,442
82,258
111,194
97,143
110,244
108,581
46,271
116,205
105,174
101,1114
53,475
82,251
111,183
97,167
110,240
108,615
46,276
116,219
105,160
101,742
53,516
82,276
111,174
97,181
110,213
108,584
46,326
116,198
105,170
101,568
53,410
82,215
111,175
97,185
110,240
108,755
46,250
116,187
105,159
101,645
53,430
82,218
111,201
97,139
110,212
108,602
46,305
116,181
105,171
101,725
53,409
82,237
111,185
97,162
110,241
108,592
46,257
116,202
105,152
101,1031
53,1137
82,623
111,236
97,555
110,395
108,643
46,251
116,189
105,167
101,573
53,406
82,230
111,208
97,162
110,233
108,597
46,345
116,182
105,272
101,838
53,715
82,377
111,240
97,235
110,247
108,891
46,291
116,216
105,206
101,705
53,474
82,268
111,228
97,154
110,265
108,653
46,242
116,207
105,207
101,670
53,511
82,265
111,178
97,160
110,244
108,570
46,254
116,208
105,191
101,632
53,440
82,258
111,246
97,267
110,185
108,736
46,232
116,197
105,188
101,597
53,463
82,289
111,211
97,227
110,313
108,646
46,268
116,219
105,181
101,646
53,396
82,255
111,212
97,235
110,251
108,646
46,261
116,269
105,178
101,668
53,427
82,246
111,229
97,166
110,283
108,739
46,255
116,221
105,180
101,637
53,430
82,281
111,226
97,173
110,251
108,677
46,247
116,212
105,170
101,658
53,393
82,239
111,194
97,185
110,262
108,661
46,397
116,183
105,206
101,593
53,382
82,231
111,197
97,170
110,236
108,705
46,288
116,189
105,209
101,576
53,432
82,260
111,232
97,178
110,262
108,612
46,300
116,223
105,865
101,773
53,421
82,244
111,244
97,155
110,269
108,692
46,519
116,197
105,218
101,676
53,442
82,214
111,244
97,163
110,256
108,675
46,295
116,221
105,201
101,727
53,435
82,277
111,181
97,189
110,251
108,602
46,504
116,168
105,376
101,739
53,2248
82,440
111,227
97,161
110,226
108,664
46,266
116,190
105,184
101,823
53,494
82,271
111,185
97,154
110,232
108,619
46,260
116,220
105,161
101,649
53,392
82,288
111,173
97,188
110,238
108,621
46,285
116,252
105,194
101,694
53,429
82,249
111,197
97,185
110,256
108,619
46,325
116,228
105,194
101,870
53,428
82,231
111,209
97,166
110,244
108,696
46,469
116,261
105,179
101,620
53,396
82,235
111,191
97,170
110,248
108,648
46,279
116,234
105,182
101,609
53,628
82,271
111,165
97,152
110,264
108,818
46,329
116,206
105,176
101,801
53,401
82,234
111,253
97,180
110,248
108,672
46,387
116,219
105,190
101,617
53,686
82,474
111,272
97,179
110,252
108,686
46,316
116,197
105,186
101,536
53,435
82,240
111,193
97,173
110,243
108,567
46,250
116,253
105,159
101,713
53,423
82,224
111,223
97,161
110,266
108,605
46,320
116,247
105,161
101,633
53,753
82,324
111,221
97,146
110,235
108,621
46,314
116,202
105,163
101,892
53,755
82,307
111,212
97,179
110,246
108,642
46,311
116,225
105,149
101,624
53,650
82,258
111,209
97,153
110,269
108,607
46,288
116,239
105,176
101,565
53,465
82,239
111,196
97,193
110,263
108,632
46,329
116,189
105,207
101,756
53,437
82,239
111,195
97,168
110,233
108,585
46,282
116,215
105,177
101,647
53,487
82,249
111,203
97,160
110,257
108,600
46,832
116,223
105,239
101,1053
53,597
82,245
111,174
97,144
110,237
108,572
46,252
116,219
105,164
101,590
53,433
82,248
111,163
97,142
110,242
108,594
46,284
116,251
105,182
101,709
53,425
82,250
111,207
97,152
110,252
108,686
46,322
116,249
105,224
101,919
53,934
82,372
111,203
97,158
110,251
108,636
46,281
116,224
105,183
101,681
53,410
82,239
111,207
97,195
110,258
108,607
46,264
116,237
105,157
101,650
53,411
82,235
111,197
97,146
110,253
108,856
46,279
116,248
105,180
101,931
53,426
82,252
111,194
97,162
110,242
108,596
46,234
116,236
105,168
101,678
53,417
82,260
111,178
97,185
110,258
108,679
46,290
116,233
105,172
101,600
53,445
82,247
111,167
97,193
110,254
108,586
46,409
116,201
105,209
101,645
53,385
82,235
111,204
97,154
110,244
108,665
46,302
116,244
105,141
101,554
53,407
82,254
111,167
97,203
110,246
108,589
46,337
116,847
105,216
101,653
53,401
82,487
111,249
97,230
110,237
108,857
46,347
116,215
105,175
101,542
53,407
82,252
111,190
97,186
110,244
108,642
46,240
116,212
105,148
101,631
53,420
82,232
111,163
97,204
110,257
108,573
46,253
116,233
105,149
101,600
53,543
82,356
111,230
97,145
110,248
108,555
46,272
116,207
105,163
101,555
53,560
82,296
111,186
97,181
110,254
108,743
46,352
116,204
105,202
101,614
53,400
82,268
111,169
97,179
110,245
108,579
46,245
116,232
105,155
101,902
53,463
82,288
111,270
97,205
110,284
108,619
46,447
116,217
105,177
101,543
53,377
82,244
111,150
97,198
110,248
108,1072
46,380
116,183
105,246
101,710
53,511
82,410
111,255
97,236
110,274
108,1063
46,311
116,207
105,196
101,566
53,456
82,361
111,223
97,203
110,259
108,528
46,322
116,233
105,156
101,747
53,593
82,285
111,190
97,174
110,263
108,715
46,313
116,223
105,226
101,683
53,431
82,265
111,211
97,187
110,251
108,602
46,364
116,201
105,209
101,611
53,444
82,256
111,224
97,194
110,254
108,616
46,264
116,204
105,215
101,735
53,630
82,375
111,263
97,132
110,251
108,562
46,299
116,238
105,199
101,612
53,437
82,325
111,211
97,236
110,235
108,588
46,252
116,176
105,201
101,1129
53,389
82,258
111,216
97,216
110,208
108,652
46,282
116,207
105,210
101,606
53,414
82,245
111,197
97,184
110,234
108,642
46,279
116,246
105,163
101,698
53,418
82,242
111,220
97,162
110,253
108,540
46,261
116,230
105,176
101,682
53,466
82,290
111,199
97,171
110,238
108,601
46,265
116,213
105,175
101,557
53,452
82,238
111,216
97,234
110,234
108,702
46,239
116,248
105,159
101,586
53,474
82,285
111,192
97,186
110,260
108,593
46,241
116,282
105,203
101,616
53,438
82,250
111,183
97,190
110,250
108,645
46,286
116,319
105,218
101,762
53,464
82,266
111,191
97,196
110,260
108,659
46,251
116,249
105,181
101,623
53,411
82,233
111,203
97,156
110,256
108,588
46,238
116,218
105,184
101,532
53,433
82,238
111,145
97,201
110,224
108,586
46,238
116,215
105,161
101,551
53,407
82,234
111,175
97,174
110,250
108,596
46,248
116,195
105,174
101,588
53,392
82,232
111,203
97,188
110,222
108,618
46,281
116,243
105,191
101,857
53,409
82,279
111,199
97,204
110,236
108,1021
46,277
116,223
105,173
101,916
53,440
82,258
111,198
97,180
110,273
108,644
46,273
116,240
105,168
101,534
53,395
82,209
111,200
97,207
110,258
108,639
46,293
116,221
105,176
101,539
53,405
82,213
111,209
97,176
110,253
108,572
46,258
116,194
105,183
101,550
53,401
82,255
111,185
97,184
110,250
108,624
46,234
116,239
105,157
101,503
53,418
82,262
111,187
97,181
110,249
108,591
46,280
116,600
105,250
101,773
53,451
82,324
111,115
97,195
110,268
108,678
46,272
116,195
105,177
101,437
53,382
82,237
111,197
97,172
110,241
108,609
46,218
116,215
105,188
101,657
53,374
82,240
111,193
97,168
110,249
108,1025
46,305
116,190
105,181
101,502
53,390
82,245
111,218
97,159
110,250
108,610
46,312
116,189
105,191
101,554
53,421
82,243
111,131
97,177
110,254
108,614
46,223
116,230
105,168
101,564
53,434
82,242
111,208
97,172
110,260
108,817
46,245
116,243
105,153
101,504
53,367
82,218
111,202
97,165
110,264
108,683
46,234
116,232
105,161
101,527
53,410
82,257
111,165
97,206
110,242
108,623
46,239
116,201
105,178
101,468
53,410
82,246
111,176
97,164
110,268
108,655
46,222
116,231
105,145
101,557
53,401
82,260
111,156
97,168
110,256
108,710
46,253
116,234
105,147
101,534
53,412
82,256
111,189
97,172
110,257
108,633
46,217
116,221
105,177
101,553
53,425
82,270
111,149
97,200
110,258
108,617
46,301
116,174
105,184
101,590
53,370
82,230
111,186
97,166
110,213
108,624
46,247
116,181
105,173
101,575
53,404
82,215
111,215
97,149
110,243
108,601
46,264
116,202
105,171
101,489
53,397
82,248
111,218
97,171
110,231
108,559
46,229
116,198
105,166
101,556
53,590
82,399
111,214
97,135
110,233
108,629
46,360
116,240
105,210
101,895
53,418
82,876
111,198
97,157
110,245
108,663
46,218
116,193
105,200
101,482
53,429
82,238
111,237
97,152
110,242
108,602
46,755
116,255
105,174
101,590
53,553
82,382
111,222
97,166
110,255
108,638
46,391
116,265
105,195
101,522
53,422
82,241
111,236
97,152
110,261
108,615
46,310
116,210
105,192
101,522
53,483
82,543
111,616
97,708
110,257
108,683
46,249
116,194
105,194
101,558
53,498
82,263
111,221
97,162
110,261
108,558
46,401
116,205
105,207
101,851
53,1031
82,662
111,280
97,163
110,234
108,733
46,283
116,194
105,203
101,520
53,1965
82,352
111,852
97,461
110,355
108,602
46,533
116,232
105,214
101,704
53,842
82,519
111,260
97,176
110,228
108,774
