46,387
116,237
105,349
101,487
53,483
82,380
111,309
97,214
110,269
108,389
46,901
116,222
105,245
101,409
53,464
82,265
111,207
97,187
110,195
108,380
46,314
116,189
105,252
101,524
53,612
82,301
111,202
97,217
110,201
108,322
46,275
116,163
105,246
101,686
53,422
82,231
111,228
97,176
110,195
108,310
46,245
116,178
105,231
101,419
53,478
82,260
111,194
97,193
110,234
108,338
46,285
116,194
105,201
101,357
53,514
82,274
111,482
97,362
110,282
108,351
46,246
116,193
105,213
101,539
53,412
82,248
111,216
97,159
110,211
108,829
46,282
116,166
105,221
101,403
53,394
82,264
111,224
97,181
110,208
108,320
46,230
116,161
105,217
101,293
53,434
82,250
111,488
97,291
110,232
108,325
46,241
116,173
105,190
101,317
53,480
82,325
111,297
97,213
110,222
108,317
46,389
116,253
105,221
101,511
53,504
82,332
111,225
97,188
110,178
108,300
46,266
116,241
105,206
101,256
53,477
82,293
111,221
97,172
110,224
108,361
46,250
116,210
105,196
101,368
53,913
82,317
111,227
97,167
110,204
108,306
46,204
116,196
105,216
101,568
53,448
82,337
111,262
97,161
110,206
108,311
46,215
116,172
105,227
101,458
53,389
82,255
111,231
97,183
110,217
108,962
46,201
116,194
105,209
101,265
53,384
82,288
111,215
97,188
110,635
108,450
46,206
116,183
105,190
101,273
53,409
82,247
111,234
97,184
110,247
108,888
46,233
116,174
105,205
101,277
53,409
82,262
111,218
97,171
110,237
108,314
46,195
116,202
105,199
101,285
53,586
82,353
111,225
97,145
110,228
108,293
46,197
116,174
105,198
101,280
53,373
82,273
111,231
97,218
110,254
108,339
46,253
116,195
105,226
101,231
53,391
82,255
111,209
97,177
110,210
108,314
46,209
116,180
105,215
101,287
53,422
82,255
111,250
97,149
110,216
108,276
46,247
116,167
105,199
101,278
53,387
82,246
111,218
97,164
110,222
108,406
46,301
116,173
105,200
101,270
53,427
82,248
111,340
97,280
110,233
108,331
46,206
116,186
105,201
101,273
53,391
82,269
111,263
97,199
110,231
108,329
46,271
116,182
105,215
101,488
53,453
82,280
111,210
97,201
110,210
108,370
46,231
116,201
105,169
101,280
53,405
82,299
111,223
97,160
110,231
108,312
46,328
116,219
105,231
101,636
53,752
82,349
111,237
97,173
110,231
108,353
46,235
116,162
105,210
101,537
53,375
82,279
111,238
97,182
110,295
108,355
46,270
116,166
105,224
101,245
53,386
82,268
111,241
97,222
110,218
108,319
46,212
116,167
105,191
101,255
53,438
82,351
111,285
97,198
110,264
108,410
46,237
116,196
105,198
101,250
53,392
82,283
111,218
97,169
110,225
108,338
46,204
116,187
105,214
101,319
53,434
82,282
111,503
97,287
110,252
108,333
46,201
116,211
105,191
101,248
53,365
82,275
111,239
97,189
110,233
108,324
46,256
116,181
105,200
101,274
53,376
82,284
111,380
97,291
110,255
108,339
46,232
116,208
105,189
101,398
53,388
82,253
111,211
97,190
110,231
108,313
46,282
116,194
105,186
101,226
53,374
82,235
111,293
97,266
110,258
108,315
46,234
116,209
105,208
101,263
53,366
82,276
111,224
97,197
110,214
108,333
46,319
116,215
105,233
101,542
53,384
82,230
111,203
97,190
110,211
108,341
46,201
116,181
105,241
101,430
53,379
82,292
111,237
97,181
110,214
108,338
46,217
116,185
105,178
101,267
53,371
82,298
111,229
97,183
110,221
108,332
46,229
116,210
105,173
101,311
53,417
82,289
111,215
97,188
110,196
108,290
46,263
116,177
105,221
101,255
53,384
82,285
111,219
97,156
110,219
108,296
46,251
116,168
105,507
101,319
53,340
82,277
111,232
97,189
110,211
108,336
46,243
116,199
105,179
101,264
53,352
82,283
111,226
97,186
110,224
108,339
46,323
116,195
105,214
101,257
53,364
82,293
111,229
97,163
110,232
108,321
46,219
116,197
105,177
101,295
53,383
82,247
111,270
97,212
110,459
108,401
46,218
116,168
105,190
101,264
53,354
82,285
111,216
97,157
110,234
108,364
46,265
116,181
105,200
101,296
53,349
82,279
111,201
97,172
110,200
108,367
46,842
116,278
105,237
101,497
53,770
82,301
111,237
97,165
110,216
108,739
46,471
116,245
105,325
101,662
53,543
82,375
111,291
97,246
110,266
108,943
46,423
116,425
105,360
101,543
53,436
82,349
111,241
97,202
110,247
108,411
46,343
116,208
105,656
101,369
53,483
82,296
111,336
97,296
110,279
108,421
46,947
116,226
105,203
101,460
53,496
82,367
111,224
97,223
110,262
108,398
46,343
116,234
105,222
101,273
53,486
82,310
111,304
97,218
110,295
108,412
46,458
116,203
105,247
101,798
53,494
82,296
111,254
97,199
110,249
108,408
46,308
116,207
105,241
101,322
53,451
82,254
111,220
97,206
110,240
108,487
46,298
116,195
105,217
101,421
53,396
82,240
111,216
97,183
110,250
108,491
46,305
116,156
105,231
101,304
53,529
82,324
111,246
97,204
110,228
108,388
46,293
116,156
105,212
101,363
53,430
82,293
111,205
97,180
110,222
108,358
46,244
116,172
105,218
101,304
53,549
82,331
111,266
97,204
110,755
108,497
46,279
116,162
105,212
101,388
53,829
82,288
111,189
97,197
110,236
108,391
46,378
116,199
105,207
101,304
53,424
82,262
111,263
97,185
110,229
108,392
46,248
116,178
105,303
101,374
53,551
82,295
111,233
97,156
110,226
108,375
46,244
116,193
105,179
101,292
53,425
82,244
111,337
97,300
110,307
108,489
46,376
116,180
105,231
101,294
53,417
82,247
111,255
97,229
110,288
108,442
46,263
116,181
105,206
101,276
53,408
82,225
111,234
97,194
110,253
108,450
46,236
116,163
105,189
101,280
53,417
82,273
111,224
97,173
110,214
108,377
46,253
116,191
105,195
101,299
53,406
82,260
111,299
97,221
110,233
108,361
46,272
116,212
105,191
101,258
53,407
82,729
111,388
97,322
110,329
108,373
46,1381
116,207
105,374
101,710
53,838
82,402
111,231
97,192
110,250
108,451
46,354
116,204
105,221
101,281
53,378
82,278
111,284
97,231
110,279
108,388
46,263
116,189
105,224
101,255
53,420
82,237
111,229
97,196
110,189
108,410
46,263
116,179
105,212
101,288
53,438
82,336
111,309
97,198
110,215
108,415
46,241
116,190
105,216
101,265
53,425
82,259
111,261
97,204
110,225
108,615
46,313
116,177
105,189
101,254
53,436
82,280
111,214
97,198
110,234
108,329
46,484
116,199
105,212
101,272
53,394
82,277
111,199
97,155
110,245
108,329
46,300
116,190
105,203
101,273
53,431
82,283
111,198
97,187
110,212
108,338
46,221
116,181
105,181
101,273
53,664
82,355
111,195
97,173
110,215
108,388
46,609
116,174
105,197
101,250
53,435
82,715
111,322
97,224
110,255
108,409
46,1192
116,182
105,207
101,285
53,414
82,252
111,226
97,196
110,195
108,329
46,253
116,197
105,214
101,257
53,401
82,229
111,266
97,186
110,234
108,371
46,526
116,190
105,287
101,352
53,964
82,252
111,180
97,177
110,233
108,387
46,316
116,173
105,251
101,308
53,392
82,288
111,259
97,235
110,370
108,719
46,280
116,190
105,211
101,254
53,389
82,234
111,236
97,226
110,245
108,393
46,235
116,207
105,196
101,463
53,497
82,441
111,253
97,187
110,210
108,333
46,253
116,175
105,218
101,253
53,389
82,264
111,277
97,244
110,658
108,390
46,878
116,230
105,245
101,379
53,370
82,245
111,203
97,188
110,228
108,307
46,266
116,212
105,208
101,274
53,404
82,284
111,215
97,169
110,257
108,331
46,258
116,195
105,221
101,277
53,432
82,260
111,464
97,320
110,305
108,456
46,324
116,200
105,209
101,272
53,392
82,239
111,208
97,169
110,248
108,346
46,257
116,188
105,227
101,240
53,391
82,284
111,260
97,252
110,278
108,721
46,251
116,192
105,170
101,319
53,447
82,271
111,193
97,189
110,212
108,354
46,268
116,214
105,219
101,309
53,450
82,283
111,210
97,175
110,231
108,349
46,327
116,188
105,196
101,306
53,445
82,279
111,220
97,185
110,225
108,368
46,517
116,173
105,218
101,271
53,391
82,235
111,373
97,318
110,388
108,367
46,286
116,206
105,183
101,273
53,384
82,259
111,208
97,203
110,228
108,773
46,278
116,188
105,183
101,306
53,406
82,229
111,204
97,192
110,228
108,333
46,310
116,207
105,222
101,446
53,521
82,320
111,208
97,183
110,215
108,388
46,389
116,191
105,201
101,271
53,365
82,250
111,210
97,173
110,242
108,309
46,396
116,231
105,531
101,465
53,648
82,425
111,308
97,234
110,214
108,515
46,348
116,223
105,298
101,430
53,421
82,279
111,267
97,188
110,238
108,373
46,362
116,231
105,243
101,674
53,958
82,338
111,286
97,220
110,172
108,398
46,371
116,234
105,266
101,531
53,439
82,268
111,259
97,191
110,211
108,422
46,446
116,224
105,254
101,483
53,606
82,270
111,307
97,221
110,231
108,398
46,598
116,178
105,248
101,349
53,546
82,373
111,282
97,157
110,226
108,361
46,412
116,227
105,237
101,319
53,448
82,307
111,455
97,300
110,329
108,633
46,348
116,273
105,270
101,288
53,475
82,319
111,248
97,194
110,221
108,704
46,423
116,286
105,242
101,292
53,631
82,271
111,212
97,183
110,200
108,406
46,382
116,229
105,215
101,268
53,412
82,266
111,301
97,240
110,284
108,911
46,295
116,184
105,254
101,288
53,441
82,257
111,231
97,225
110,242
108,838
46,2028
116,230
105,258
101,366
53,414
82,266
111,253
97,193
110,253
108,1055
46,450
116,215
105,226
101,319
53,431
82,311
111,225
97,189
110,256
108,582
46,338
116,221
105,241
101,277
53,433
82,272
111,219
97,180
110,214
108,1781
46,689
116,222
105,258
101,346
53,411
82,232
111,240
97,193
110,233
108,463
46,317
116,249
105,165
101,625
53,550
82,330
111,213
97,193
110,242
108,374
46,310
116,215
105,220
101,286
53,410
82,249
111,773
97,309
110,259
108,432
46,368
116,192
105,204
101,618
53,499
82,356
111,362
97,328
110,315
108,354
46,390
116,296
105,327
101,310
53,465
82,315
111,268
97,270
110,309
108,362
46,396
116,301
105,810
101,342
53,622
82,320
111,354
97,347
110,282
108,758
46,463
116,254
105,290
101,317
53,405
82,305
111,308
97,244
110,302
108,458
46,643
116,218
105,280
101,315
53,464
82,285
111,243
97,223
110,313
108,414
46,377
116,265
105,257
101,326
53,473
82,325
111,292
97,242
110,269
108,411
46,395
116,261
105,263
101,307
53,514
82,286
111,231
97,220
110,300
108,412
46,375
116,257
105,286
101,292
53,427
82,291
111,277
97,196
110,283
108,416
46,398
116,242
105,266
101,299
53,451
82,323
111,280
97,280
110,289
108,463
46,380
116,255
105,252
101,741
53,638
82,360
111,284
97,238
110,322
108,332
46,296
116,214
105,294
101,321
53,414
82,294
111,249
97,200
110,301
108,397
46,443
116,255
105,325
101,304
53,455
82,324
111,256
97,184
110,246
108,339
46,397
116,278
105,307
101,283
53,419
82,265
111,251
97,205
110,280
108,333
46,297
116,230
105,258
101,308
53,436
82,257
111,249
97,216
110,271
108,361
46,361
116,259
105,270
101,283
53,473
82,271
111,259
97,227
110,284
108,354
46,281
116,248
105,262
101,277
53,445
82,272
111,263
97,214
110,270
108,509
46,721
116,225
105,262
101,344
53,457
82,251
111,239
97,177
110,286
108,390
46,346
116,287
105,282
101,299
53,578
82,310
111,268
97,276
110,302
108,320
46,338
116,277
105,266
101,304
53,419
82,294
111,286
97,227
110,294
108,378
46,354
116,276
105,299
101,302
53,431
82,246
111,256
97,206
110,262
108,613
46,311
116,254
105,289
101,366
53,556
82,343
111,579
97,288
110,370
108,930
46,513
116,252
105,242
101,582
53,487
82,259
111,232
97,225
110,294
108,333
46,296
116,259
105,384
101,529
53,620
82,299
111,268
97,217
110,295
108,347
46,637
116,325
105,294
101,352
53,472
82,292
111,246
97,231
110,301
108,371
46,373
116,257
105,268
101,301
53,400
82,278
111,295
97,239
110,307
108,473
46,339
116,262
105,226
101,763
53,480
82,282
111,264
97,217
110,281
108,319
46,307
116,245
105,281
101,284
53,462
82,279
111,246
97,224
110,278
108,344
46,301
116,251
105,292
101,285
53,489
82,515
111,308
97,297
110,344
108,475
46,404
116,244
105,221
101,288
53,425
82,240
111,257
97,222
110,288
108,785
46,349
116,247
105,456
101,466
53,765
82,326
111,261
97,222
110,318
108,361
46,358
116,256
105,258
101,281
53,384
82,257
111,233
97,217
110,281
108,389
46,343
116,266
105,255
101,273
53,393
82,245
111,231
97,210
110,284
108,403
46,392
116,221
105,236
101,269
53,405
82,249
111,244
97,186
110,300
108,336
46,511
116,770
105,355
101,458
53,437
82,395
111,269
97,208
110,274
108,554
46,381
116,236
105,323
101,359
53,434
82,347
111,235
97,189
110,251
108,348
46,385
116,246
105,271
101,307
53,554
82,358
111,253
97,190
110,254
108,359
46,360
116,244
105,257
101,314
53,498
82,330
111,229
97,176
110,241
108,356
46,358
116,293
105,243
101,279
53,479
82,296
111,207
97,186
110,210
108,687
46,602
116,206
105,234
101,294
53,416
82,259
111,234
97,193
110,225
108,417
46,464
116,195
105,248
101,300
53,534
82,297
111,209
97,179
110,238
108,592
46,443
116,202
105,221
101,287
53,459
82,300
111,202
97,203
110,247
108,624
46,354
116,200
105,203
101,274
53,379
82,264
111,231
97,205
110,190
108,361
46,356
116,216
105,204
101,264
53,384
82,271
111,229
97,176
110,225
108,328
46,324
116,209
105,199
101,273
53,398
82,249
111,211
97,164
110,229
108,327
46,344
116,205
105,192
101,280
53,412
82,270
111,215
97,183
110,223
108,346
46,320
116,246
105,192
101,302
53,479
82,288
111,206
97,170
110,222
108,310
46,294
116,223
105,202
101,281
53,457
82,358
111,230
97,205
110,278
108,345
46,459
116,217
105,468
101,311
53,379
82,234
111,266
97,218
110,237
108,352
46,385
116,329
105,263
101,332
53,392
82,254
111,219
97,173
110,233
108,302
46,289
116,193
105,199
101,282
53,413
82,254
111,220
97,190
110,219
108,333
46,405
116,189
105,201
101,299
53,399
82,219
111,227
97,199
110,236
108,693
46,383
116,202
105,202
101,250
53,414
82,285
111,477
97,298
110,252
108,340
46,352
116,220
105,192
101,279
53,443
82,343
111,212
97,181
110,213
108,351
46,310
116,190
105,205
101,272
53,397
82,253
111,214
97,195
110,241
108,364
46,750
116,192
105,239
101,276
53,414
82,239
111,202
97,209
110,246
108,330
46,243
116,200
105,198
101,258
53,417
82,251
111,202
97,181
110,233
108,314
46,518
116,419
105,241
101,305
53,355
82,242
111,207
97,175
110,231
108,677
46,338
116,222
105,217
101,264
53,353
82,241
111,211
97,199
110,224
108,689
46,336
116,199
105,201
101,295
53,369
82,260
111,203
97,165
110,245
108,338
46,312
116,188
105,186
101,268
53,375
82,269
111,215
97,173
110,220
108,306
46,240
116,213
105,190
101,277
53,364
82,255
111,202
97,199
110,214
108,314
46,346
116,257
105,381
101,379
53,825
82,302
111,179
97,212
110,254
108,717
46,295
116,200
105,193
101,285
53,367
82,270
111,216
97,179
110,229
108,875
46,404
116,231
105,196
101,269
53,382
82,243
111,204
97,175
110,245
108,334
46,253
116,197
105,175
101,286
53,389
82,236
111,208
97,205
110,222
108,361
46,300
116,196
105,197
101,256
53,384
82,249
111,185
97,191
110,227
108,331
46,308
116,589
105,269
101,260
53,355
82,227
111,216
97,182
110,219
108,310
46,250
116,214
105,631
101,359
53,403
82,251
111,211
97,255
110,297
108,370
46,380
116,207
105,178
101,272
53,387
82,236
111,201
97,216
110,211
108,357
46,307
116,212
105,192
101,246
53,408
82,258
111,384
97,354
110,308
108,390
46,354
116,201
105,185
101,265
53,396
82,261
111,206
97,209
110,627
108,388
46,310
116,186
105,192
101,262
53,392
82,255
111,224
97,175
110,247
108,335
46,312
116,224
105,206
101,337
53,584
82,335
111,198
97,206
110,219
108,295
46,261
116,201
105,156
101,267
53,367
82,249
111,222
97,180
110,242
108,325
46,281
116,197
105,186
101,259
53,362
82,257
111,217
97,178
110,226
108,313
46,353
116,199
105,203
101,230
53,373
82,246
111,213
97,176
110,236
108,582
46,340
116,195
105,179
101,256
53,372
82,239
111,206
97,169
110,234
108,329
46,284
116,176
105,218
101,279
53,378
82,199
111,216
97,152
110,250
108,355
46,238
116,188
105,196
101,280
53,361
82,258
111,206
97,194
110,229
108,362
46,1115
116,176
105,215
101,532
53,381
82,226
111,221
97,190
110,211
108,348
46,351
116,192
105,243
101,498
53,408
82,233
111,207
97,177
110,245
108,356
46,557
116,197
105,200
101,246
53,408
82,317
111,242
97,219
110,251
108,326
46,480
116,218
105,201
101,303
53,444
82,294
111,220
97,175
110,246
108,322
46,441
116,681
105,1155
101,478
53,1735
82,319
111,246
97,206
110,224
108,371
46,343
116,220
105,257
101,368
53,432
82,326
111,254
97,187
110,234
108,357
46,328
116,253
105,261
101,280
53,559
82,372
111,430
97,361
110,223
108,360
46,393
116,249
105,217
101,280
53,408
82,276
111,344
97,279
110,256
108,444
46,332
116,201
105,168
101,309
53,457
82,275
111,234
97,200
110,234
108,445
46,387
116,280
105,274
101,380
53,433
82,275
111,268
97,204
110,217
108,401
46,390
116,195
105,201
101,282
53,435
82,243
111,214
97,183
110,217
108,324
46,352
116,223
105,223
101,239
53,428
82,247
111,229
97,193
110,227
108,349
46,368
116,212
105,202
101,274
53,443
82,297
111,242
97,196
110,232
108,402
46,365
116,216
105,231
101,266
53,412
82,291
111,516
97,332
110,326
108,413
46,343
116,236
105,192
101,368
53,406
82,237
111,197
97,162
110,247
108,300
46,277
116,241
105,236
101,427
53,406
82,248
111,298
97,239
110,246
108,358
46,568
116,229
105,206
101,445
53,373
82,289
111,183
97,197
110,225
108,725
46,568
116,243
105,179
101,298
53,385
82,249
111,281
97,326
110,252
108,429
46,559
116,203
105,212
101,332
53,405
82,254
111,192
97,174
110,242
108,317
46,272
116,225
105,238
101,366
53,404
82,241
111,203
97,160
110,222
108,318
46,308
116,242
105,238
101,255
53,393
82,248
111,210
97,172
110,229
108,304
46,257
116,201
105,224
101,340
53,378
82,239
111,218
97,207
110,210
108,308
46,245
116,214
105,240
101,306
53,427
82,260
111,202
97,185
110,217
108,283
46,268
116,204
105,210
101,259
53,352
82,231
111,217
97,161
110,215
108,273
46,210
116,198
105,222
101,335
53,405
82,260
111,218
97,170
110,212
108,281
46,217
116,191
105,362
101,414
53,380
82,208
111,778
97,200
110,256
108,320
46,284
116,197
105,186
101,262
53,362
82,228
111,208
97,154
110,222
108,287
46,233
116,220
105,238
101,259
53,372
82,247
111,226
97,162
110,238
108,291
46,242
116,208
105,192
101,353
53,627
82,342
111,215
97,172
110,213
108,305
46,250
116,205
105,227
101,445
53,415
82,279
111,310
97,276
110,239
108,300
46,486
116,213
105,208
101,733
53,409
82,267
111,215
97,181
110,275
108,354
46,313
116,205
105,221
101,731
53,442
82,268
111,218
97,186
110,229
108,311
46,218
116,215
105,183
101,261
53,369
82,262
111,247
97,186
110,217
108,436
46,290
116,215
105,216
101,275
53,427
82,253
111,200
97,174
110,211
108,309
46,258
116,203
105,172
101,261
53,373
82,243
111,216
97,178
110,221
108,315
46,240
116,172
105,210
101,284
53,402
82,222
111,228
97,196
110,210
108,682
46,357
116,203
105,198
101,605
53,415
82,255
111,219
97,171
110,222
108,370
46,259
116,209
105,208
101,297
53,400
82,228
111,227
97,165
110,227
108,401
46,266
116,201
105,226
101,341
53,419
82,259
111,214
97,175
110,211
108,342
46,268
116,192
105,213
101,346
53,374
82,253
111,210
97,150
110,217
108,343
46,279
116,178
105,206
101,359
53,548
82,295
111,220
97,188
110,232
108,1018
46,387
116,194
105,235
101,544
53,387
82,218
111,208
97,191
110,225
108,396
46,307
116,238
105,202
101,273
53,412
82,296
111,269
97,197
110,234
108,1425
46,316
116,195
105,225
101,291
53,413
82,263
111,263
97,185
110,242
108,410
46,356
116,203
105,226
101,327
53,362
82,300
111,215
97,186
110,251
108,354
46,317
116,203
105,221
101,356
53,427
82,244
111,223
97,185
110,187
108,339
46,253
116,207
105,210
101,333
53,396
82,269
111,211
97,172
110,209
108,435
46,421
116,196
105,237
101,415
53,395
82,243
111,231
97,176
110,210
108,342
46,251
116,209
105,232
101,180
53,407
82,201
111,742
97,354
110,885
108,978
46,341
116,203
105,195
101,348
53,373
82,232
111,210
97,171
110,232
108,469
46,287
116,243
105,141
101,340
53,389
82,243
111,201
97,170
110,223
108,361
46,268
116,236
105,218
101,376
53,423
82,294
111,224
97,198
110,199
108,370
46,762
116,239
105,415
101,309
53,429
82,275
111,287
97,219
110,221
108,366
46,1199
116,182
105,985
101,326
53,401
82,240
111,226
97,206
110,201
108,338
46,338
116,206
105,228
101,254
53,419
82,295
111,391
97,320
110,328
108,1120
46,301
116,256
105,235
101,291
53,466
82,297
111,238
97,214
110,242
108,509
46,282
116,216
105,185
101,313
53,600
82,346
111,247
97,191
110,302
108,826
46,429
116,235
105,259
101,269
53,495
82,357
111,301
97,192
110,230
108,468
46,420
116,177
105,194
101,270
53,409
82,257
111,224
97,186
110,243
108,364
46,484
116,193
105,276
101,312
53,437
82,268
111,295
97,209
110,232
108,362
46,306
116,233
105,253
101,332
53,432
82,294
111,303
97,647
110,465
108,414
46,373
116,253
105,229
101,306
53,395
82,270
111,275
97,214
110,224
108,598
46,240
116,230
105,247
101,314
53,545
82,300
111,248
97,200
110,226
108,487
46,314
116,232
105,245
101,263
53,460
82,320
111,288
97,205
110,254
108,377
46,264
116,209
105,239
101,211
53,710
82,403
111,266
97,206
110,237
108,355
46,249
116,207
105,205
101,259
53,395
82,265
111,274
97,220
110,270
108,370
46,254
116,230
105,219
101,243
53,425
82,277
111,275
97,225
110,305
108,366
46,247
116,223
105,203
101,281
53,427
82,262
111,272
97,192
110,298
108,356
46,269
116,210
105,181
101,266
53,431
82,276
111,348
97,270
110,284
108,362
46,264
116,217
105,199
101,271
53,389
82,267
111,265
97,197
110,242
108,368
46,243
116,222
105,182
101,284
53,437
82,296
111,233
97,176
110,260
108,330
46,270
116,216
105,197
101,275
53,416
82,317
111,320
97,227
110,260
108,355
46,256
116,233
105,203
101,259
53,408
82,274
111,244
97,183
110,228
108,373
46,271
116,212
105,218
101,233
53,429
82,276
111,240
97,206
110,226
108,342
46,322
116,196
105,224
101,326
53,388
82,271
111,210
97,177
110,243
108,350
46,242
116,236
105,202
101,250
53,437
82,247
111,235
97,213
110,232
108,444
46,425
116,385
105,423
101,502
53,419
82,280
111,269
97,196
110,259
108,371
46,409
116,228
105,210
101,289
53,385
82,274
111,234
97,201
110,245
108,375
46,240
116,237
105,238
101,266
53,371
82,248
111,271
97,193
110,240
108,374
46,236
116,209
105,200
101,300
53,412
82,265
111,228
97,180
110,222
108,374
46,365
116,228
105,239
101,301
53,406
82,269
111,236
97,208
110,241
108,371
46,258
116,213
105,213
101,252
53,407
82,259
111,253
97,184
110,237
108,360
46,231
116,219
105,199
101,261
53,394
82,292
111,277
97,131
110,1307
108,424
46,337
116,264
105,215
101,230
53,359
82,251
111,222
97,185
110,248
108,357
46,278
116,180
105,184
101,273
53,434
82,250
111,231
97,201
110,257
108,357
46,246
116,197
105,198
101,316
53,479
82,333
111,236
97,167
110,253
108,327
46,309
116,202
105,270
101,324
53,607
82,360
111,225
97,177
110,288
108,330
46,266
116,218
105,235
101,289
53,435
82,264
111,235
97,174
110,248
108,385
46,253
116,203
105,237
101,290
53,453
82,297
111,223
97,173
110,227
108,349
46,257
116,200
105,212
101,287
53,404
82,276
111,262
97,164
110,250
108,373
46,254
116,197
105,194
101,315
53,380
82,259
111,227
97,192
110,222
108,342
46,267
116,190
105,199
101,289
53,381
82,264
111,225
97,190
110,218
108,326
46,244
116,217
105,206
101,256
53,343
82,285
111,224
97,191
110,223
108,305
46,282
116,183
105,191
101,264
53,380
82,291
111,234
97,196
110,226
108,284
46,183
116,192
105,176
101,335
53,350
82,252
111,203
97,166
110,216
108,338
46,218
116,334
105,292
101,270
53,406
82,251
111,215
97,153
110,256
108,336
46,260
116,211
105,203
101,265
53,375
82,316
111,260
97,179
110,213
108,317
46,254
116,273
105,414
101,414
53,432
82,271
111,228
97,154
110,251
108,313
46,237
116,228
105,186
101,289
53,406
82,260
111,214
97,173
110,235
108,1014
46,752
116,182
105,240
101,314
53,381
82,250
111,211
97,161
110,271
108,349
46,319
116,215
105,223
101,291
53,365
82,266
111,200
97,167
110,240
108,354
46,214
116,217
105,170
101,294
53,360
82,248
111,225
97,170
110,253
108,348
46,338
116,339
105,269
101,283
53,399
82,694
111,258
97,169
110,255
108,340
46,263
116,191
105,212
101,301
53,401
82,275
111,217
97,198
110,250
108,356
46,438
116,304
105,296
101,338
53,479
82,315
111,252
97,247
110,294
108,317
46,298
116,271
105,210
101,277
53,445
82,284
111,234
97,185
110,255
108,678
46,282
116,185
105,199
101,293
53,381
82,283
111,220
97,169
110,222
108,995
46,358
116,221
105,227
101,288
53,408
82,291
111,257
97,213
110,251
108,349
46,344
116,222
105,208
101,290
53,425
82,264
111,242
97,173
110,241
108,370
46,306
116,191
105,199
101,267
53,414
82,269
111,233
97,195
110,193
108,342
46,309
116,205
105,209
101,275
53,428
82,272
111,239
97,185
110,239
108,324
46,316
116,236
105,217
101,243
53,372
82,241
111,232
97,176
110,210
108,326
46,458
116,263
105,204
101,276
53,404
82,239
111,211
97,188
110,205
108,322
46,316
116,194
105,203
101,264
53,399
82,249
111,209
97,183
110,228
108,335
46,288
116,194
105,193
101,275
53,417
82,272
111,209
97,181
110,201
108,343
46,262
116,208
105,189
101,251
53,392
82,259
111,211
97,195
110,216
108,323
46,255
116,190
105,195
101,261
53,393
82,265
111,213
97,176
110,216
108,342
46,316
116,196
105,214
101,249
53,382
82,248
111,193
97,183
110,195
108,336
46,305
116,232
105,221
101,259
53,408
82,224
111,207
97,199
110,207
108,303
46,247
116,212
105,208
101,302
53,379
82,254
111,200
97,208
110,209
108,326
46,265
116,177
105,208
101,267
53,361
82,258
111,181
97,180
110,225
108,343
46,301
116,250
105,226
101,212
53,355
82,265
111,224
97,175
110,207
108,359
46,248
116,201
105,195
101,265
53,363
82,247
111,185
97,185
110,208
108,319
46,262
116,230
105,255
101,360
53,502
82,288
111,196
97,178
110,207
108,372
46,270
116,170
105,194
101,262
53,331
82,262
111,197
97,156
110,236
108,324
46,220
116,216
105,223
101,311
53,428
82,270
111,202
97,181
110,238
108,331
46,225
116,209
105,207
101,279
53,418
82,243
111,199
97,165
110,236
108,318
46,214
116,216
105,227
101,280
53,398
82,262
111,198
97,149
110,207
108,332
46,234
116,202
105,198
101,276
53,400
82,250
111,204
97,141
110,698
108,401
46,378
116,252
105,196
101,476
53,459
82,265
111,185
97,187
110,227
108,331
46,195
116,247
105,228
101,258
53,362
82,266
111,208
97,175
110,241
108,332
46,257
116,217
105,217
101,288
53,395
82,246
111,204
97,195
110,214
108,339
46,217
116,229
105,186
101,254
53,387
82,247
111,208
97,217
110,213
108,330
46,232
116,207
105,194
101,270
53,373
82,258
111,487
97,317
110,265
108,344
46,336
116,254
105,363
101,440
53,462
82,257
111,195
97,183
110,241
108,312
46,251
116,206
105,209
101,236
53,353
82,263
111,199
97,195
110,198
108,330
46,210
116,218
105,181
101,256
53,369
82,253
111,206
97,184
110,198
108,307
46,222
116,200
105,167
101,267
53,389
82,302
111,238
97,170
110,234
108,504
46,467
116,196
105,206
101,256
53,393
82,249
111,200
97,212
110,262
108,394
46,364
116,309
105,240
101,269
53,407
82,297
111,243
97,206
110,234
108,345
46,249
116,177
105,195
101,275
53,439
82,293
111,226
97,154
110,240
108,652
46,376
116,228
105,153
101,272
53,375
82,253
111,217
97,187
110,232
108,424
46,509
116,181
105,217
101,257
53,378
82,272
111,204
97,168
110,216
108,379
46,238
116,189
105,167
101,261
53,402
82,251
111,222
97,172
110,212
108,318
46,221
116,206
105,177
101,263
53,404
82,239
111,215
97,160
110,199
108,372
46,401
116,225
105,182
101,271
53,378
82,225
111,197
97,188
110,222
108,324
46,245
116,205
105,202
101,264
53,420
82,286
111,288
97,194
110,295
108,667
46,244
116,188
105,175
101,254
53,357
82,293
111,193
97,187
110,229
108,355
46,256
116,192
105,191
101,279
53,420
82,313
111,510
97,321
110,336
108,335
46,652
116,271
105,276
101,563
53,401
82,260
111,211
97,194
110,257
108,335
46,287
116,194
105,192
101,275
53,386
82,242
111,214
97,176
110,220
108,392
46,318
116,220
105,175
101,252
53,389
82,242
111,225
97,169
110,276
108,387
46,464
116,302
105,270
101,286
53,392
82,242
111,205
97,160
110,211
108,372
46,308
116,221
105,202
101,516
53,403
82,271
111,213
97,182
110,235
108,439
46,496
116,308
105,284
101,341
53,489
82,309
111,274
97,229
110,278
108,377
46,354
116,258
105,259
101,289
53,447
82,292
111,303
97,337
110,283
108,315
46,278
116,229
105,203
101,285
53,431
82,652
111,262
97,255
110,252
108,352
46,388
116,211
105,206
101,297
53,478
82,349
111,221
97,204
110,245
108,1846
46,357
116,242
105,197
101,282
53,407
82,281
111,261
97,192
110,248
108,389
46,306
116,210
105,209
101,265
53,404
82,291
111,382
97,303
110,253
108,406
46,305
116,270
105,283
101,420
53,465
82,274
111,283
97,233
110,314
108,324
46,281
116,249
105,235
101,302
53,420
82,290
111,280
97,213
110,273
108,420
46,328
116,221
105,245
101,312
53,393
82,269
111,352
97,303
110,317
108,407
46,279
116,222
105,209
101,297
53,392
82,306
111,291
97,218
110,640
108,376
46,273
116,246
105,183
101,286
53,481
82,322
111,252
97,240
110,305
108,368
46,290
116,228
105,236
101,289
53,414
82,324
111,286
97,206
110,290
108,356
46,257
116,228
105,233
101,301
53,464
82,319
111,264
97,204
110,345
108,542
46,290
116,238
105,204
101,297
53,405
82,300
111,270
97,186
110,311
108,407
46,306
116,238
105,203
101,289
53,408
82,280
111,267
97,223
110,277
108,359
46,262
116,208
105,219
101,300
53,406
82,323
111,318
97,278
110,277
108,363
46,251
116,223
105,207
101,294
53,421
82,321
111,285
97,193
110,277
108,335
46,250
116,211
105,204
101,286
53,448
82,281
111,299
97,262
110,295
108,354
46,649
116,257
105,228
101,349
53,441
82,275
111,234
97,194
110,268
108,349
46,291
116,253
105,271
101,440
53,434
82,305
111,291
97,197
110,248
108,344
46,259
116,296
105,467
101,340
53,386
82,276
111,252
97,190
110,282
108,304
46,214
116,249
105,216
101,264
53,397
82,296
111,235
97,206
110,236
108,336
46,238
116,233
105,217
101,276
53,408
82,272
111,229
97,211
110,268
108,329
46,250
116,216
105,236
101,293
53,390
82,275
111,344
97,342
110,273
108,338
46,241
116,232
105,198
101,280
53,383
82,319
111,288
97,188
110,258
108,352
46,579
116,259
105,293
101,362
53,418
82,281
111,225
97,211
110,259
108,299
46,278
116,238
105,370
101,520
53,402
82,279
111,230
97,194
110,258
108,311
46,233
116,227
105,238
101,292
53,356
82,284
111,223
97,195
110,245
108,320
46,251
116,211
105,227
101,265
53,388
82,238
111,214
97,173
110,257
108,334
46,228
116,229
105,214
101,299
53,417
82,370
111,695
97,253
110,251
108,365
46,510
116,445
105,642
101,454
53,469
82,287
111,214
97,175
110,255
108,304
46,233
116,213
105,230
101,270
53,351
82,281
111,223
97,172
110,226
108,330
46,309
116,266
105,288
101,311
53,384
82,363
111,484
97,409
110,259
108,323
46,259
116,247
105,238
101,391
53,425
82,263
111,207
97,214
110,243
108,315
46,273
116,217
105,225
101,286
53,400
82,283
111,215
97,221
110,260
108,329
46,300
116,285
105,235
101,284
53,420
82,294
111,220
97,152
110,246
108,310
46,628
116,206
105,223
101,679
53,527
82,323
111,201
97,200
110,280
108,363
46,427
116,335
105,322
101,339
53,479
82,348
111,298
97,221
110,297
108,453
46,366
116,252
105,227
101,254
53,392
82,411
111,360
97,404
110,351
108,440
46,332
116,235
105,184
101,277
53,396
82,265
111,204
97,193
110,256
108,355
46,304
116,223
105,204
101,276
53,418
82,276
111,239
97,201
110,259
108,325
46,227
116,209
105,212
101,277
53,391
82,252
111,235
97,195
110,225
108,336
46,217
116,238
105,186
101,281
53,395
82,290
111,224
97,180
110,221
108,326
46,238
116,217
105,178
101,293
53,444
82,279
111,305
97,257
110,233
108,354
46,222
116,204
105,226
101,339
53,452
82,272
111,213
97,162
110,255
108,331
46,218
116,229
105,212
101,261
53,381
82,274
111,222
97,187
110,223
108,333
46,225
116,211
105,189
101,266
53,394
82,233
111,208
97,188
110,209
108,349
46,322
116,219
105,187
101,259
53,440
82,257
111,220
97,165
110,242
108,327
46,285
116,196
105,198
101,338
53,396
82,265
111,245
97,180
110,226
108,356
46,469
116,204
105,208
101,389
53,396
82,258
111,210
97,173
110,256
108,371
