46,821
116,843
105,231
101,1260
53,987
82,416
111,206
97,455
110,267
108,518
46,609
116,739
105,208
101,1041
53,857
82,411
111,194
97,405
110,316
108,544
46,914
116,366
105,234
101,959
53,846
82,407
111,218
97,605
110,298
108,1507
46,482
116,866
105,207
101,688
53,769
82,407
111,194
97,432
110,261
108,409
46,470
116,476
105,159
101,712
53,539
82,333
111,227
97,357
110,241
108,389
46,430
116,442
105,186
101,955
53,506
82,561
111,201
97,548
110,226
108,397
46,407
116,408
105,193
101,795
53,1193
82,374
111,192
97,357
110,206
108,405
46,335
116,314
105,233
101,709
53,554
82,358
111,163
97,311
110,230
108,418
46,394
116,376
105,214
101,703
53,474
82,336
111,194
97,269
110,253
108,463
46,384
116,387
105,211
101,609
53,462
82,310
111,206
97,310
110,280
108,400
46,350
116,300
105,232
101,811
53,633
82,340
111,167
97,277
110,237
108,357
46,524
116,327
105,162
101,648
53,526
82,484
111,186
97,466
110,465
108,575
46,607
116,360
105,202
101,653
53,568
82,398
111,209
97,306
110,301
108,567
46,473
116,379
105,180
101,613
53,497
82,335
111,216
97,254
110,304
108,482
46,409
116,345
105,213
101,617
53,455
82,326
111,239
97,257
110,271
108,426
46,463
116,312
105,203
101,624
53,753
82,335
111,142
97,259
110,373
108,391
46,491
116,327
105,175
101,630
53,496
82,377
111,172
97,320
110,368
108,437
46,448
116,354
105,202
101,801
53,462
82,341
111,193
97,256
110,272
108,376
46,443
116,551
105,224
101,745
53,434
82,319
111,217
97,262
110,301
108,451
46,495
116,548
105,223
101,794
53,483
82,334
111,243
97,230
110,313
108,495
46,607
116,339
105,209
101,670
53,454
82,387
111,197
97,222
110,319
108,537
46,312
116,326
105,248
101,674
53,467
82,347
111,223
97,275
110,441
108,462
46,379
116,301
105,215
101,658
53,547
82,310
111,196
97,243
110,370
108,443
46,363
116,398
105,186
101,1277
53,420
82,326
111,194
97,275
110,279
108,448
46,395
116,402
105,210
101,662
53,680
82,358
111,179
97,551
110,268
108,455
46,464
116,477
105,185
101,719
53,447
82,347
111,179
97,311
110,238
108,544
46,441
116,361
105,180
101,639
53,653
82,383
111,196
97,352
110,312
108,424
46,379
116,405
105,188
101,1812
53,623
82,317
111,249
97,333
110,307
108,535
46,319
116,495
105,197
101,755
53,513
82,369
111,225
97,337
110,290
108,563
46,404
116,355
105,233
101,658
53,446
82,373
111,224
97,344
110,246
108,403
46,370
116,398
105,237
101,845
53,427
82,361
111,253
97,288
110,292
108,492
46,447
116,395
105,525
101,805
53,404
82,366
111,225
97,378
110,291
108,420
46,489
116,360
105,178
101,695
53,431
82,355
111,200
97,334
110,245
108,409
46,381
116,395
105,205
101,724
53,647
82,356
111,202
97,561
110,259
108,410
46,373
116,327
105,253
101,992
53,598
82,366
111,174
97,341
110,233
108,448
46,464
116,375
105,206
101,702
53,599
82,405
111,156
97,305
110,242
108,429
46,422
116,368
105,189
101,768
53,408
82,402
111,160
97,294
110,255
108,418
46,394
116,343
105,219
101,1090
53,463
82,362
111,216
97,262
110,299
108,763
46,457
116,421
105,212
101,889
53,479
82,380
111,217
97,530
110,222
108,443
46,456
116,401
105,173
101,827
53,593
82,401
111,186
97,472
110,263
108,468
46,501
116,367
105,213
101,689
53,889
82,675
111,253
97,364
110,244
108,494
46,433
116,344
105,203
101,653
53,474
82,446
111,219
97,323
110,390
108,505
46,392
116,384
105,239
101,676
53,452
82,349
111,253
97,330
110,294
108,410
46,624
116,299
105,196
101,853
53,482
82,378
111,200
97,362
110,258
108,450
46,327
116,319
105,245
101,651
53,503
82,343
111,221
97,323
110,240
108,459
46,652
116,390
105,153
101,816
53,532
82,344
111,227
97,256
110,258
108,495
46,412
116,310
105,214
101,627
53,474
82,365
111,212
97,267
110,239
108,452
46,423
116,295
105,216
101,645
53,461
82,363
111,202
97,260
110,521
108,423
46,393
116,359
105,214
101,802
53,402
82,354
111,239
97,264
110,259
108,510
46,354
116,289
105,224
101,1303
53,905
82,345
111,226
97,1406
110,212
108,387
46,870
116,412
105,233
101,1130
53,778
82,409
111,318
97,492
110,341
108,733
46,485
116,267
105,212
101,919
53,496
82,541
111,296
97,366
110,324
108,537
46,391
116,277
105,242
101,1274
53,454
82,324
111,250
97,317
110,261
108,438
46,423
116,261
105,274
101,1050
53,902
82,266
111,244
97,292
110,328
108,508
46,308
116,295
105,270
101,813
53,504
82,413
111,220
97,341
110,277
108,463
46,369
116,283
105,221
101,802
53,481
82,284
111,271
97,285
110,567
108,950
46,651
116,247
105,253
101,915
53,448
82,304
111,274
97,256
110,357
108,503
46,404
116,248
105,225
101,823
53,422
82,338
111,238
97,306
110,305
108,452
46,363
116,292
105,219
101,894
53,419
82,299
111,238
97,437
110,288
108,448
46,291
116,269
105,264
101,698
53,587
82,294
111,220
97,301
110,294
108,461
46,269
116,271
105,254
101,1128
53,425
82,264
111,223
97,678
110,261
108,422
46,296
116,294
105,220
101,705
53,587
82,347
111,184
97,446
110,253
108,454
46,323
116,245
105,208
101,870
53,470
82,321
111,217
97,369
110,233
108,421
46,372
116,384
105,219
101,952
53,450
82,340
111,193
97,324
110,222
108,453
46,367
116,357
105,267
101,769
53,809
82,421
111,200
97,478
110,570
108,483
46,520
116,254
105,231
101,709
53,409
82,335
111,238
97,358
110,313
108,428
46,572
116,263
105,197
101,804
53,556
82,305
111,234
97,383
110,255
108,442
46,367
116,282
105,202
101,900
53,413
82,287
111,238
97,306
110,300
108,491
46,318
116,309
105,219
101,909
53,396
82,262
111,245
97,287
110,265
108,419
46,268
116,288
105,261
101,733
53,498
82,293
111,199
97,437
110,337
108,378
46,303
116,268
105,200
101,728
53,456
82,303
111,230
97,322
110,275
108,423
46,277
116,294
105,241
101,770
53,495
82,321
111,207
97,278
110,212
108,405
46,326
116,230
105,229
101,680
53,454
82,337
111,207
97,374
110,314
108,419
46,342
116,270
105,209
101,804
53,397
82,797
111,296
97,316
110,269
108,412
46,301
116,247
105,237
101,1054
53,913
82,365
111,181
97,837
110,253
108,397
46,286
116,245
105,218
101,759
53,521
82,374
111,386
97,270
110,286
108,384
46,327
116,333
105,243
101,773
53,490
82,367
111,233
97,357
110,237
108,371
46,335
116,277
105,230
101,921
53,416
82,339
111,215
97,317
110,210
108,385
46,350
116,293
105,245
101,917
53,583
82,311
111,232
97,285
110,255
108,380
46,352
116,319
105,113
101,1339
53,945
82,382
111,346
97,306
110,183
108,390
46,508
116,275
105,220
101,639
53,504
82,305
111,245
97,274
110,286
108,451
46,612
116,437
105,211
101,639
53,830
82,351
111,254
97,333
110,203
108,367
46,425
116,282
105,219
101,919
53,438
82,336
111,216
97,316
110,259
108,381
46,427
116,371
105,185
101,696
53,498
82,372
111,223
97,255
110,314
108,437
46,365
116,357
105,237
101,889
53,854
82,338
111,251
97,273
110,244
108,403
46,361
116,374
105,197
101,783
53,704
82,336
111,242
97,499
110,215
108,393
46,317
116,250
105,209
101,754
53,704
82,303
111,209
97,256
110,261
108,389
46,536
116,293
105,200
101,727
53,530
82,300
111,224
97,273
110,238
108,402
46,314
116,282
105,224
101,867
53,690
82,398
111,280
97,318
110,232
108,398
46,272
116,285
105,209
101,917
53,419
82,285
111,255
97,232
110,246
108,408
46,425
116,344
105,195
101,750
53,451
82,335
111,201
97,266
110,257
108,412
46,330
116,337
105,210
101,1123
53,433
82,281
111,254
97,255
110,239
108,407
46,1098
116,283
105,199
101,875
53,420
82,296
111,317
97,272
110,265
108,426
46,408
116,274
105,197
101,702
53,446
82,296
111,250
97,256
110,254
108,407
46,375
116,269
105,221
101,654
53,495
82,274
111,242
97,257
110,483
108,436
46,402
116,290
105,213
101,1022
53,445
82,288
111,256
97,281
110,280
108,478
46,499
116,219
105,237
101,691
53,404
82,442
111,231
97,287
110,229
108,418
46,307
116,282
105,285
101,943
53,468
82,344
111,265
97,308
110,220
108,390
46,299
116,320
105,218
101,694
53,425
82,305
111,240
97,271
110,279
108,439
46,419
116,386
105,336
101,1104
53,562
82,281
111,278
97,305
110,279
108,421
46,1290
116,350
105,335
101,867
53,697
82,392
111,208
97,412
110,302
108,419
46,471
116,468
105,212
101,936
53,482
82,330
111,257
97,270
110,283
108,481
46,562
116,612
105,251
101,453
53,628
82,381
111,217
97,446
110,314
108,488
46,456
116,651
105,217
101,773
53,422
82,308
111,230
97,269
110,280
108,469
46,433
116,633
105,256
101,565
53,504
82,307
111,265
97,312
110,331
108,673
46,443
116,733
105,184
101,1747
53,1174
82,492
111,196
97,371
110,279
108,401
46,512
116,744
105,187
101,1080
53,530
82,316
111,271
97,313
110,307
108,401
46,455
116,655
105,206
101,1143
53,559
82,336
111,223
97,331
110,258
108,415
46,436
116,410
105,183
101,900
53,431
82,331
111,232
97,291
110,248
108,422
46,450
116,446
105,195
101,782
53,413
82,349
111,355
97,339
110,202
108,396
46,378
116,446
105,188
101,727
53,420
82,315
111,215
97,266
110,256
108,411
46,439
116,456
105,243
101,1182
53,569
82,346
111,214
97,292
110,305
108,439
46,550
116,532
105,196
101,765
53,447
82,327
111,223
97,261
110,249
108,407
46,486
116,431
105,190
101,666
53,485
82,346
111,204
97,295
110,261
108,395
46,463
116,417
105,187
101,691
53,480
82,330
111,224
97,295
110,240
108,422
46,416
116,463
105,218
101,680
53,500
82,279
111,221
97,254
110,253
108,439
46,434
116,424
105,346
101,477
53,678
82,347
111,201
97,293
110,260
108,405
46,289
116,382
105,183
101,654
53,507
82,286
111,229
97,281
110,254
108,488
46,422
116,252
105,187
101,676
53,460
82,265
111,219
97,246
110,250
108,518
46,448
116,285
105,206
101,708
53,423
82,324
111,214
97,316
110,249
108,483
46,471
116,294
105,163
101,688
53,429
82,338
111,186
97,307
110,280
108,496
46,520
116,627
105,160
101,704
53,490
82,292
111,223
97,263
110,295
108,482
46,423
116,339
105,172
101,686
53,449
82,320
111,194
97,244
110,268
108,456
46,396
116,339
105,222
101,679
53,449
82,417
111,184
97,399
110,262
108,572
46,388
116,360
105,207
101,645
53,437
82,316
111,166
97,349
110,290
108,458
46,443
116,318
105,209
101,601
53,438
82,286
111,195
97,273
110,263
108,414
46,408
116,381
105,200
101,645
53,463
82,308
111,208
97,306
110,298
108,410
46,384
116,304
105,218
101,696
53,426
82,302
111,150
97,267
110,258
108,432
46,367
116,307
105,231
101,385
53,617
82,302
111,182
97,305
110,267
108,449
46,315
116,296
105,210
101,677
53,445
82,332
111,205
97,266
110,278
108,448
46,338
116,297
105,216
101,640
53,459
82,325
111,222
97,274
110,273
108,435
46,326
116,289
105,205
101,654
53,429
82,325
111,200
97,280
110,277
108,407
46,536
116,392
105,240
101,571
53,453
82,301
111,225
97,277
110,298
108,414
46,798
116,303
105,237
101,656
53,826
82,372
111,370
97,315
110,266
108,413
46,394
116,289
105,213
101,694
53,454
82,356
111,219
97,293
110,287
108,395
46,357
116,300
105,253
101,595
53,528
82,330
111,198
97,399
110,679
108,401
46,449
116,312
105,222
101,634
53,575
82,410
111,196
97,357
110,268
108,412
46,375
116,357
105,253
101,776
53,403
82,312
111,240
97,327
110,283
108,407
46,431
116,261
105,244
101,639
53,483
82,322
111,210
97,271
110,290
108,406
46,356
116,309
105,253
101,754
53,389
82,366
111,226
97,291
110,284
108,411
46,389
116,295
105,224
101,642
53,416
82,321
111,230
97,303
110,248
108,382
46,393
116,323
105,220
101,768
53,429
82,305
111,225
97,299
110,247
108,408
46,622
116,254
105,272
101,431
53,465
82,303
111,222
97,269
110,283
108,424
46,389
116,318
105,190
101,566
53,458
82,333
111,247
97,285
110,296
108,413
46,479
116,381
105,118
101,774
53,510
82,284
111,250
97,239
110,284
108,436
46,654
116,275
105,248
101,542
53,441
82,308
111,261
97,244
110,295
108,413
46,669
116,297
105,257
101,538
53,410
82,282
111,271
97,336
110,302
108,433
46,367
116,269
105,264
101,669
53,453
82,322
111,241
97,285
110,305
108,426
46,358
116,312
105,231
101,595
53,417
82,323
111,216
97,257
110,296
108,453
46,265
116,281
105,271
101,710
53,451
82,260
111,246
97,262
110,301
108,415
46,604
116,208
105,201
101,757
53,415
82,301
111,230
97,281
110,233
108,436
46,445
116,191
105,230
101,759
53,523
82,239
111,222
97,254
110,254
108,461
46,334
116,352
105,219
101,707
53,458
82,246
111,222
97,255
110,286
108,479
46,368
116,276
105,235
101,761
53,443
82,320
111,188
97,286
110,233
108,433
46,330
116,302
105,223
101,820
53,481
82,292
111,271
97,279
110,261
108,372
46,273
116,311
105,225
101,1026
53,1012
82,331
111,193
97,290
110,228
108,402
46,389
116,379
105,223
101,690
53,447
82,326
111,224
97,274
110,208
108,415
46,287
116,309
105,190
101,769
53,396
82,306
111,216
97,228
110,236
108,423
46,306
116,263
105,195
101,669
53,471
82,279
111,224
97,238
110,264
108,437
46,307
116,287
105,243
101,633
53,385
82,279
111,268
97,266
110,303
108,444
46,279
116,389
105,205
101,616
53,395
82,333
111,216
97,247
110,267
108,420
46,348
116,250
105,197
101,611
53,409
82,278
111,228
97,205
110,291
108,437
46,295
116,314
105,227
101,800
53,369
82,256
111,224
97,206
110,300
108,437
46,345
116,322
105,200
101,579
53,413
82,322
111,221
97,225
110,281
108,438
46,268
116,292
105,231
101,595
53,409
82,280
111,228
97,218
110,329
108,436
46,279
116,259
105,225
101,642
53,404
82,278
111,213
97,226
110,299
108,424
46,302
116,249
105,237
101,588
53,385
82,295
111,247
97,219
110,307
108,449
46,502
116,280
105,235
101,629
53,441
82,283
111,245
97,217
110,325
108,442
46,275
116,242
105,226
101,544
53,507
82,310
111,191
97,235
110,307
108,715
46,398
116,307
105,222
101,663
53,369
82,281
111,210
97,243
110,298
108,442
46,271
116,261
105,249
101,622
53,396
82,288
111,247
97,279
110,309
108,396
46,273
116,293
105,231
101,700
53,373
82,288
111,225
97,254
110,341
108,449
46,252
116,257
105,227
101,579
53,420
82,292
111,195
97,234
110,312
108,446
46,258
116,259
105,230
101,540
53,444
82,302
111,189
97,255
110,336
108,410
46,255
116,261
105,218
101,584
53,404
82,291
111,213
97,231
110,319
108,376
46,286
116,252
105,216
101,576
53,461
82,321
111,217
97,250
110,283
108,400
46,276
116,249
105,221
101,535
53,446
82,298
111,199
97,240
110,291
108,435
46,315
116,237
105,210
101,626
53,397
82,236
111,219
97,228
110,319
108,400
46,304
116,245
105,246
101,630
53,416
82,298
111,227
97,239
110,292
108,390
46,254
116,245
105,259
101,677
53,441
82,270
111,190
97,226
110,324
108,400
46,299
116,310
105,200
101,1064
53,431
82,314
111,200
97,274
110,304
108,362
46,313
116,251
105,227
101,629
53,376
82,299
111,216
97,257
110,306
108,403
46,284
116,306
105,163
101,744
53,460
82,247
111,198
97,253
110,296
108,394
46,241
116,272
105,229
101,555
53,410
82,268
111,211
97,226
110,308
108,413
46,286
116,307
105,250
101,598
53,701
82,270
111,190
97,281
110,265
108,395
46,349
116,256
105,225
101,594
53,398
82,296
111,240
97,229
110,299
108,412
46,328
116,302
105,248
101,688
53,502
82,333
111,219
97,253
110,283
108,401
46,589
116,240
105,223
101,601
53,461
82,300
111,497
97,292
110,259
108,398
46,288
116,235
105,198
101,952
53,473
82,312
111,163
97,241
110,267
108,381
46,317
116,294
105,254
101,639
53,412
82,304
111,228
97,288
110,280
108,387
46,230
116,257
105,226
101,606
53,395
82,289
111,233
97,247
110,316
108,374
46,261
116,272
105,218
101,575
53,393
82,303
111,240
97,226
110,302
108,414
46,226
116,273
105,217
101,759
53,449
82,287
111,212
97,233
110,288
108,385
46,229
116,277
105,191
101,906
53,451
82,299
111,207
97,322
110,260
108,361
46,919
116,401
105,248
101,707
53,464
82,603
111,286
97,229
110,259
108,373
46,299
116,262
105,213
101,554
53,410
82,308
111,237
97,245
110,282
108,387
46,321
116,271
105,211
101,573
53,401
82,317
111,176
97,233
110,290
108,471
46,388
116,413
105,247
101,582
53,405
82,313
111,266
97,344
110,399
108,497
46,588
116,222
105,241
101,573
53,430
82,316
111,212
97,249
110,251
108,434
46,411
116,379
105,213
101,582
53,405
82,319
111,246
97,249
110,280
108,433
46,631
116,236
105,263
101,800
53,443
82,317
111,238
97,265
110,261
108,431
46,326
116,279
105,295
101,483
53,402
82,301
111,218
97,288
110,309
108,508
46,386
116,302
105,218
101,884
53,399
82,280
111,244
97,235
110,299
108,435
46,401
116,283
105,204
101,738
53,416
82,269
111,224
97,283
110,273
108,468
46,397
116,267
105,215
101,717
53,476
82,288
111,212
97,304
110,340
108,423
46,341
116,284
105,209
101,1105
53,694
82,729
111,218
97,307
110,247
108,425
46,341
116,259
105,175
101,685
53,404
82,315
111,186
97,249
110,259
108,434
46,288
116,305
105,236
101,606
53,382
82,283
111,220
97,227
110,282
108,446
46,309
116,280
105,210
101,753
53,382
82,320
111,185
97,324
110,196
108,370
46,318
116,885
105,181
101,962
53,449
82,294
111,216
97,246
110,248
108,413
46,367
116,310
105,1306
101,1047
53,458
82,288
111,219
97,249
110,235
108,401
46,311
116,332
105,224
101,644
53,458
82,271
111,179
97,268
110,302
108,322
46,275
116,294
105,234
101,554
53,450
82,268
111,219
97,310
110,263
108,360
46,290
116,299
105,212
101,552
53,426
82,289
111,180
97,259
110,307
108,402
46,259
116,299
105,239
101,606
53,407
82,269
111,205
97,248
110,271
108,381
46,273
116,278
105,236
101,589
53,416
82,310
111,201
97,294
110,250
108,385
46,254
116,260
105,239
101,665
53,359
82,268
111,167
97,244
110,262
108,350
46,256
116,276
105,209
101,588
53,416
82,304
111,167
97,262
110,234
108,368
46,252
116,263
105,228
101,525
53,567
82,312
111,180
97,292
110,232
108,376
46,259
116,244
105,241
101,593
53,389
82,290
111,184
97,235
110,245
108,385
46,251
116,305
105,208
101,543
53,731
82,326
111,197
97,325
110,565
108,361
46,288
116,389
105,222
101,535
53,436
82,241
111,209
97,234
110,236
108,379
46,301
116,265
105,219
101,564
53,496
82,309
111,188
97,208
110,271
108,385
46,235
116,279
105,198
101,533
53,422
82,323
111,191
97,223
110,255
108,386
46,263
116,279
105,188
101,549
53,434
82,331
111,164
97,243
110,235
108,377
46,375
116,291
105,205
101,536
53,550
82,366
111,203
97,279
110,259
108,383
46,265
116,241
105,224
101,559
53,452
82,286
111,182
97,304
110,268
108,405
46,558
116,272
105,190
101,526
53,377
82,306
111,186
97,230
110,249
108,384
46,299
116,308
105,227
101,535
53,441
82,276
111,194
97,256
110,255
108,385
46,243
116,291
105,232
101,595
53,542
82,299
111,185
97,259
110,258
108,401
46,286
116,291
105,224
101,501
53,427
82,330
111,186
97,260
110,245
108,397
46,279
116,284
105,198
101,607
53,394
82,283
111,224
97,251
110,292
108,438
46,292
116,284
105,212
101,534
53,395
82,304
111,190
97,244
110,266
108,400
46,298
116,292
105,208
101,575
53,799
82,1181
111,422
97,431
110,207
108,383
46,268
116,268
105,207
101,498
53,446
82,284
111,196
97,274
110,264
108,416
46,259
116,250
105,192
101,533
53,397
82,296
111,220
97,262
110,276
108,396
46,261
116,263
105,179
101,536
53,398
82,306
111,196
97,278
110,252
108,380
46,273
116,277
105,211
101,606
53,497
82,300
111,203
97,264
110,278
108,413
46,254
116,277
105,180
101,542
53,448
82,284
111,183
97,281
110,272
108,421
46,288
116,250
105,204
101,548
53,445
82,324
111,202
97,253
110,271
108,393
46,352
116,244
105,203
101,537
53,442
82,319
111,185
97,286
110,237
108,428
46,315
116,270
105,161
101,546
53,440
82,309
111,186
97,291
110,282
108,403
46,271
116,255
105,199
101,561
53,559
82,320
111,173
97,272
110,248
108,376
46,276
116,253
105,201
101,563
53,406
82,309
111,198
97,250
110,230
108,418
46,244
116,264
105,199
101,551
53,434
82,256
111,205
97,262
110,242
108,390
46,228
116,242
105,206
101,603
53,532
82,338
111,159
97,282
110,243
108,389
46,260
116,264
105,197
101,573
53,449
82,605
111,388
97,813
110,241
108,322
46,297
116,234
105,190
101,519
53,433
82,322
111,183
97,251
110,220
108,383
46,261
116,256
105,179
101,560
53,408
82,311
111,209
97,269
110,261
108,383
46,265
116,239
105,205
101,602
53,396
82,304
111,234
97,245
110,234
108,430
46,444
116,456
105,218
101,648
53,480
82,294
111,241
97,241
110,281
108,1431
46,343
116,703
105,243
101,1206
53,479
82,764
111,259
97,374
110,291
108,620
46,484
116,276
105,222
101,935
53,411
82,332
111,242
97,274
110,258
108,898
46,673
116,254
105,217
101,877
53,484
82,321
111,283
97,303
110,286
108,493
46,460
116,946
105,205
101,1025
53,496
82,333
111,237
97,268
110,294
108,503
46,537
116,462
105,264
101,717
53,419
82,284
111,235
97,238
110,308
108,525
46,578
116,326
105,225
101,789
53,458
82,312
111,241
97,245
110,295
108,468
46,438
116,269
105,201
101,674
53,405
82,284
111,239
97,239
110,271
108,448
46,297
116,305
105,258
101,554
53,424
82,281
111,224
97,203
110,269
108,451
46,257
116,406
105,45
101,1003
53,490
82,197
111,260
97,196
110,268
108,409
46,283
116,265
105,265
101,1598
53,384
82,249
111,247
97,216
110,260
108,389
46,276
116,286
105,263
101,500
53,422
82,243
111,229
97,205
110,256
108,376
46,253
116,270
105,237
101,555
53,425
82,227
111,214
97,232
110,268
108,372
46,241
116,249
105,244
101,572
53,646
82,281
111,238
97,237
110,244
108,408
46,236
116,269
105,244
101,567
53,540
82,300
111,232
97,303
110,491
108,390
46,283
116,300
105,261
101,532
53,430
82,297
111,204
97,255
110,268
108,432
46,291
116,271
105,232
101,562
53,453
82,313
111,241
97,247
110,255
108,411
46,273
116,269
105,264
101,534
53,403
82,298
111,224
97,236
110,278
108,391
46,246
116,253
105,259
101,539
53,391
82,266
111,242
97,228
110,270
108,381
46,247
116,260
105,268
101,513
53,396
82,298
111,205
97,247
110,252
108,386
46,253
116,259
105,227
101,545
53,412
82,300
111,247
97,255
110,261
108,391
46,223
116,281
105,209
101,542
53,438
82,280
111,199
97,214
110,257
108,364
46,261
116,271
105,247
101,628
53,453
82,311
111,220
97,228
110,252
108,379
46,211
116,271
105,215
101,583
53,382
82,244
111,215
97,211
110,251
108,380
46,247
116,260
105,243
101,566
53,449
82,248
111,233
97,224
110,274
108,368
46,381
116,249
105,214
101,496
53,410
82,268
111,239
97,227
110,259
108,385
46,266
116,256
105,205
101,598
53,389
82,285
111,219
97,312
110,261
108,392
46,219
116,278
105,196
101,593
53,389
82,252
111,263
97,212
110,270
108,409
46,226
116,257
105,221
101,549
53,425
82,240
111,239
97,179
110,282
108,389
46,216
116,247
105,222
101,549
53,668
82,338
111,304
97,298
110,255
108,393
46,225
116,256
105,201
101,540
53,659
82,346
111,190
97,249
110,254
108,368
46,236
116,240
105,207
101,926
53,676
82,345
111,207
97,214
110,261
108,385
46,178
116,243
105,209
101,563
53,396
82,543
111,267
97,233
110,259
108,423
46,226
116,241
105,227
101,612
53,337
82,298
111,216
97,195
110,255
108,379
46,457
116,487
105,219
101,691
53,397
82,260
111,239
97,182
110,270
108,399
46,229
116,224
105,223
101,532
53,382
82,286
111,203
97,211
110,240
108,390
46,273
116,261
105,215
101,645
53,375
82,273
111,252
97,169
110,292
108,383
46,259
116,244
105,211
101,604
53,418
82,306
111,250
97,249
110,256
108,428
46,280
116,269
105,178
101,595
53,382
82,277
111,248
97,236
110,260
108,390
46,262
116,534
105,228
101,679
53,404
82,310
111,274
97,208
110,264
108,388
46,203
116,258
105,221
101,577
53,385
82,254
111,235
97,234
110,263
108,400
46,215
116,264
105,223
101,612
53,563
82,297
111,208
97,203
110,280
108,397
46,237
116,485
105,211
101,1092
53,525
82,273
111,227
97,177
110,274
108,376
46,212
116,271
105,218
101,587
53,401
82,260
111,274
97,227
110,268
108,386
46,318
116,273
105,218
101,589
53,422
82,250
111,241
97,208
110,265
108,406
46,235
116,262
105,220
101,597
53,377
82,295
111,247
97,216
110,270
108,389
46,347
116,252
105,222
101,773
53,461
82,274
111,218
97,221
110,269
108,406
46,246
116,261
105,210
101,638
53,347
82,274
111,251
97,216
110,282
108,423
46,280
116,272
105,193
101,537
53,425
82,262
111,276
97,251
110,280
108,396
46,235
116,252
105,214
101,607
53,409
82,305
111,226
97,230
110,269
108,393
46,597
116,337
105,284
101,839
53,398
82,309
111,251
97,285
110,300
108,445
46,372
116,263
105,274
101,694
53,396
82,299
111,260
97,254
110,326
108,494
46,346
116,286
105,241
101,718
53,391
82,331
111,235
97,227
110,279
108,481
46,376
116,342
105,321
101,470
53,444
82,303
111,259
97,253
110,300
108,392
46,354
116,370
105,346
101,567
53,427
82,292
111,245
97,268
110,276
108,436
46,369
116,311
105,253
101,531
53,421
82,286
111,221
97,230
110,274
108,428
46,327
116,273
105,258
101,611
53,364
82,297
111,233
97,205
110,292
108,394
46,232
116,269
105,257
101,523
53,392
82,338
111,214
97,238
110,269
108,401
46,248
116,260
105,211
101,645
53,372
82,306
111,222
97,229
110,293
108,426
46,1221
116,265
105,303
101,740
53,382
82,275
111,245
97,224
110,305
108,432
46,316
116,231
105,232
101,539
53,362
82,285
111,217
97,196
110,304
108,452
46,332
116,523
105,226
101,740
53,353
82,260
111,227
97,215
110,297
108,424
46,345
116,294
105,291
101,526
53,338
82,287
111,201
97,230
110,289
108,398
46,286
116,400
105,186
101,548
53,353
82,296
111,194
97,240
110,297
108,388
46,295
116,288
105,245
101,553
53,364
82,274
111,188
97,231
110,283
108,433
46,303
116,274
105,227
101,558
53,355
82,281
111,221
97,183
110,305
108,404
46,260
116,292
105,185
101,554
53,349
82,283
111,220
97,224
110,270
108,373
46,534
116,304
105,499
101,797
53,400
82,352
111,236
97,214
110,266
108,418
46,301
116,266
105,193
101,512
53,382
82,292
111,261
97,238
110,261
108,408
46,270
116,243
105,206
101,525
53,361
82,285
111,245
97,195
110,318
108,434
46,286
116,271
105,253
101,551
53,392
82,276
111,216
97,222
110,265
108,390
46,258
116,224
105,233
101,507
53,384
82,272
111,225
97,213
110,303
108,437
46,261
116,259
105,230
101,511
53,457
82,343
111,201
97,487
110,344
108,433
46,301
116,277
105,256
101,490
53,465
82,511
111,251
97,210
110,263
108,379
46,269
116,250
105,207
101,550
53,392
82,644
111,230
97,230
110,275
108,393
46,303
116,245
105,213
101,538
53,394
82,291
111,179
97,202
110,303
108,1000
46,436
116,304
105,237
101,555
53,387
82,287
111,164
97,229
110,295
108,417
46,258
116,244
105,219
101,517
53,399
82,260
111,248
97,166
110,318
108,412
46,281
116,282
105,205
101,511
53,377
82,287
111,243
97,209
110,275
108,403
46,295
116,253
105,189
101,517
53,374
82,291
111,241
97,166
110,286
108,497
46,287
116,236
105,220
101,505
53,374
82,299
111,244
97,219
110,284
108,423
46,334
116,278
105,194
101,541
53,390
82,288
111,212
97,203
110,281
108,429
46,355
116,258
105,205
101,529
53,388
82,295
111,205
97,262
110,277
108,431
46,270
116,267
105,230
101,537
53,452
82,306
111,227
97,221
110,277
108,454
46,264
116,327
105,212
101,1261
53,973
82,384
111,257
97,226
110,275
108,409
46,271
116,243
105,200
101,531
53,378
82,293
111,233
97,176
110,335
108,406
46,255
116,260
105,205
101,484
53,406
82,312
111,221
97,225
110,267
108,430
46,341
116,346
105,218
101,518
53,411
82,319
111,208
97,228
110,289
108,386
46,282
116,248
105,218
101,518
53,422
82,284
111,238
97,231
110,272
108,409
46,259
116,253
105,251
101,469
53,398
82,302
111,255
97,185
110,293
108,423
46,288
116,252
105,213
101,532
53,417
82,318
111,217
97,233
110,274
108,414
46,267
116,322
105,224
101,529
53,392
82,310
111,241
97,199
110,865
108,373
46,254
116,260
105,212
101,522
53,401
82,264
111,228
97,210
110,271
108,401
46,337
116,272
105,244
101,579
53,541
82,332
111,218
97,231
110,285
108,387
46,280
116,245
105,198
101,540
53,362
82,284
111,273
97,365
110,367
108,405
46,296
116,254
105,212
101,551
53,388
82,314
111,247
97,279
110,297
108,405
46,291
116,236
105,204
101,556
53,389
82,316
111,220
97,245
110,256
108,401
46,314
116,230
105,240
101,597
53,404
82,291
111,238
97,262
110,269
108,399
46,297
116,267
105,240
101,581
53,363
82,311
111,209
97,227
110,270
108,433
46,284
116,220
105,234
101,542
53,374
82,338
111,167
97,351
110,303
108,473
46,1011
116,370
105,581
101,965
53,924
82,338
111,205
97,346
110,217
108,404
46,325
116,256
105,226
101,450
53,470
82,308
111,151
97,252
110,279
108,397
46,249
116,248
105,216
101,565
53,586
82,554
111,274
97,269
110,234
108,396
46,338
116,302
105,206
101,571
53,371
82,295
111,202
97,234
110,218
108,390
46,295
116,258
105,206
101,568
53,421
82,309
111,199
97,236
110,252
108,835
46,265
116,245
105,188
101,601
53,373
82,297
111,215
97,231
110,243
108,400
46,249
116,249
105,194
101,549
53,381
82,361
111,147
97,394
110,307
108,386
46,392
116,392
105,215
101,504
53,378
82,325
111,188
97,230
110,231
108,362
46,263
116,251
105,210
101,553
53,390
82,304
111,200
97,194
110,234
108,331
46,247
116,250
105,163
101,529
53,362
82,384
111,227
97,347
110,254
108,398
46,269
116,256
105,186
101,565
53,383
82,338
111,184
97,219
110,217
108,343
46,215
116,237
105,225
101,545
53,365
82,300
111,220
97,225
110,230
108,360
46,267
116,228
105,170
101,822
53,401
82,344
111,134
97,230
110,216
108,348
46,250
116,187
105,181
101,540
53,405
82,288
111,203
97,202
110,202
108,334
46,225
116,246
105,199
101,526
53,361
82,306
111,179
97,222
110,197
108,346
46,220
116,248
105,201
101,493
53,366
82,317
111,206
97,210
110,241
108,310
46,264
116,244
105,210
101,569
53,508
82,578
111,367
97,207
110,219
108,375
46,272
116,243
105,192
101,549
53,387
82,299
111,227
97,188
110,263
108,352
46,240
116,221
105,188
101,573
53,294
82,306
111,209
97,253
110,201
108,404
46,225
116,238
105,199
101,509
53,363
82,282
111,200
97,242
110,222
108,291
46,346
116,237
105,216
101,648
53,400
82,337
111,205
97,227
110,238
108,380
46,242
116,246
105,204
101,505
53,383
82,279
111,199
97,189
110,239
108,377
46,269
116,235
105,179
101,520
53,340
82,290
111,202
97,193
110,256
108,359
46,223
116,254
105,208
101,558
53,534
82,295
111,187
97,211
110,245
108,359
46,478
116,451
105,357
101,375
53,470
82,282
111,182
97,200
110,249
108,369
46,230
116,234
105,173
101,823
53,314
82,337
111,184
97,234
110,256
108,362
46,220
116,238
105,178
101,512
53,393
82,305
111,195
97,205
110,234
108,398
46,230
116,243
105,180
101,513
53,377
82,370
111,219
97,174
110,273
108,412
46,288
116,225
105,129
101,813
53,473
82,330
111,183
97,179
110,258
108,377
46,242
116,242
105,206
101,524
53,372
82,367
111,166
97,224
110,263
108,387
46,247
116,243
105,210
101,522
53,363
82,309
111,225
97,263
110,310
108,397
46,260
116,235
105,181
101,523
53,395
82,282
111,196
97,172
110,276
108,391
46,293
116,254
105,227
101,511
53,386
82,266
111,247
97,207
110,264
108,387
46,231
116,230
105,217
101,572
53,403
82,278
111,208
97,222
110,262
108,389
46,250
116,206
105,194
101,511
53,469
82,283
111,190
97,218
110,294
108,335
46,281
116,213
105,198
101,615
53,447
82,253
111,214
97,217
110,252
108,383
46,234
116,235
105,221
101,561
53,403
82,271
111,229
97,225
110,270
108,406
46,255
116,251
105,205
101,594
53,366
82,283
111,240
97,216
110,251
108,416
46,517
116,291
105,216
101,544
53,324
82,283
111,205
97,191
110,262
108,388
46,280
116,260
105,182
101,519
53,361
82,343
111,173
97,247
110,239
108,405
46,303
116,327
105,248
101,506
53,406
82,318
111,195
97,218
110,237
108,397
46,301
116,296
105,194
101,540
53,409
82,316
111,191
97,203
110,275
108,392
46,356
116,526
105,323
101,537
53,338
82,315
111,180
97,199
110,249
108,368
46,276
116,224
105,185
101,534
53,382
82,293
111,241
97,185
110,270
108,402
46,268
116,250
105,186
101,541
53,376
82,315
111,199
97,196
110,258
108,399
46,344
116,265
105,218
101,544
53,398
82,339
111,202
97,164
110,268
108,405
46,395
116,251
105,246
101,560
53,377
82,263
111,191
97,189
110,238
108,363
46,278
116,270
105,291
101,2755
53,629
82,306
111,182
97,219
110,267
108,362
46,327
116,221
105,192
101,561
53,369
82,300
111,205
97,183
110,271
108,368
46,306
116,242
105,202
101,528
53,435
82,274
111,190
97,176
110,267
108,366
