281,47
171,17
166,34
699,14
657,23
441,56
673,15
282,31
269,0
281,45
55,36
255,47
186,17
173,34
702,14
600,23
369,56
172,15
200,31
682,0
292,45
49,36
273,47
135,17
139,34
1309,14
593,23
599,56
156,15
220,31
274,0
265,45
51,36
296,47
184,17
117,34
829,14
741,23
378,56
118,15
237,31
262,0
232,45
56,36
321,47
184,17
146,34
677,14
602,23
298,56
136,15
269,31
388,0
315,45
44,36
253,47
175,17
136,34
720,14
467,23
529,56
617,15
270,31
272,0
197,45
42,36
330,47
168,17
132,34
666,14
448,23
279,56
428,15
135,31
324,0
222,45
33,36
251,47
132,17
120,34
691,14
507,23
497,56
170,15
246,31
283,0
272,45
47,36
302,47
147,17
117,34
662,14
613,23
365,56
144,15
279,31
300,0
274,45
55,36
296,47
166,17
101,34
639,14
487,23
624,56
119,15
302,31
272,0
263,45
52,36
279,47
148,17
138,34
560,14
586,23
485,56
158,15
267,31
245,0
215,45
48,36
251,47
158,17
118,34
554,14
602,23
270,56
129,15
235,31
271,0
205,45
59,36
230,47
133,17
132,34
623,14
465,23
384,56
125,15
194,31
284,0
262,45
58,36
202,47
171,17
100,34
750,14
456,23
375,56
121,15
209,31
275,0
253,45
51,36
248,47
163,17
121,34
516,14
489,23
361,56
107,15
237,31
297,0
264,45
46,36
219,47
154,17
136,34
581,14
525,23
423,56
151,15
348,31
317,0
353,45
49,36
241,47
175,17
122,34
652,14
531,23
359,56
110,15
196,31
245,0
252,45
55,36
214,47
140,17
120,34
531,14
462,23
362,56
115,15
251,31
260,0
231,45
50,36
268,47
178,17
138,34
714,14
591,23
312,56
134,15
208,31
262,0
262,45
53,36
257,47
183,17
146,34
527,14
487,23
363,56
109,15
245,31
503,0
306,45
54,36
238,47
146,17
130,34
664,14
505,23
280,56
120,15
204,31
256,0
295,45
55,36
189,47
119,17
103,34
639,14
504,23
358,56
428,15
319,31
256,0
214,45
51,36
212,47
150,17
103,34
533,14
459,23
335,56
141,15
179,31
262,0
266,45
45,36
200,47
150,17
124,34
558,14
485,23
482,56
177,15
244,31
270,0
271,45
57,36
182,47
163,17
130,34
588,14
696,23
521,56
127,15
227,31
265,0
401,45
53,36
202,47
153,17
116,34
534,14
447,23
507,56
195,15
185,31
292,0
242,45
48,36
224,47
187,17
133,34
503,14
563,23
304,56
152,15
273,31
267,0
292,45
59,36
226,47
190,17
137,34
524,14
491,23
304,56
144,15
329,31
295,0
310,45
44,36
199,47
123,17
141,34
612,14
498,23
352,56
366,15
177,31
342,0
333,45
50,36
258,47
142,17
148,34
568,14
496,23
293,56
418,15
177,31
278,0
236,45
47,36
200,47
182,17
151,34
504,14
439,23
398,56
217,15
173,31
289,0
241,45
47,36
178,47
143,17
129,34
503,14
440,23
370,56
136,15
196,31
262,0
251,45
58,36
236,47
135,17
147,34
602,14
437,23
314,56
123,15
198,31
278,0
313,45
61,36
230,47
161,17
145,34
510,14
427,23
359,56
177,15
194,31
250,0
232,45
56,36
208,47
236,17
431,34
804,14
559,23
363,56
141,15
233,31
265,0
242,45
55,36
198,47
126,17
117,34
549,14
451,23
359,56
118,15
233,31
272,0
271,45
50,36
206,47
139,17
119,34
503,14
477,23
372,56
125,15
208,31
257,0
260,45
52,36
226,47
152,17
146,34
617,14
451,23
322,56
126,15
236,31
285,0
290,45
63,36
303,47
143,17
119,34
474,14
442,23
315,56
124,15
194,31
382,0
311,45
61,36
200,47
153,17
137,34
642,14
420,23
334,56
124,15
256,31
325,0
288,45
49,36
215,47
151,17
118,34
499,14
405,23
288,56
124,15
219,31
261,0
277,45
52,36
200,47
152,17
127,34
577,14
425,23
313,56
124,15
231,31
283,0
279,45
59,36
195,47
158,17
122,34
525,14
497,23
318,56
123,15
199,31
256,0
294,45
56,36
225,47
157,17
122,34
566,14
437,23
356,56
111,15
222,31
293,0
276,45
53,36
260,47
155,17
115,34
509,14
448,23
328,56
98,15
220,31
266,0
278,45
48,36
242,47
145,17
144,34
557,14
487,23
340,56
138,15
166,31
242,0
528,45
56,36
255,47
148,17
129,34
712,14
510,23
265,56
108,15
158,31
250,0
275,45
49,36
217,47
148,17
133,34
510,14
451,23
345,56
149,15
256,31
286,0
442,45
54,36
205,47
132,17
113,34
577,14
474,23
252,56
136,15
208,31
288,0
591,45
49,36
287,47
157,17
117,34
513,14
439,23
369,56
115,15
215,31
265,0
370,45
43,36
291,47
177,17
166,34
743,14
660,23
751,56
146,15
246,31
258,0
284,45
63,36
305,47
143,17
123,34
845,14
533,23
451,56
410,15
298,31
269,0
292,45
64,36
271,47
179,17
138,34
605,14
465,23
354,56
134,15
204,31
256,0
250,45
59,36
242,47
143,17
117,34
581,14
410,23
442,56
199,15
197,31
280,0
237,45
62,36
450,47
264,17
120,34
1075,14
537,23
362,56
122,15
179,31
271,0
261,45
60,36
238,47
157,17
153,34
591,14
487,23
321,56
115,15
216,31
255,0
236,45
68,36
264,47
118,17
136,34
540,14
478,23
354,56
106,15
198,31
261,0
241,45
58,36
256,47
130,17
129,34
523,14
434,23
295,56
105,15
198,31
251,0
250,45
58,36
244,47
130,17
129,34
600,14
581,23
243,56
114,15
172,31
256,0
264,45
43,36
212,47
149,17
146,34
539,14
452,23
291,56
127,15
225,31
275,0
240,45
51,36
236,47
150,17
142,34
463,14
484,23
301,56
108,15
225,31
261,0
282,45
48,36
183,47
166,17
142,34
561,14
484,23
364,56
122,15
215,31
337,0
466,45
57,36
275,47
159,17
134,34
541,14
635,23
277,56
130,15
207,31
255,0
248,45
58,36
196,47
142,17
117,34
609,14
420,23
264,56
120,15
199,31
288,0
286,45
54,36
186,47
152,17
121,34
488,14
438,23
336,56
111,15
194,31
304,0
333,45
53,36
243,47
134,17
114,34
633,14
421,23
262,56
108,15
173,31
515,0
264,45
49,36
234,47
127,17
123,34
481,14
422,23
294,56
121,15
172,31
304,0
290,45
58,36
221,47
146,17
123,34
583,14
505,23
257,56
118,15
131,31
275,0
246,45
59,36
162,47
162,17
125,34
485,14
445,23
237,56
110,15
166,31
304,0
284,45
54,36
227,47
139,17
107,34
559,14
493,23
264,56
111,15
172,31
597,0
363,45
50,36
189,47
147,17
113,34
537,14
416,23
219,56
114,15
177,31
278,0
273,45
48,36
233,47
170,17
134,34
497,14
373,23
179,56
122,15
161,31
261,0
274,45
55,36
245,47
136,17
135,34
634,14
495,23
281,56
114,15
182,31
268,0
276,45
53,36
185,47
160,17
118,34
637,14
452,23
275,56
101,15
191,31
279,0
264,45
49,36
225,47
145,17
127,34
611,14
492,23
344,56
132,15
227,31
263,0
468,45
57,36
211,47
144,17
120,34
546,14
433,23
324,56
102,15
207,31
280,0
430,45
62,36
202,47
151,17
140,34
509,14
438,23
302,56
137,15
178,31
306,0
409,45
56,36
225,47
152,17
161,34
534,14
451,23
305,56
121,15
211,31
284,0
387,45
59,36
254,47
158,17
129,34
510,14
463,23
392,56
122,15
225,31
303,0
743,45
47,36
218,47
161,17
137,34
537,14
479,23
454,56
375,15
258,31
286,0
328,45
49,36
203,47
172,17
124,34
477,14
437,23
571,56
203,15
293,31
314,0
461,45
66,36
265,47
153,17
141,34
513,14
425,23
641,56
174,15
268,31
297,0
401,45
62,36
212,47
171,17
136,34
485,14
559,23
445,56
119,15
216,31
264,0
278,45
59,36
207,47
151,17
120,34
488,14
498,23
448,56
127,15
187,31
298,0
395,45
51,36
189,47
153,17
132,34
578,14
481,23
440,56
142,15
181,31
270,0
390,45
60,36
322,47
154,17
113,34
678,14
496,23
344,56
124,15
156,31
264,0
314,45
44,36
164,47
167,17
107,34
503,14
470,23
428,56
130,15
182,31
299,0
297,45
46,36
234,47
147,17
122,34
534,14
476,23
361,56
112,15
194,31
327,0
401,45
61,36
192,47
145,17
128,34
517,14
489,23
489,56
132,15
256,31
326,0
358,45
59,36
229,47
153,17
129,34
540,14
512,23
483,56
131,15
235,31
326,0
355,45
51,36
199,47
148,17
108,34
535,14
534,23
404,56
120,15
185,31
294,0
395,45
59,36
173,47
159,17
132,34
560,14
528,23
346,56
108,15
169,31
274,0
320,45
51,36
204,47
146,17
132,34
533,14
485,23
321,56
117,15
171,31
269,0
358,45
52,36
231,47
144,17
132,34
491,14
471,23
303,56
119,15
154,31
262,0
366,45
55,36
199,47
167,17
147,34
1036,14
591,23
381,56
121,15
142,31
278,0
717,45
49,36
224,47
164,17
121,34
548,14
492,23
323,56
117,15
142,31
287,0
450,45
48,36
213,47
152,17
117,34
566,14
468,23
265,56
114,15
162,31
280,0
346,45
48,36
174,47
160,17
103,34
532,14
607,23
251,56
125,15
148,31
289,0
390,45
51,36
176,47
163,17
141,34
1318,14
566,23
355,56
142,15
150,31
280,0
414,45
57,36
172,47
178,17
106,34
529,14
492,23
354,56
115,15
160,31
301,0
368,45
56,36
326,47
123,17
162,34
748,14
581,23
396,56
125,15
214,31
224,0
258,45
51,36
283,47
165,17
126,34
716,14
516,23
654,56
146,15
264,31
296,0
304,45
49,36
256,47
161,17
121,34
614,14
483,23
403,56
92,15
199,31
252,0
274,45
53,36
237,47
180,17
114,34
517,14
430,23
513,56
169,15
222,31
266,0
279,45
54,36
195,47
152,17
113,34
520,14
463,23
359,56
126,15
175,31
245,0
246,45
53,36
250,47
176,17
145,34
477,14
435,23
350,56
115,15
166,31
266,0
276,45
46,36
201,47
179,17
128,34
476,14
487,23
316,56
136,15
201,31
251,0
239,45
53,36
205,47
176,17
147,34
498,14
443,23
294,56
136,15
180,31
251,0
239,45
47,36
179,47
158,17
122,34
524,14
412,23
251,56
137,15
169,31
284,0
368,45
49,36
210,47
159,17
124,34
495,14
425,23
388,56
104,15
158,31
268,0
249,45
49,36
219,47
166,17
111,34
428,14
431,23
276,56
138,15
128,31
395,0
319,45
56,36
253,47
144,17
111,34
551,14
412,23
272,56
126,15
142,31
302,0
280,45
58,36
236,47
144,17
139,34
471,14
392,23
238,56
137,15
155,31
273,0
333,45
55,36
185,47
147,17
117,34
475,14
448,23
340,56
124,15
170,31
262,0
235,45
44,36
158,47
158,17
137,34
474,14
441,23
243,56
134,15
150,31
302,0
313,45
46,36
216,47
166,17
113,34
474,14
421,23
252,56
132,15
158,31
297,0
320,45
57,36
178,47
158,17
121,34
504,14
420,23
194,56
141,15
126,31
396,0
383,45
50,36
252,47
144,17
142,34
500,14
394,23
205,56
121,15
156,31
279,0
304,45
56,36
235,47
134,17
134,34
469,14
397,23
182,56
138,15
144,31
267,0
302,45
50,36
228,47
152,17
152,34
430,14
445,23
229,56
121,15
139,31
270,0
290,45
41,36
252,47
157,17
149,34
439,14
387,23
187,56
122,15
143,31
285,0
312,45
48,36
227,47
171,17
159,34
458,14
381,23
184,56
143,15
121,31
279,0
314,45
47,36
228,47
156,17
152,34
494,14
604,23
298,56
108,15
159,31
274,0
331,45
63,36
183,47
174,17
148,34
587,14
420,23
211,56
94,15
145,31
268,0
303,45
56,36
212,47
171,17
863,34
812,14
585,23
333,56
113,15
149,31
267,0
293,45
60,36
217,47
134,17
152,34
458,14
435,23
396,56
317,15
176,31
288,0
286,45
58,36
229,47
161,17
155,34
463,14
437,23
361,56
122,15
154,31
307,0
565,45
64,36
231,47
146,17
134,34
469,14
415,23
429,56
224,15
356,31
462,0
426,45
63,36
215,47
152,17
148,34
446,14
415,23
248,56
122,15
128,31
274,0
357,45
57,36
273,47
155,17
157,34
443,14
405,23
303,56
141,15
152,31
241,0
292,45
51,36
204,47
154,17
142,34
470,14
415,23
228,56
94,15
133,31
299,0
412,45
60,36
255,47
167,17
149,34
532,14
435,23
376,56
121,15
161,31
265,0
335,45
58,36
356,47
179,17
148,34
522,14
513,23
293,56
113,15
152,31
262,0
309,45
59,36
175,47
156,17
147,34
877,14
445,23
240,56
123,15
148,31
265,0
323,45
60,36
228,47
156,17
153,34
529,14
517,23
459,56
131,15
158,31
276,0
333,45
59,36
234,47
171,17
140,34
810,14
686,23
529,56
135,15
203,31
282,0
323,45
58,36
261,47
612,17
136,34
671,14
535,23
350,56
127,15
142,31
273,0
300,45
58,36
210,47
160,17
133,34
505,14
515,23
568,56
206,15
164,31
299,0
317,45
66,36
242,47
180,17
152,34
511,14
496,23
431,56
357,15
183,31
290,0
272,45
52,36
225,47
218,17
628,34
624,14
477,23
418,56
148,15
155,31
314,0
326,45
59,36
237,47
182,17
160,34
685,14
598,23
507,56
146,15
195,31
287,0
336,45
60,36
574,47
188,17
140,34
519,14
453,23
553,56
169,15
211,31
261,0
283,45
52,36
571,47
210,17
148,34
526,14
464,23
451,56
130,15
158,31
249,0
278,45
62,36
237,47
161,17
108,34
504,14
387,23
575,56
133,15
206,31
254,0
263,45
60,36
223,47
191,17
129,34
651,14
416,23
411,56
135,15
179,31
259,0
278,45
60,36
257,47
142,17
128,34
474,14
485,23
431,56
88,15
196,31
253,0
301,45
60,36
229,47
166,17
144,34
498,14
450,23
435,56
114,15
174,31
255,0
278,45
55,36
265,47
179,17
126,34
480,14
468,23
412,56
108,15
174,31
265,0
348,45
60,36
314,47
169,17
126,34
437,14
519,23
391,56
89,15
193,31
270,0
443,45
48,36
217,47
148,17
128,34
466,14
409,23
596,56
152,15
168,31
286,0
341,45
62,36
248,47
151,17
133,34
645,14
507,23
335,56
121,15
181,31
242,0
243,45
56,36
207,47
160,17
134,34
563,14
447,23
338,56
104,15
193,31
244,0
299,45
58,36
263,47
166,17
162,34
511,14
439,23
295,56
104,15
192,31
233,0
258,45
50,36
224,47
173,17
160,34
516,14
389,23
283,56
149,15
243,31
395,0
365,45
52,36
600,47
380,17
394,34
1126,14
503,23
374,56
159,15
176,31
232,0
229,45
57,36
279,47
144,17
143,34
513,14
405,23
343,56
129,15
184,31
267,0
303,45
46,36
241,47
151,17
138,34
527,14
437,23
379,56
123,15
183,31
265,0
297,45
57,36
243,47
159,17
131,34
500,14
431,23
311,56
129,15
152,31
240,0
271,45
56,36
275,47
153,17
152,34
475,14
426,23
303,56
135,15
169,31
267,0
286,45
59,36
210,47
182,17
136,34
459,14
428,23
258,56
127,15
171,31
286,0
290,45
62,36
195,47
168,17
143,34
489,14
426,23
247,56
120,15
152,31
316,0
369,45
53,36
214,47
172,17
144,34
438,14
380,23
265,56
113,15
150,31
249,0
274,45
45,36
201,47
169,17
134,34
529,14
436,23
242,56
122,15
150,31
251,0
264,45
53,36
186,47
153,17
142,34
456,14
389,23
190,56
116,15
149,31
243,0
303,45
56,36
224,47
149,17
148,34
515,14
413,23
230,56
123,15
152,31
236,0
307,45
56,36
168,47
169,17
135,34
569,14
386,23
244,56
105,15
144,31
284,0
294,45
53,36
197,47
168,17
155,34
427,14
391,23
216,56
117,15
133,31
252,0
296,45
55,36
233,47
153,17
160,34
473,14
398,23
192,56
120,15
152,31
236,0
278,45
60,36
218,47
160,17
136,34
530,14
399,23
193,56
127,15
123,31
261,0
276,45
54,36
261,47
156,17
139,34
499,14
440,23
295,56
116,15
174,31
269,0
308,45
58,36
203,47
166,17
120,34
480,14
408,23
278,56
118,15
144,31
245,0
293,45
56,36
265,47
161,17
148,34
469,14
429,23
227,56
112,15
153,31
239,0
271,45
59,36
215,47
162,17
133,34
520,14
447,23
247,56
99,15
150,31
221,0
274,45
56,36
226,47
148,17
135,34
470,14
410,23
190,56
121,15
133,31
206,0
320,45
55,36
218,47
251,17
677,34
544,14
484,23
277,56
109,15
141,31
258,0
302,45
66,36
197,47
160,17
126,34
454,14
414,23
224,56
94,15
169,31
211,0
393,45
57,36
291,47
171,17
142,34
520,14
439,23
205,56
101,15
139,31
225,0
317,45
55,36
227,47
174,17
676,34
579,14
460,23
329,56
170,15
113,31
270,0
326,45
59,36
222,47
157,17
144,34
489,14
391,23
284,56
509,15
200,31
350,0
359,45
64,36
186,47
160,17
133,34
471,14
417,23
518,56
124,15
184,31
281,0
423,45
60,36
248,47
154,17
141,34
441,14
451,23
372,56
124,15
137,31
266,0
453,45
66,36
250,47
170,17
134,34
477,14
462,23
377,56
140,15
141,31
262,0
330,45
65,36
250,47
240,17
639,34
510,14
441,23
404,56
132,15
164,31
268,0
345,45
71,36
271,47
182,17
139,34
492,14
453,23
453,56
171,15
173,31
284,0
329,45
62,36
226,47
172,17
134,34
465,14
434,23
373,56
136,15
200,31
263,0
309,45
66,36
267,47
210,17
501,34
475,14
409,23
308,56
111,15
150,31
253,0
305,45
57,36
280,47
177,17
143,34
438,14
402,23
360,56
136,15
150,31
241,0
276,45
52,36
295,47
266,17
305,34
462,14
389,23
347,56
179,15
246,31
380,0
320,45
71,36
316,47
167,17
140,34
427,14
450,23
484,56
201,15
179,31
278,0
300,45
63,36
223,47
195,17
135,34
564,14
421,23
390,56
113,15
175,31
276,0
334,45
57,36
258,47
194,17
139,34
472,14
429,23
512,56
206,15
163,31
286,0
356,45
58,36
225,47
156,17
134,34
462,14
418,23
461,56
186,15
177,31
290,0
326,45
62,36
211,47
177,17
134,34
409,14
408,23
340,56
143,15
173,31
285,0
330,45
63,36
246,47
161,17
127,34
436,14
396,23
309,56
106,15
183,31
255,0
290,45
70,36
220,47
159,17
126,34
466,14
398,23
394,56
116,15
173,31
238,0
282,45
61,36
289,47
180,17
139,34
400,14
410,23
318,56
132,15
173,31
240,0
321,45
73,36
267,47
177,17
121,34
417,14
410,23
340,56
110,15
181,31
234,0
282,45
65,36
270,47
797,17
216,34
459,14
420,23
362,56
112,15
164,31
245,0
273,45
65,36
267,47
199,17
445,34
562,14
455,23
370,56
108,15
164,31
305,0
375,45
66,36
289,47
187,17
126,34
552,14
484,23
382,56
117,15
173,31
269,0
447,45
58,36
210,47
144,17
150,34
613,14
469,23
479,56
159,15
190,31
269,0
275,45
47,36
260,47
135,17
154,34
557,14
429,23
353,56
144,15
195,31
240,0
269,45
58,36
201,47
136,17
150,34
507,14
421,23
307,56
128,15
211,31
223,0
269,45
61,36
250,47
147,17
159,34
492,14
396,23
249,56
131,15
183,31
228,0
268,45
50,36
214,47
146,17
152,34
497,14
428,23
344,56
139,15
188,31
244,0
287,45
54,36
272,47
155,17
157,34
474,14
462,23
296,56
122,15
177,31
254,0
275,45
54,36
259,47
165,17
172,34
453,14
405,23
247,56
115,15
163,31
254,0
301,45
46,36
208,47
179,17
873,34
613,14
436,23
344,56
135,15
173,31
266,0
271,45
58,36
208,47
172,17
170,34
455,14
374,23
279,56
129,15
208,31
238,0
261,45
58,36
251,47
145,17
173,34
469,14
388,23
302,56
116,15
176,31
232,0
254,45
64,36
241,47
150,17
160,34
477,14
442,23
276,56
146,15
169,31
258,0
265,45
60,36
230,47
169,17
147,34
448,14
466,23
280,56
117,15
187,31
283,0
333,45
55,36
252,47
694,17
189,34
511,14
415,23
301,56
175,15
164,31
270,0
282,45
55,36
592,47
157,17
164,34
554,14
403,23
274,56
90,15
215,31
1001,0
290,45
61,36
236,47
173,17
191,34
487,14
357,23
261,56
114,15
157,31
219,0
248,45
52,36
228,47
155,17
145,34
465,14
392,23
214,56
121,15
165,31
224,0
275,45
53,36
246,47
192,17
164,34
467,14
400,23
206,56
106,15
174,31
193,0
279,45
52,36
210,47
709,17
156,34
529,14
433,23
288,56
145,15
164,31
233,0
279,45
51,36
221,47
178,17
164,34
478,14
430,23
222,56
117,15
186,31
269,0
271,45
50,36
262,47
171,17
162,34
444,14
415,23
234,56
101,15
161,31
210,0
264,45
54,36
250,47
151,17
139,34
458,14
398,23
209,56
115,15
186,31
181,0
296,45
49,36
258,47
210,17
417,34
470,14
381,23
240,56
122,15
168,31
211,0
281,45
62,36
276,47
163,17
144,34
447,14
393,23
212,56
101,15
172,31
207,0
249,45
54,36
601,47
183,17
143,34
413,14
366,23
211,56
101,15
174,31
189,0
258,45
49,36
621,47
153,17
170,34
505,14
472,23
257,56
582,15
208,31
274,0
243,45
55,36
261,47
149,17
163,34
467,14
392,23
378,56
377,15
210,31
275,0
250,45
54,36
573,47
153,17
164,34
428,14
382,23
469,56
155,15
168,31
246,0
228,45
70,36
234,47
167,17
160,34
457,14
439,23
491,56
168,15
142,31
267,0
285,45
58,36
265,47
166,17
143,34
435,14
437,23
421,56
155,15
437,31
343,0
323,45
61,36
259,47
156,17
155,34
402,14
418,23
326,56
163,15
160,31
227,0
286,45
62,36
257,47
187,17
169,34
499,14
419,23
436,56
165,15
184,31
268,0
282,45
57,36
235,47
149,17
158,34
835,14
412,23
547,56
141,15
191,31
257,0
291,45
62,36
234,47
163,17
140,34
409,14
444,23
476,56
166,15
175,31
258,0
276,45
65,36
245,47
607,17
173,34
450,14
461,23
354,56
195,15
162,31
225,0
295,45
58,36
250,47
171,17
155,34
465,14
501,23
423,56
164,15
166,31
245,0
352,45
66,36
277,47
174,17
145,34
432,14
458,23
384,56
151,15
224,31
247,0
258,45
60,36
217,47
163,17
162,34
441,14
427,23
291,56
536,15
175,31
285,0
266,45
65,36
248,47
155,17
137,34
494,14
445,23
526,56
146,15
197,31
246,0
255,45
66,36
216,47
310,17
398,34
786,14
739,23
539,56
144,15
187,31
245,0
258,45
79,36
207,47
162,17
142,34
447,14
418,23
396,56
141,15
186,31
255,0
278,45
64,36
194,47
161,17
161,34
473,14
491,23
366,56
131,15
178,31
209,0
245,45
65,36
265,47
160,17
150,34
499,14
465,23
526,56
179,15
217,31
262,0
276,45
65,36
223,47
156,17
156,34
600,14
500,23
411,56
133,15
174,31
218,0
261,45
62,36
232,47
178,17
734,34
500,14
431,23
366,56
137,15
153,31
224,0
258,45
59,36
217,47
169,17
145,34
522,14
419,23
498,56
366,15
213,31
286,0
296,45
67,36
215,47
162,17
154,34
517,14
415,23
407,56
147,15
173,31
224,0
259,45
64,36
394,47
166,17
161,34
474,14
386,23
544,56
143,15
188,31
230,0
280,45
70,36
270,47
188,17
150,34
427,14
416,23
581,56
709,15
235,31
256,0
274,45
65,36
216,47
156,17
140,34
435,14
416,23
570,56
378,15
221,31
245,0
261,45
72,36
231,47
153,17
136,34
435,14
427,23
452,56
148,15
195,31
254,0
278,45
67,36
219,47
160,17
147,34
534,14
617,23
462,56
158,15
187,31
225,0
234,45
67,36
184,47
176,17
167,34
453,14
422,23
461,56
156,15
171,31
245,0
261,45
58,36
266,47
153,17
160,34
441,14
443,23
443,56
131,15
175,31
231,0
260,45
65,36
234,47
172,17
164,34
424,14
466,23
274,56
124,15
153,31
222,0
284,45
67,36
238,47
182,17
201,34
422,14
423,23
295,56
137,15
173,31
222,0
276,45
67,36
277,47
175,17
222,34
404,14
385,23
238,56
144,15
168,31
253,0
256,45
70,36
270,47
188,17
197,34
403,14
420,23
233,56
140,15
165,31
230,0
243,45
57,36
257,47
185,17
185,34
416,14
412,23
219,56
144,15
176,31
269,0
284,45
55,36
295,47
591,17
225,34
479,14
421,23
278,56
134,15
170,31
241,0
286,45
46,36
261,47
203,17
190,34
456,14
387,23
287,56
114,15
188,31
241,0
266,45
55,36
230,47
178,17
171,34
400,14
379,23
225,56
134,15
164,31
224,0
272,45
62,36
231,47
185,17
156,34
408,14
359,23
194,56
116,15
178,31
203,0
283,45
58,36
212,47
504,17
197,34
426,14
394,23
223,56
115,15
189,31
203,0
382,45
58,36
264,47
160,17
159,34
436,14
396,23
272,56
102,15
176,31
224,0
303,45
59,36
205,47
544,17
187,34
430,14
366,23
259,56
109,15
178,31
225,0
344,45
60,36
223,47
161,17
159,34
417,14
409,23
201,56
122,15
165,31
215,0
302,45
65,36
209,47
191,17
185,34
428,14
402,23
195,56
123,15
201,31
217,0
337,45
64,36
253,47
188,17
189,34
396,14
366,23
183,56
142,15
165,31
265,0
294,45
68,36
205,47
177,17
192,34
389,14
375,23
202,56
134,15
151,31
222,0
326,45
70,36
234,47
166,17
177,34
394,14
433,23
216,56
111,15
164,31
206,0
395,45
58,36
276,47
195,17
174,34
573,14
374,23
212,56
126,15
128,31
209,0
286,45
63,36
257,47
157,17
169,34
405,14
364,23
183,56
132,15
169,31
214,0
345,45
64,36
386,47
213,17
189,34
400,14
419,23
204,56
94,15
165,31
211,0
371,45
70,36
413,47
188,17
167,34
406,14
363,23
184,56
128,15
151,31
206,0
329,45
66,36
279,47
356,17
263,34
460,14
354,23
198,56
124,15
148,31
210,0
360,45
67,36
232,47
167,17
144,34
472,14
341,23
188,56
89,15
174,31
204,0
348,45
57,36
253,47
171,17
161,34
366,14
365,23
178,56
87,15
187,31
187,0
324,45
61,36
254,47
188,17
169,34
402,14
467,23
186,56
118,15
148,31
203,0
317,45
66,36
206,47
163,17
143,34
403,14
379,23
201,56
72,15
188,31
193,0
410,45
66,36
298,47
183,17
160,34
400,14
353,23
164,56
109,15
175,31
217,0
421,45
70,36
409,47
170,17
159,34
397,14
377,23
194,56
96,15
160,31
185,0
345,45
66,36
219,47
155,17
151,34
397,14
430,23
219,56
109,15
154,31
205,0
589,45
66,36
247,47
160,17
138,34
468,14
384,23
171,56
99,15
178,31
197,0
432,45
73,36
220,47
167,17
146,34
410,14
439,23
367,56
129,15
175,31
199,0
348,45
68,36
247,47
156,17
157,34
426,14
407,23
221,56
71,15
214,31
723,0
330,45
73,36
202,47
169,17
142,34
407,14
447,23
677,56
149,15
185,31
256,0
311,45
69,36
277,47
187,17
132,34
435,14
406,23
366,56
143,15
175,31
270,0
356,45
68,36
283,47
338,17
324,34
430,14
416,23
327,56
144,15
159,31
243,0
359,45
75,36
298,47
182,17
149,34
418,14
426,23
379,56
130,15
172,31
367,0
381,45
64,36
285,47
178,17
162,34
672,14
589,23
673,56
168,15
190,31
277,0
366,45
70,36
302,47
189,17
148,34
419,14
521,23
339,56
144,15
170,31
282,0
372,45
64,36
272,47
178,17
158,34
414,14
564,23
840,56
220,15
176,31
280,0
353,45
73,36
400,47
152,17
141,34
412,14
356,23
216,56
96,15
195,31
197,0
322,45
67,36
209,47
184,17
142,34
427,14
412,23
419,56
116,15
167,31
224,0
321,45
68,36
244,47
181,17
156,34
414,14
390,23
316,56
132,15
169,31
222,0
378,45
65,36
243,47
180,17
147,34
448,14
394,23
313,56
125,15
186,31
310,0
380,45
64,36
258,47
196,17
154,34
488,14
430,23
238,56
104,15
167,31
247,0
339,45
62,36
447,47
167,17
155,34
462,14
369,23
254,56
116,15
160,31
158,0
433,45
64,36
258,47
181,17
135,34
457,14
395,23
270,56
153,15
156,31
179,0
362,45
68,36
231,47
183,17
128,34
507,14
392,23
242,56
60,15
187,31
177,0
492,45
63,36
215,47
136,17
141,34
645,14
419,23
366,56
135,15
156,31
239,0
1445,45
80,36
232,47
149,17
131,34
468,14
384,23
282,56
120,15
175,31
233,0
302,45
70,36
214,47
183,17
150,34
455,14
399,23
334,56
137,15
177,31
242,0
266,45
62,36
226,47
155,17
147,34
413,14
408,23
249,56
115,15
142,31
249,0
331,45
70,36
211,47
168,17
142,34
476,14
534,23
283,56
126,15
176,31
255,0
303,45
67,36
217,47
172,17
168,34
415,14
369,23
245,56
128,15
167,31
239,0
300,45
63,36
216,47
196,17
160,34
460,14
401,23
245,56
119,15
159,31
257,0
288,45
63,36
212,47
177,17
154,34
393,14
391,23
309,56
152,15
161,31
234,0
276,45
60,36
236,47
180,17
155,34
608,14
420,23
277,56
117,15
166,31
218,0
272,45
62,36
221,47
206,17
194,34
571,14
359,23
205,56
131,15
160,31
233,0
275,45
51,36
225,47
140,17
140,34
554,14
408,23
253,56
117,15
148,31
243,0
295,45
61,36
233,47
147,17
131,34
553,14
559,23
451,56
194,15
155,31
260,0
292,45
63,36
284,47
198,17
506,34
530,14
483,23
321,56
123,15
144,31
299,0
314,45
67,36
233,47
181,17
181,34
545,14
379,23
418,56
135,15
137,31
260,0
360,45
66,36
272,47
154,17
160,34
455,14
469,23
311,56
147,15
159,31
256,0
311,45
66,36
278,47
191,17
179,34
473,14
514,23
319,56
156,15
156,31
235,0
283,45
62,36
232,47
175,17
167,34
466,14
371,23
264,56
165,15
163,31
264,0
270,45
63,36
225,47
171,17
172,34
459,14
432,23
364,56
142,15
168,31
244,0
289,45
72,36
227,47
686,17
175,34
418,14
371,23
318,56
161,15
156,31
241,0
292,45
67,36
311,47
142,17
146,34
422,14
447,23
389,56
379,15
155,31
286,0
284,45
63,36
253,47
186,17
199,34
592,14
362,23
291,56
159,15
159,31
237,0
269,45
64,36
304,47
173,17
168,34
467,14
641,23
327,56
156,15
106,31
265,0
318,45
70,36
271,47
180,17
156,34
473,14
383,23
279,56
132,15
149,31
253,0
293,45
63,36
259,47
160,17
158,34
450,14
391,23
331,56
141,15
170,31
244,0
292,45
71,36
271,47
174,17
147,34
511,14
416,23
304,56
152,15
173,31
242,0
298,45
58,36
262,47
177,17
178,34
524,14
365,23
252,56
134,15
149,31
243,0
306,45
66,36
282,47
547,17
174,34
499,14
478,23
400,56
145,15
138,31
254,0
292,45
75,36
237,47
179,17
165,34
439,14
1361,23
448,56
135,15
142,31
255,0
419,45
68,36
267,47
185,17
129,34
427,14
398,23
303,56
129,15
163,31
254,0
298,45
71,36
250,47
179,17
143,34
443,14
465,23
278,56
137,15
144,31
229,0
310,45
57,36
267,47
193,17
160,34
450,14
461,23
275,56
135,15
149,31
242,0
296,45
70,36
275,47
152,17
166,34
442,14
453,23
266,56
128,15
142,31
225,0
270,45
65,36
305,47
191,17
148,34
426,14
460,23
302,56
135,15
126,31
226,0
277,45
71,36
262,47
176,17
215,34
708,14
398,23
239,56
129,15
122,31
242,0
312,45
63,36
261,47
181,17
159,34
465,14
416,23
257,56
132,15
136,31
234,0
297,45
67,36
227,47
169,17
152,34
432,14
474,23
233,56
119,15
126,31
237,0
358,45
73,36
287,47
170,17
135,34
439,14
425,23
322,56
145,15
172,31
254,0
294,45
63,36
254,47
198,17
161,34
413,14
453,23
311,56
127,15
150,31
231,0
292,45
72,36
265,47
177,17
167,34
460,14
544,23
327,56
109,15
172,31
243,0
324,45
71,36
270,47
200,17
165,34
430,14
458,23
233,56
120,15
160,31
230,0
360,45
63,36
257,47
191,17
145,34
393,14
420,23
278,56
141,15
153,31
248,0
323,45
70,36
241,47
165,17
185,34
387,14
412,23
256,56
116,15
195,31
333,0
387,45
65,36
546,47
174,17
155,34
377,14
655,23
317,56
123,15
130,31
252,0
312,45
75,36
237,47
166,17
136,34
517,14
417,23
231,56
117,15
143,31
237,0
301,45
71,36
240,47
174,17
158,34
500,14
415,23
294,56
109,15
153,31
214,0
294,45
68,36
277,47
506,17
152,34
472,14
478,23
305,56
99,15
149,31
220,0
324,45
72,36
267,47
165,17
149,34
493,14
403,23
321,56
146,15
153,31
237,0
301,45
68,36
286,47
200,17
159,34
492,14
409,23
346,56
141,15
171,31
259,0
331,45
73,36
258,47
159,17
132,34
466,14
375,23
281,56
134,15
153,31
246,0
309,45
73,36
306,47
206,17
349,34
471,14
405,23
321,56
150,15
141,31
256,0
284,45
83,36
205,47
135,17
136,34
657,14
447,23
312,56
524,15
168,31
235,0
242,45
54,36
163,47
152,17
145,34
451,14
398,23
334,56
99,15
190,31
374,0
274,45
56,36
217,47
161,17
135,34
434,14
372,23
490,56
123,15
189,31
254,0
282,45
62,36
225,47
160,17
148,34
492,14
383,23
824,56
142,15
178,31
257,0
276,45
61,36
216,47
157,17
136,34
464,14
387,23
393,56
113,15
200,31
273,0
282,45
56,36
244,47
152,17
156,34
499,14
378,23
551,56
125,15
190,31
251,0
268,45
65,36
264,47
166,17
147,34
469,14
469,23
506,56
115,15
186,31
273,0
332,45
58,36
225,47
165,17
124,34
468,14
447,23
445,56
175,15
173,31
281,0
299,45
66,36
223,47
151,17
132,34
435,14
401,23
380,56
100,15
199,31
204,0
239,45
57,36
253,47
168,17
154,34
710,14
530,23
413,56
125,15
188,31
252,0
319,45
56,36
226,47
165,17
155,34
400,14
425,23
429,56
135,15
166,31
243,0
248,45
63,36
200,47
175,17
151,34
512,14
442,23
929,56
184,15
147,31
239,0
292,45
55,36
511,47
553,17
170,34
499,14
391,23
467,56
171,15
147,31
234,0
231,45
55,36
225,47
165,17
171,34
426,14
374,23
266,56
139,15
157,31
223,0
269,45
54,36
296,47
187,17
165,34
493,14
406,23
245,56
95,15
154,31
196,0
248,45
57,36
222,47
166,17
651,34
705,14
478,23
400,56
143,15
143,31
231,0
286,45
55,36
177,47
164,17
139,34
406,14
384,23
514,56
130,15
177,31
255,0
288,45
58,36
457,47
186,17
124,34
415,14
444,23
518,56
153,15
187,31
267,0
285,45
69,36
269,47
144,17
128,34
509,14
404,23
415,56
109,15
168,31
261,0
285,45
66,36
249,47
156,17
141,34
430,14
426,23
423,56
131,15
167,31
251,0
244,45
61,36
212,47
157,17
172,34
818,14
412,23
437,56
132,15
157,31
239,0
255,45
54,36
219,47
155,17
139,34
446,14
432,23
628,56
193,15
171,31
262,0
325,45
60,36
229,47
176,17
148,34
442,14
401,23
564,56
267,15
162,31
256,0
393,45
58,36
256,47
148,17
135,34
427,14
419,23
238,56
125,15
164,31
286,0
280,45
67,36
233,47
151,17
141,34
441,14
375,23
278,56
127,15
156,31
234,0
284,45
65,36
206,47
161,17
122,34
586,14
439,23
398,56
108,15
169,31
234,0
287,45
62,36
355,47
157,17
126,34
496,14
461,23
415,56
115,15
177,31
247,0
283,45
70,36
309,47
165,17
135,34
449,14
467,23
497,56
102,15
164,31
298,0
312,45
70,36
576,47
631,17
195,34
575,14
939,23
626,56
149,15
181,31
269,0
335,45
69,36
321,47
166,17
139,34
528,14
463,23
830,56
193,15
206,31
249,0
289,45
69,36
252,47
150,17
143,34
438,14
403,23
510,56
173,15
171,31
251,0
287,45
72,36
275,47
154,17
149,34
448,14
381,23
415,56
156,15
166,31
234,0
269,45
71,36
289,47
184,17
139,34
461,14
434,23
440,56
142,15
154,31
245,0
437,45
61,36
282,47
155,17
133,34
498,14
427,23
493,56
138,15
159,31
254,0
299,45
71,36
384,47
185,17
145,34
449,14
414,23
418,56
122,15
137,31
239,0
313,45
78,36
306,47
146,17
139,34
495,14
433,23
428,56
136,15
140,31
238,0
282,45
74,36
248,47
169,17
133,34
499,14
666,23
444,56
125,15
126,31
229,0
293,45
67,36
283,47
165,17
128,34
464,14
434,23
375,56
130,15
134,31
261,0
319,45
69,36
448,47
237,17
142,34
448,14
424,23
314,56
115,15
140,31
229,0
277,45
70,36
240,47
162,17
144,34
587,14
509,23
443,56
138,15
144,31
252,0
284,45
66,36
286,47
207,17
166,34
517,14
490,23
336,56
124,15
138,31
229,0
295,45
64,36
284,47
167,17
130,34
442,14
489,23
468,56
315,15
166,31
228,0
284,45
66,36
298,47
180,17
136,34
421,14
446,23
406,56
118,15
158,31
236,0
304,45
70,36
263,47
153,17
145,34
422,14
437,23
395,56
94,15
153,31
240,0
424,45
73,36
279,47
169,17
130,34
477,14
468,23
365,56
109,15
164,31
232,0
299,45
72,36
254,47
161,17
135,34
422,14
454,23
357,56
119,15
135,31
243,0
319,45
70,36
236,47
165,17
133,34
429,14
447,23
410,56
138,15
161,31
228,0
316,45
59,36
284,47
171,17
129,34
436,14
414,23
287,56
79,15
139,31
188,0
316,45
66,36
248,47
183,17
557,34
750,14
465,23
540,56
144,15
142,31
218,0
294,45
68,36
249,47
172,17
151,34
466,14
386,23
360,56
128,15
162,31
198,0
334,45
63,36
