46,284
116,172
105,157
101,747
53,632
82,305
111,254
97,199
110,301
108,290
46,321
116,147
105,168
101,612
53,565
82,252
111,196
97,219
110,200
108,588
46,302
116,181
105,139
101,710
53,617
82,276
111,198
97,739
110,276
108,460
46,305
116,157
105,137
101,565
53,499
82,290
111,188
97,189
110,193
108,297
46,279
116,183
105,147
101,584
53,402
82,254
111,215
97,243
110,576
108,275
46,317
116,193
105,136
101,489
53,544
82,262
111,233
97,259
110,239
108,386
46,274
116,197
105,151
101,473
53,486
82,223
111,162
97,197
110,231
108,253
46,278
116,262
105,257
101,586
53,605
82,208
111,217
97,200
110,256
108,325
46,371
116,171
105,162
101,473
53,471
82,184
111,196
97,194
110,191
108,279
46,260
116,191
105,120
101,681
53,1143
82,253
111,197
97,187
110,181
108,375
46,307
116,172
105,141
101,496
53,542
82,265
111,207
97,209
110,191
108,346
46,253
116,163
105,129
101,430
53,520
82,290
111,215
97,164
110,195
108,284
46,296
116,170
105,138
101,588
53,809
82,277
111,192
97,169
110,209
108,305
46,323
116,202
105,163
101,576
53,507
82,262
111,233
97,204
110,244
108,292
46,270
116,189
105,137
101,560
53,470
82,261
111,211
97,206
110,214
108,346
46,246
116,236
105,125
101,524
53,428
82,239
111,193
97,190
110,233
108,308
46,275
116,206
105,118
101,485
53,491
82,288
111,207
97,172
110,236
108,280
46,256
116,192
105,133
101,417
53,421
82,262
111,182
97,172
110,182
108,281
46,235
116,194
105,125
101,358
53,400
82,177
111,212
97,153
110,205
108,247
46,229
116,191
105,116
101,385
53,380
82,252
111,188
97,152
110,177
108,280
46,295
116,220
105,120
101,421
53,360
82,220
111,218
97,193
110,213
108,265
46,276
116,205
105,131
101,427
53,428
82,267
111,264
97,94
110,185
108,297
46,330
116,204
105,145
101,338
53,457
82,325
111,1447
97,215
110,202
108,330
46,281
116,168
105,137
101,376
53,375
82,221
111,259
97,172
110,215
108,262
46,234
116,206
105,149
101,340
53,375
82,184
111,216
97,165
110,195
108,270
46,247
116,195
105,148
101,1175
53,452
82,233
111,204
97,164
110,227
108,319
46,244
116,185
105,129
101,1185
53,510
82,430
111,364
97,248
110,195
108,341
46,273
116,167
105,119
101,443
53,459
82,264
111,223
97,221
110,222
108,495
46,268
116,194
105,126
101,511
53,380
82,249
111,228
97,215
110,224
108,310
46,285
116,169
105,137
101,446
53,388
82,216
111,238
97,189
110,217
108,427
46,282
116,182
105,135
101,448
53,417
82,200
111,213
97,205
110,192
108,398
46,304
116,194
105,122
101,463
53,408
82,252
111,221
97,190
110,215
108,299
46,244
116,193
105,108
101,422
53,411
82,202
111,187
97,188
110,237
108,338
46,268
116,168
105,121
101,474
53,388
82,217
111,177
97,202
110,202
108,315
46,298
116,170
105,135
101,459
53,443
82,248
111,191
97,178
110,225
108,361
46,279
116,192
105,115
101,832
53,473
82,337
111,226
97,184
110,216
108,316
46,259
116,195
105,143
101,538
53,543
82,287
111,222
97,141
110,266
108,310
46,336
116,176
105,119
101,1179
53,727
82,743
111,279
97,197
110,212
108,356
46,286
116,195
105,131
101,512
53,384
82,231
111,187
97,209
110,245
108,300
46,242
116,193
105,138
101,570
53,398
82,205
111,202
97,153
110,175
108,326
46,323
116,434
105,215
101,568
53,544
82,305
111,197
97,137
110,193
108,305
46,251
116,165
105,117
101,413
53,362
82,220
111,188
97,155
110,189
108,314
46,319
116,226
105,100
101,460
53,473
82,207
111,185
97,176
110,195
108,325
46,295
116,181
105,109
101,506
53,401
82,200
111,198
97,185
110,201
108,347
46,300
116,210
105,119
101,468
53,445
82,216
111,201
97,172
110,192
108,356
46,296
116,616
105,179
101,569
53,402
82,231
111,188
97,170
110,197
108,473
46,253
116,196
105,116
101,584
53,498
82,244
111,194
97,162
110,234
108,549
46,273
116,181
105,113
101,791
53,430
82,263
111,463
97,259
110,244
108,395
46,316
116,195
105,139
101,477
53,344
82,185
111,223
97,189
110,242
108,348
46,230
116,195
105,133
101,517
53,354
82,205
111,198
97,192
110,230
108,374
46,256
116,147
105,144
101,484
53,426
82,247
111,175
97,195
110,213
108,309
46,250
116,172
105,148
101,923
53,433
82,251
111,186
97,186
110,210
108,342
46,265
116,152
105,121
101,455
53,422
82,233
111,193
97,188
110,173
108,345
46,278
116,178
105,157
101,547
53,408
82,235
111,203
97,165
110,188
108,325
46,274
116,254
105,179
101,549
53,452
82,242
111,216
97,203
110,159
108,331
46,267
116,194
105,124
101,471
53,420
82,262
111,182
97,178
110,167
108,300
46,248
116,182
105,151
101,465
53,399
82,213
111,168
97,176
110,146
108,290
46,262
116,190
105,113
101,401
53,365
82,209
111,150
97,189
110,132
108,320
46,282
116,161
105,130
101,952
53,1016
82,263
111,213
97,188
110,183
108,332
46,253
116,178
105,121
101,605
53,525
82,308
111,209
97,180
110,185
108,335
46,294
116,166
105,139
101,426
53,362
82,340
111,228
97,209
110,167
108,337
46,255
116,186
105,123
101,400
53,388
82,259
111,244
97,196
110,163
108,329
46,270
116,162
105,139
101,367
53,379
82,239
111,221
97,172
110,149
108,344
46,561
116,230
105,129
101,476
53,440
82,662
111,261
97,206
110,187
108,343
46,248
116,186
105,118
101,724
53,544
82,215
111,159
97,135
110,223
108,348
46,263
116,183
105,104
101,437
53,363
82,259
111,226
97,192
110,188
108,330
46,265
116,189
105,122
101,432
53,382
82,278
111,199
97,163
110,209
108,374
46,236
116,183
105,113
101,384
53,512
82,301
111,232
97,170
110,280
108,343
46,238
116,192
105,98
101,404
53,415
82,293
111,226
97,167
110,187
108,354
46,259
116,155
105,152
101,478
53,383
82,270
111,237
97,149
110,256
108,361
46,227
116,185
105,98
101,394
53,390
82,256
111,223
97,159
110,150
108,319
46,248
116,201
105,104
101,412
53,580
82,382
111,288
97,226
110,221
108,369
46,263
116,198
105,113
101,390
53,395
82,227
111,211
97,140
110,199
108,345
46,263
116,185
105,110
101,394
53,731
82,334
111,323
97,232
110,192
108,361
46,247
116,186
105,98
101,419
53,359
82,230
111,230
97,177
110,177
108,313
46,214
116,203
105,100
101,399
53,687
82,315
111,249
97,160
110,218
108,339
46,231
116,179
105,116
101,362
53,336
82,249
111,224
97,150
110,214
108,358
46,250
116,189
105,157
101,496
53,326
82,205
111,234
97,151
110,220
108,449
46,335
116,172
105,151
101,463
53,503
82,284
111,231
97,150
110,219
108,386
46,572
116,234
105,118
101,496
53,388
82,315
111,295
97,145
110,231
108,381
46,600
116,242
105,177
101,437
53,365
82,255
111,291
97,198
110,213
108,328
46,249
116,174
105,122
101,380
53,426
82,283
111,244
97,94
110,197
108,342
46,242
116,211
105,95
101,484
53,414
82,215
111,238
97,122
110,201
108,382
46,259
116,201
105,115
101,408
53,432
82,280
111,207
97,194
110,190
108,324
46,260
116,185
105,139
101,317
53,452
82,314
111,236
97,193
110,197
108,311
46,261
116,185
105,118
101,389
53,590
82,407
111,621
97,226
110,295
108,379
46,248
116,195
105,101
101,327
53,368
82,242
111,232
97,193
110,207
108,342
46,346
116,254
105,148
101,385
53,367
82,239
111,221
97,188
110,199
108,430
46,313
116,267
105,174
101,444
53,476
82,266
111,264
97,232
110,184
108,402
46,300
116,260
105,184
101,520
53,343
82,247
111,207
97,189
110,224
108,359
46,256
116,204
105,97
101,432
53,650
82,456
111,217
97,185
110,183
108,379
46,284
116,314
105,203
101,420
53,424
82,248
111,213
97,216
110,236
108,442
46,263
116,219
105,144
101,754
53,394
82,273
111,213
97,195
110,229
108,409
46,451
116,200
105,168
101,445
53,389
82,222
111,208
97,171
110,209
108,364
46,334
116,677
105,171
101,446
53,311
82,245
111,228
97,192
110,206
108,320
46,363
116,211
105,132
101,360
53,380
82,213
111,207
97,169
110,207
108,360
46,260
116,179
105,131
101,360
53,379
82,246
111,227
97,178
110,217
108,375
46,263
116,224
105,129
101,393
53,485
82,299
111,207
97,218
110,253
108,301
46,273
116,213
105,136
101,458
53,435
82,205
111,206
97,180
110,225
108,322
46,304
116,239
105,156
101,302
53,347
82,223
111,194
97,158
110,185
108,305
46,269
116,180
105,161
101,432
53,421
82,225
111,175
97,185
110,221
108,304
46,250
116,169
105,125
101,987
53,415
82,240
111,158
97,195
110,180
108,329
46,234
116,161
105,133
101,363
53,393
82,230
111,195
97,173
110,207
108,324
46,240
116,176
105,131
101,327
53,380
82,256
111,200
97,176
110,181
108,328
46,234
116,220
105,211
101,540
53,458
82,259
111,165
97,185
110,210
108,324
46,236
116,211
105,148
101,350
53,347
82,252
111,183
97,162
110,210
108,406
46,339
116,196
105,128
101,340
53,377
82,534
111,265
97,226
110,250
108,319
46,262
116,187
105,122
101,338
53,379
82,218
111,205
97,160
110,209
108,345
46,281
116,196
105,128
101,333
53,383
82,259
111,198
97,189
110,153
108,352
46,200
116,171
105,135
101,307
53,356
82,222
111,218
97,168
110,199
108,402
46,212
116,198
105,95
101,528
53,353
82,238
111,184
97,211
110,221
108,329
46,233
116,202
105,96
101,306
53,375
82,239
111,195
97,171
110,221
108,360
46,195
116,204
105,93
101,300
53,389
82,307
111,203
97,181
110,183
108,325
46,231
116,234
105,153
101,383
53,491
82,274
111,225
97,162
110,184
108,387
46,303
116,298
105,138
101,432
53,369
82,253
111,220
97,214
110,184
108,387
46,257
116,309
105,159
101,336
53,424
82,250
111,208
97,173
110,181
108,357
46,190
116,243
105,172
101,352
53,375
82,252
111,220
97,218
110,259
108,386
46,266
116,201
105,109
101,322
53,343
82,234
111,186
97,172
110,180
108,344
46,216
116,492
105,194
101,541
53,384
82,244
111,242
97,207
110,192
108,401
46,203
116,644
105,182
101,486
53,425
82,287
111,229
97,238
110,215
108,383
46,275
116,220
105,167
101,422
53,473
82,383
111,228
97,180
110,204
108,341
46,182
116,220
105,115
101,292
53,381
82,561
111,277
97,198
110,141
108,328
46,220
116,214
105,118
101,280
53,343
82,219
111,198
97,190
110,145
108,393
46,209
116,243
105,175
101,330
53,403
82,200
111,285
97,213
110,168
108,369
46,241
116,259
105,162
101,364
53,414
82,249
111,193
97,187
110,164
108,846
46,258
116,248
105,161
101,429
53,433
82,239
111,207
97,158
110,209
108,326
46,187
116,270
105,241
101,443
53,513
82,378
111,237
97,199
110,185
108,362
46,226
116,231
105,176
101,374
53,389
82,219
111,212
97,204
110,169
108,355
46,205
116,208
105,142
101,307
53,367
82,216
111,191
97,192
110,173
108,345
46,218
116,220
105,160
101,280
53,639
82,262
111,188
97,166
110,167
108,342
46,190
116,218
105,137
101,337
53,367
82,328
111,262
97,144
110,190
108,306
46,179
116,230
105,200
101,661
53,475
82,487
111,206
97,237
110,197
108,311
46,202
116,251
105,132
101,359
53,369
82,234
111,253
97,180
110,163
108,328
46,245
116,209
105,132
101,354
53,487
82,268
111,209
97,207
110,209
108,433
46,254
116,264
105,151
101,497
53,413
82,282
111,193
97,203
110,195
108,334
46,294
116,205
105,150
101,384
53,371
82,275
111,196
97,214
110,180
108,321
46,212
116,233
105,103
101,525
53,465
82,348
111,203
97,182
110,168
108,330
46,214
116,202
105,148
101,299
53,359
82,240
111,231
97,146
110,222
108,373
46,223
116,213
105,163
101,292
53,400
82,248
111,188
97,189
110,175
108,324
46,335
116,202
105,144
101,335
53,381
82,236
111,182
97,174
110,204
108,322
46,273
116,196
105,149
101,277
53,345
82,265
111,174
97,195
110,185
108,327
46,242
116,212
105,138
101,280
53,337
82,230
111,209
97,192
110,235
108,422
46,236
116,195
105,125
101,281
53,434
82,322
111,251
97,166
110,214
108,320
46,249
116,193
105,173
101,309
53,385
82,234
111,207
97,180
110,173
108,289
46,230
116,210
105,176
101,438
53,470
82,294
111,219
97,159
110,184
108,295
46,225
116,208
105,132
101,334
53,682
82,276
111,229
97,162
110,203
108,293
46,206
116,209
105,149
101,317
53,493
82,277
111,187
97,190
110,240
108,342
46,218
116,210
105,120
101,279
53,361
82,228
111,203
97,165
110,203
108,298
46,230
116,188
105,134
101,275
53,397
82,386
111,260
97,183
110,163
108,298
46,242
116,564
105,501
101,351
53,376
82,177
111,200
97,126
110,156
108,306
46,227
116,176
105,123
101,352
53,351
82,207
111,177
97,173
110,192
108,294
46,241
116,168
105,127
101,326
53,328
82,219
111,186
97,176
110,170
108,308
46,295
116,202
105,167
101,382
53,330
82,224
111,195
97,142
110,179
108,359
46,274
116,196
105,139
101,351
53,380
82,240
111,170
97,168
110,150
108,293
46,249
116,170
105,115
101,336
53,381
82,234
111,171
97,202
110,163
108,288
46,242
116,200
105,135
101,360
53,418
82,254
111,170
97,249
110,168
108,358
46,316
116,215
105,115
101,289
53,330
82,204
111,180
97,173
110,171
108,353
46,246
116,237
105,356
101,499
53,378
82,298
111,177
97,178
110,173
108,304
46,215
116,174
105,102
101,253
53,355
82,220
111,214
97,197
110,241
108,334
46,241
116,194
105,127
101,283
53,357
82,240
111,183
97,174
110,168
108,322
46,271
116,205
105,211
101,369
53,407
82,223
111,206
97,186
110,240
108,329
46,252
116,192
105,125
101,267
53,312
82,229
111,178
97,178
110,173
108,338
46,237
116,202
105,446
101,889
53,378
82,224
111,176
97,196
110,147
108,314
46,245
116,156
105,141
101,312
53,330
82,255
111,323
97,196
110,172
108,330
46,261
116,189
105,136
101,297
53,322
82,214
111,211
97,193
110,180
108,317
46,237
116,192
105,104
101,268
53,327
82,283
111,281
97,182
110,159
108,342
46,195
116,187
105,104
101,299
53,334
82,214
111,255
97,186
110,168
108,316
46,262
116,287
105,214
101,481
53,354
82,238
111,184
97,185
110,162
108,310
46,217
116,182
105,121
101,286
53,302
82,236
111,243
97,166
110,152
108,304
46,239
116,191
105,91
101,617
53,445
82,231
111,199
97,158
110,165
108,278
46,221
116,171
105,110
101,314
53,349
82,249
111,170
97,195
110,162
108,318
46,218
116,223
105,119
101,322
53,345
82,339
111,427
97,191
110,222
108,303
46,221
116,191
105,122
101,296
53,376
82,235
111,213
97,191
110,163
108,335
46,271
116,201
105,95
101,329
53,322
82,510
111,361
97,215
110,181
108,428
46,291
116,192
105,132
101,372
53,375
82,341
111,283
97,268
110,116
108,393
46,288
116,206
105,119
101,287
53,387
82,299
111,288
97,248
110,276
108,336
46,249
116,191
105,94
101,467
53,529
82,602
111,281
97,222
110,152
108,337
46,274
116,242
105,124
101,515
53,412
82,283
111,177
97,223
110,209
108,355
46,251
116,228
105,139
101,369
53,439
82,336
111,199
97,229
110,173
108,311
46,241
116,217
105,130
101,319
53,436
82,272
111,253
97,184
110,213
108,322
46,282
116,213
105,200
101,477
53,434
82,265
111,241
97,183
110,186
108,370
46,331
116,222
105,204
101,306
53,406
82,329
111,252
97,201
110,183
108,380
46,463
116,215
105,175
101,310
53,424
82,347
111,253
97,186
110,203
108,320
46,295
116,205
105,132
101,310
53,402
82,269
111,297
97,200
110,155
108,311
46,292
116,203
105,145
101,313
53,407
82,245
111,236
97,209
110,175
108,360
46,245
116,219
105,185
101,336
53,415
82,250
111,237
97,149
110,221
108,382
46,234
116,211
105,158
101,339
53,508
82,319
111,350
97,253
110,273
108,355
46,239
116,198
105,113
101,379
53,462
82,356
111,237
97,198
110,188
108,334
46,234
116,220
105,147
101,307
53,461
82,257
111,243
97,182
110,206
108,351
46,285
116,184
105,165
101,444
53,447
82,260
111,241
97,216
110,301
108,369
46,292
116,191
105,175
101,344
53,417
82,230
111,256
97,197
110,191
108,361
46,237
116,201
105,120
101,317
53,405
82,246
111,260
97,175
110,190
108,348
46,258
116,194
105,136
101,301
53,418
82,229
111,250
97,203
110,194
108,353
46,271
116,200
105,146
101,592
53,440
82,367
111,290
97,155
110,247
108,348
46,197
116,227
105,122
101,619
53,410
82,265
111,261
97,183
110,222
108,366
46,252
116,200
105,122
101,774
53,393
82,224
111,224
97,170
110,228
108,348
46,256
116,186
105,118
101,376
53,370
82,241
111,240
97,175
110,188
108,326
46,251
116,203
105,142
101,323
53,357
82,206
111,254
97,176
110,196
108,350
46,287
116,201
105,169
101,539
53,416
82,250
111,896
97,417
110,259
108,351
46,297
116,201
105,141
101,679
53,404
82,257
111,219
97,211
110,483
108,316
46,224
116,375
105,401
101,849
53,383
82,191
111,176
97,158
110,187
108,392
46,220
116,165
105,124
101,301
53,308
82,160
111,198
97,162
110,206
108,313
46,263
116,165
105,174
101,307
53,328
82,171
111,211
97,165
110,200
108,328
46,353
116,176
105,337
101,488
53,394
82,209
111,219
97,187
110,211
108,305
46,234
116,180
105,149
101,325
53,363
82,235
111,205
97,203
110,197
108,324
46,248
116,171
105,128
101,293
53,396
82,240
111,204
97,199
110,234
108,346
46,227
116,187
105,103
101,333
53,413
82,224
111,198
97,194
110,233
108,339
46,231
116,170
105,131
101,315
53,346
82,221
111,200
97,200
110,198
108,372
46,266
116,195
105,140
101,305
53,465
82,285
111,243
97,198
110,238
108,376
46,320
116,228
105,165
101,331
53,705
82,373
111,293
97,217
110,147
108,336
46,242
116,193
105,110
101,311
53,337
82,370
111,328
97,189
110,216
108,348
46,302
116,200
105,139
101,297
53,337
82,220
111,197
97,178
110,193
108,337
46,254
116,165
105,130
101,508
53,374
82,217
111,194
97,179
110,187
108,315
46,227
116,177
105,147
101,329
53,484
82,334
111,234
97,186
110,189
108,320
46,209
116,202
105,116
101,402
53,421
82,207
111,222
97,182
110,188
108,327
46,205
116,204
105,158
101,327
53,399
82,276
111,233
97,193
110,192
108,303
46,217
116,175
105,140
101,298
53,353
82,241
111,248
97,199
110,223
108,314
46,200
116,182
105,116
101,289
53,345
82,220
111,192
97,178
110,218
108,327
46,255
116,200
105,146
101,321
53,381
82,241
111,217
97,139
110,209
108,329
46,521
116,219
105,193
101,403
53,380
82,218
111,199
97,185
110,212
108,313
46,259
116,238
105,171
101,326
53,352
82,214
111,196
97,189
110,214
108,357
46,609
116,225
105,199
101,364
53,361
82,180
111,202
97,170
110,190
108,275
46,299
116,242
105,119
101,303
53,309
82,191
111,202
97,171
110,174
108,334
46,265
116,195
105,141
101,290
53,351
82,243
111,214
97,172
110,194
108,408
46,442
116,222
105,168
101,311
53,347
82,217
111,197
97,147
110,198
108,285
46,233
116,210
105,127
101,273
53,308
82,179
111,205
97,204
110,192
108,305
46,224
116,190
105,127
101,298
53,378
82,227
111,279
97,194
110,185
108,327
46,243
116,179
105,124
101,425
53,392
82,222
111,232
97,124
110,207
108,301
46,216
116,214
105,96
101,288
53,367
82,206
111,225
97,197
110,187
108,298
46,209
116,214
105,108
101,321
53,375
82,210
111,219
97,203
110,176
108,331
46,256
116,187
105,116
101,277
53,357
82,228
111,201
97,197
110,205
108,408
46,238
116,185
105,97
101,300
53,435
82,297
111,243
97,229
110,197
108,298
46,188
116,200
105,91
101,327
53,367
82,241
111,247
97,190
110,190
108,310
46,202
116,232
105,88
101,291
53,320
82,250
111,256
97,213
110,177
108,304
46,234
116,192
105,110
101,349
53,391
82,191
111,253
97,182
110,216
108,236
46,221
116,191
105,106
101,295
53,345
82,230
111,236
97,164
110,251
108,302
46,221
116,212
105,100
101,335
53,478
82,217
111,243
97,166
110,170
108,310
46,226
116,198
105,110
101,359
53,427
82,237
111,219
97,203
110,193
108,313
46,201
116,202
105,106
101,294
53,373
82,236
111,215
97,197
110,206
108,326
46,185
116,208
105,100
101,296
53,374
82,203
111,208
97,199
110,172
108,330
46,211
116,202
105,89
101,278
53,415
82,327
111,262
97,225
110,186
108,323
46,195
116,195
105,94
101,271
53,878
82,266
111,252
97,178
110,198
108,313
46,217
116,181
105,135
101,298
53,398
82,385
111,211
97,208
110,203
108,298
46,229
116,201
105,110
101,898
53,1480
82,228
111,196
97,162
110,208
108,222
46,282
116,205
105,197
101,494
53,412
82,221
111,210
97,217
110,199
108,313
46,286
116,231
105,161
101,357
53,385
82,247
111,226
97,217
110,167
108,267
46,222
116,192
105,115
101,348
53,359
82,243
111,213
97,159
110,189
108,296
46,256
116,197
105,140
101,284
53,413
82,271
111,223
97,177
110,225
108,309
46,233
116,225
105,143
101,317
53,411
82,245
111,206
97,171
110,174
108,342
46,378
116,222
105,145
101,331
53,381
82,271
111,188
97,197
110,175
108,324
46,248
116,201
105,151
101,310
53,443
82,234
111,165
97,198
110,196
108,325
46,215
116,177
105,129
101,279
53,316
82,210
111,189
97,143
110,197
108,309
46,208
116,179
105,129
101,286
53,353
82,281
111,192
97,188
110,208
108,328
46,211
116,176
105,129
101,310
53,322
82,203
111,189
97,181
110,211
108,336
46,391
116,239
105,156
101,279
53,354
82,242
111,219
97,205
110,215
108,339
46,234
116,179
105,141
101,315
53,341
82,212
111,217
97,184
110,205
108,331
46,233
116,189
105,140
101,276
53,337
82,246
111,195
97,215
110,192
108,345
46,215
116,213
105,154
101,289
53,319
82,239
111,197
97,196
110,175
108,307
46,210
116,189
105,132
101,321
53,345
82,276
111,366
97,265
110,214
108,334
46,233
116,199
105,1221
101,371
53,371
82,271
111,301
97,241
110,232
108,322
46,213
116,202
105,67
101,322
53,428
82,324
111,202
97,241
110,199
108,331
46,204
116,209
105,155
101,342
53,360
82,270
111,194
97,210
110,188
108,347
46,230
116,205
105,122
101,291
53,339
82,216
111,175
97,186
110,163
108,316
46,222
116,187
105,115
101,303
53,384
82,208
111,201
97,207
110,161
108,382
46,249
116,215
105,155
101,253
53,363
82,224
111,198
97,222
110,168
108,293
46,779
116,295
105,182
101,347
53,396
82,258
111,188
97,182
110,203
108,279
46,223
116,414
105,245
101,391
53,367
82,317
111,354
97,240
110,182
108,334
46,193
116,202
105,141
101,277
53,311
82,367
111,245
97,317
110,220
108,342
46,234
116,208
105,133
101,305
53,352
82,242
111,219
97,208
110,187
108,303
46,239
116,190
105,119
101,272
53,340
82,270
111,238
97,254
110,199
108,367
46,236
116,219
105,118
101,294
53,332
82,260
111,111
97,633
110,284
108,347
46,249
116,176
105,147
101,278
53,346
82,263
111,195
97,171
110,168
108,245
46,197
116,219
105,138
101,286
53,377
82,307
111,234
97,210
110,189
108,344
46,211
116,196
105,115
101,306
53,348
82,289
111,240
97,119
110,225
108,324
46,202
116,209
105,117
101,330
53,369
82,236
111,234
97,191
110,173
108,360
46,212
116,225
105,116
101,304
53,316
82,334
111,277
97,219
110,287
108,301
46,249
116,196
105,136
101,260
53,342
82,225
111,243
97,139
110,235
108,324
46,219
116,205
105,109
101,251
53,301
82,205
111,213
97,157
110,187
108,302
46,176
116,203
105,94
101,249
53,347
82,332
111,217
97,210
110,176
108,301
46,134
116,210
105,83
101,265
53,336
82,210
111,197
97,174
110,203
108,348
46,211
116,212
105,112
101,253
53,303
82,217
111,253
97,199
110,181
108,358
46,199
116,241
105,74
101,309
53,576
82,369
111,231
97,170
110,169
108,287
46,183
116,206
105,73
101,266
53,394
82,224
111,198
97,169
110,183
108,258
46,196
116,219
105,87
101,257
53,353
82,223
111,254
97,184
110,157
108,285
46,200
116,254
105,159
101,241
53,588
82,298
111,232
97,198
110,172
108,304
46,174
116,234
105,127
101,302
53,1926
82,298
111,207
97,182
110,173
108,279
46,294
116,183
105,170
101,693
53,423
82,212
111,201
97,180
110,125
108,304
46,237
116,184
105,165
101,347
53,368
82,233
111,202
97,150
110,579
108,340
46,295
116,190
105,154
101,400
53,646
82,312
111,263
97,160
110,189
108,396
46,280
116,212
105,142
101,286
53,373
82,199
111,219
97,195
110,163
108,328
46,237
116,217
105,150
101,357
53,391
82,199
111,216
97,176
110,194
108,338
46,214
116,217
105,131
101,375
53,391
82,388
111,281
97,168
110,187
108,293
46,221
116,208
105,109
101,273
53,366
82,222
111,278
97,240
110,184
108,288
46,203
116,203
105,100
101,282
53,359
82,207
111,234
97,161
110,165
108,319
46,197
116,210
105,131
101,254
53,349
82,222
111,226
97,167
110,188
108,340
46,228
116,208
105,127
101,266
53,351
82,417
111,272
97,192
110,161
108,303
46,209
116,197
105,124
101,278
53,369
82,745
111,347
97,235
110,110
108,313
46,257
116,204
105,137
101,285
53,346
82,257
111,232
97,201
110,197
108,301
46,193
116,230
105,90
101,287
53,423
82,329
111,215
97,206
110,168
108,305
46,205
116,223
105,126
101,299
53,327
82,238
111,187
97,217
110,134
108,283
46,216
116,134
105,145
101,296
53,354
82,197
111,184
97,148
110,168
108,372
46,192
116,180
105,110
101,258
53,331
82,196
111,203
97,164
110,192
108,322
46,225
116,167
105,137
101,319
53,324
82,181
111,194
97,174
110,166
108,306
46,198
116,186
105,129
101,253
53,306
82,167
111,199
97,171
110,161
108,299
46,212
116,180
105,157
101,297
53,300
82,239
111,201
97,199
110,247
108,420
46,241
116,185
105,129
101,284
53,289
82,269
111,229
97,192
110,160
108,288
46,222
116,193
105,114
101,262
53,304
82,179
111,187
97,192
110,156
108,319
46,245
116,184
105,131
101,264
53,322
82,181
111,211
97,189
110,161
108,355
46,248
116,212
105,186
101,395
53,373
82,233
111,188
97,271
110,171
108,315
46,241
116,200
105,123
101,271
53,330
82,193
111,197
97,175
110,186
108,301
46,210
116,208
105,144
101,302
53,392
82,192
111,196
97,181
110,170
108,310
46,227
116,218
105,161
101,291
53,327
82,230
111,176
97,174
110,184
108,302
46,222
116,214
105,144
101,286
53,354
82,196
111,213
97,187
110,175
108,308
46,198
116,193
105,88
101,321
53,465
82,286
111,225
97,203
110,182
108,302
46,195
116,190
105,133
101,275
53,365
82,268
111,220
97,189
110,174
108,289
46,202
116,190
105,111
101,260
53,322
82,205
111,224
97,174
110,185
108,317
46,226
116,201
105,134
101,277
53,370
82,250
111,202
97,174
110,169
108,308
46,270
116,157
105,126
101,744
53,335
82,261
111,205
97,202
110,156
108,318
46,236
116,188
105,126
101,259
53,499
82,283
111,188
97,184
110,168
108,293
46,202
116,200
105,80
101,288
53,497
82,365
111,359
97,232
110,114
108,328
46,217
116,195
105,121
101,307
53,316
82,251
111,148
97,487
110,257
108,320
46,222
116,192
105,125
101,239
53,400
82,228
111,172
97,171
110,152
108,306
46,232
116,206
105,127
101,277
53,354
82,229
111,231
97,221
110,155
108,292
46,228
116,252
105,259
101,340
53,350
82,206
111,212
97,193
110,156
108,326
46,221
116,197
105,116
101,304
53,349
82,1028
111,242
97,167
110,207
108,308
46,268
116,181
105,136
101,284
53,451
82,232
111,228
97,161
110,184
108,292
46,214
116,201
105,123
101,278
53,404
82,254
111,270
97,196
110,167
108,291
46,230
116,206
105,147
101,242
53,348
82,588
111,347
97,249
110,572
108,353
46,226
116,191
105,136
101,251
53,366
82,307
111,262
97,188
110,169
108,252
46,214
116,208
105,133
101,277
53,337
82,181
111,218
97,160
110,161
108,270
46,228
116,215
105,131
101,265
53,340
82,213
111,466
97,274
110,512
108,289
46,226
116,198
105,120
101,252
53,404
82,275
111,259
97,181
110,165
108,342
46,211
116,217
105,111
101,282
53,347
82,332
111,252
97,181
110,173
108,300
46,237
116,248
105,183
101,473
53,421
82,210
111,251
97,176
110,154
108,301
46,211
116,214
105,117
101,274
53,330
82,230
111,270
97,198
110,119
108,352
46,221
116,241
105,122
101,356
53,430
82,257
111,226
97,172
110,205
108,288
46,214
116,224
105,132
101,367
53,371
82,219
111,231
97,182
110,158
108,280
46,232
116,200
105,137
101,545
53,391
82,249
111,281
97,64
110,186
108,453
46,226
116,248
105,169
101,275
53,384
82,232
111,191
97,193
110,184
108,323
46,196
116,208
105,120
101,256
53,418
82,263
111,531
97,220
110,220
108,337
46,226
116,166
105,162
101,359
53,405
82,205
111,209
97,199
110,188
108,317
46,184
116,217
105,119
101,261
53,412
82,350
111,249
97,211
110,97
108,339
46,205
116,201
105,121
101,298
53,440
82,203
111,253
97,184
110,153
108,655
46,406
116,214
105,156
101,317
53,361
82,230
111,253
97,220
110,205
108,354
46,272
116,169
105,155
101,331
53,380
82,213
111,233
97,195
110,173
108,327
46,192
116,204
105,126
101,199
53,484
82,331
111,232
97,174
110,163
108,321
46,227
116,230
105,142
101,307
53,435
82,305
111,280
97,201
110,289
108,327
46,174
116,244
105,183
101,322
53,403
82,215
111,236
97,187
110,198
108,316
46,230
116,235
105,159
101,472
53,423
82,233
111,244
97,161
110,213
108,304
46,203
116,201
105,142
101,337
53,409
82,197
111,263
97,153
110,213
108,334
46,229
116,159
105,107
101,317
53,378
82,229
111,190
97,146
110,216
108,322
46,236
116,178
105,110
101,292
53,324
82,238
111,185
97,181
110,184
108,319
46,197
116,206
105,89
101,256
53,328
82,218
111,213
97,167
110,182
108,328
46,239
116,260
105,163
101,309
53,331
82,214
111,198
97,181
110,196
108,320
46,237
116,184
105,133
101,294
53,357
82,275
111,245
97,163
110,172
108,324
46,196
116,209
105,105
101,299
53,318
82,235
111,206
97,187
110,191
108,352
46,282
116,179
105,138
101,297
53,367
82,236
111,225
97,159
110,194
108,566
46,347
116,193
105,161
101,325
53,389
82,266
111,229
97,234
110,181
108,347
46,281
116,185
105,129
101,303
53,364
82,249
111,195
97,202
110,223
108,341
46,217
116,251
105,206
101,316
53,390
82,289
111,254
97,196
110,232
108,293
46,219
116,206
105,127
101,300
53,345
82,236
111,207
97,200
110,196
108,388
46,263
116,212
105,109
101,302
53,312
82,282
111,223
97,246
110,194
108,388
46,241
116,208
105,117
101,1401
53,482
82,497
111,266
97,224
110,193
108,395
46,218
116,196
105,128
101,339
53,396
82,226
111,216
97,187
110,175
108,328
46,235
116,185
105,161
101,301
53,401
82,193
111,242
97,270
110,238
108,356
46,215
116,211
105,100
101,312
53,360
82,218
111,177
97,180
110,172
108,312
46,194
116,218
105,108
101,269
53,349
82,275
111,234
97,195
110,177
108,351
46,227
116,215
105,83
101,276
53,316
82,199
111,207
97,200
110,203
108,301
46,200
116,220
105,52
101,298
53,329
82,315
111,301
97,183
110,173
108,292
46,186
116,261
105,46
101,266
53,325
82,296
111,304
97,219
110,160
108,343
46,225
116,201
105,101
101,249
53,318
82,276
111,200
97,242
110,186
108,294
46,215
116,260
105,77
101,332
53,328
82,264
111,343
97,250
110,203
108,317
46,244
116,194
105,211
101,475
53,516
82,342
111,180
97,188
110,184
108,314
46,297
116,1092
105,348
101,352
53,399
82,284
111,198
97,212
110,191
108,364
46,362
116,201
105,217
101,360
53,418
82,549
111,254
97,227
110,205
108,373
46,290
116,181
105,215
101,324
53,415
82,293
111,187
97,220
110,186
108,402
46,484
116,301
105,273
101,369
53,443
82,386
111,284
97,217
110,265
108,299
46,221
116,178
105,140
101,282
53,385
82,422
111,303
97,302
110,149
108,379
46,254
116,203
105,224
101,290
53,474
82,242
111,250
97,208
110,212
108,336
46,608
116,741
105,181
101,321
53,367
82,273
111,224
97,191
110,170
108,298
46,307
116,205
105,163
101,287
53,361
82,242
111,226
97,182
110,214
108,297
46,265
116,192
105,205
101,289
53,435
82,398
111,254
97,202
110,170
108,317
46,264
116,214
105,186
101,266
53,376
82,219
111,216
97,189
110,209
108,321
46,264
116,171
105,186
101,298
53,389
82,293
111,237
97,233
110,184
108,320
46,264
116,184
105,175
101,246
53,338
82,240
111,288
97,235
110,197
108,342
46,234
116,182
105,175
101,240
53,348
82,291
111,240
97,187
110,241
108,1255
46,309
116,183
105,124
101,263
53,351
82,238
111,234
97,203
110,201
108,451
46,258
116,189
105,134
101,246
53,421
82,257
111,200
97,211
110,163
108,338
46,201
116,199
105,125
101,273
53,372
82,217
111,232
97,202
110,170
108,362
46,228
116,199
105,119
101,241
53,384
82,248
111,217
97,222
110,201
108,353
46,234
116,218
105,113
101,275
53,348
82,240
111,232
97,187
110,183
108,384
46,204
116,189
105,112
101,236
53,354
82,217
111,195
97,191
110,163
108,332
46,186
116,194
105,96
101,241
53,393
82,208
111,222
97,195
110,150
108,352
46,225
116,168
105,117
101,256
53,344
82,222
111,222
97,194
110,180
108,296
46,225
116,164
105,141
101,375
53,636
82,379
111,240
97,188
110,165
108,296
46,185
116,191
105,94
101,247
53,376
82,210
111,220
97,201
110,116
108,336
46,243
116,225
105,183
101,241
53,390
82,262
111,189
97,240
110,128
108,409
46,204
116,179
105,110
101,235
53,368
82,219
111,238
97,179
110,154
108,315
46,201
116,183
105,102
101,226
53,344
82,191
111,257
97,207
110,236
108,335
46,204
116,229
105,157
101,320
53,430
82,689
111,265
97,197
110,150
108,242
