3926,47
4104,17
758,34
1386,14
685,23
396,56
309,15
298,31
322,0
970,45
73,36
497,47
211,17
223,34
710,14
538,23
359,56
433,15
284,31
296,0
1286,45
91,36
381,47
331,17
205,34
891,14
719,23
396,56
293,15
278,31
332,0
285,45
74,36
542,47
215,17
246,34
827,14
498,23
2875,56
243,15
240,31
257,0
312,45
69,36
956,47
264,17
228,34
848,14
488,23
272,56
290,15
238,31
271,0
360,45
70,36
456,47
341,17
266,34
694,14
743,23
283,56
237,15
284,31
157,0
728,45
85,36
355,47
293,17
168,34
970,14
475,23
268,56
239,15
283,31
264,0
336,45
67,36
617,47
183,17
234,34
575,14
505,23
251,56
208,15
264,31
245,0
311,45
64,36
348,47
253,17
219,34
915,14
531,23
294,56
216,15
243,31
1166,0
307,45
68,36
305,47
259,17
232,34
754,14
557,23
238,56
238,15
226,31
263,0
1211,45
78,36
460,47
218,17
266,34
654,14
484,23
354,56
285,15
298,31
354,0
1388,45
85,36
608,47
310,17
355,34
1174,14
458,23
280,56
249,15
286,31
339,0
367,45
75,36
386,47
714,17
468,34
671,14
440,23
239,56
253,15
264,31
296,0
368,45
76,36
321,47
225,17
269,34
725,14
474,23
279,56
273,15
316,31
359,0
320,45
71,36
408,47
558,17
514,34
891,14
572,23
403,56
372,15
326,31
369,0
370,45
79,36
347,47
202,17
278,34
804,14
727,23
404,56
324,15
318,31
854,0
355,45
81,36
405,47
245,17
353,34
588,14
475,23
514,56
384,15
290,31
317,0
330,45
67,36
312,47
220,17
310,34
1139,14
449,23
269,56
278,15
281,31
316,0
333,45
76,36
329,47
218,17
291,34
652,14
515,23
404,56
349,15
319,31
324,0
347,45
73,36
323,47
232,17
317,34
577,14
486,23
304,56
281,15
314,31
245,0
346,45
52,36
297,47
223,17
288,34
1254,14
435,23
234,56
238,15
267,31
262,0
309,45
75,36
392,47
271,17
248,34
715,14
565,23
282,56
252,15
251,31
275,0
309,45
67,36
297,47
242,17
322,34
802,14
526,23
299,56
247,15
322,31
215,0
374,45
73,36
344,47
283,17
333,34
1515,14
902,23
401,56
425,15
325,31
1525,0
408,45
109,36
361,47
246,17
359,34
686,14
526,23
345,56
782,15
406,31
352,0
408,45
77,36
558,47
306,17
411,34
673,14
614,23
347,56
406,15
537,31
383,0
551,45
89,36
476,47
316,17
442,34
878,14
457,23
281,56
246,15
315,31
352,0
394,45
81,36
430,47
859,17
474,34
632,14
495,23
272,56
282,15
328,31
369,0
399,45
69,36
377,47
278,17
468,34
1380,14
500,23
317,56
245,15
319,31
329,0
404,45
78,36
368,47
926,17
513,34
1333,14
785,23
373,56
358,15
341,31
331,0
386,45
82,36
331,47
295,17
591,34
837,14
529,23
429,56
329,15
293,31
321,0
363,45
82,36
357,47
376,17
488,34
823,14
540,23
398,56
344,15
424,31
341,0
395,45
79,36
332,47
367,17
683,34
566,14
490,23
328,56
328,15
379,31
420,0
437,45
75,36
376,47
414,17
425,34
838,14
517,23
372,56
479,15
323,31
377,0
430,45
79,36
475,47
320,17
403,34
683,14
530,23
360,56
313,15
304,31
305,0
333,45
79,36
386,47
655,17
414,34
596,14
565,23
349,56
259,15
339,31
576,0
429,45
79,36
404,47
558,17
452,34
659,14
471,23
287,56
365,15
340,31
328,0
343,45
77,36
393,47
513,17
485,34
763,14
513,23
312,56
611,15
575,31
367,0
349,45
66,36
385,47
285,17
367,34
668,14
458,23
263,56
250,15
328,31
312,0
363,45
75,36
341,47
302,17
300,34
919,14
526,23
315,56
1151,15
372,31
355,0
350,45
79,36
334,47
331,17
307,34
883,14
549,23
294,56
291,15
348,31
409,0
400,45
76,36
333,47
256,17
312,34
1289,14
465,23
319,56
282,15
317,31
344,0
366,45
77,36
360,47
311,17
346,34
1396,14
530,23
288,56
220,15
305,31
362,0
376,45
73,36
487,47
340,17
361,34
740,14
434,23
261,56
262,15
1026,31
311,0
430,45
87,36
336,47
242,17
321,34
1283,14
441,23
282,56
276,15
356,31
649,0
467,45
75,36
399,47
337,17
589,34
686,14
467,23
292,56
254,15
297,31
391,0
385,45
76,36
366,47
260,17
350,34
956,14
414,23
287,56
591,15
337,31
333,0
378,45
82,36
315,47
233,17
277,34
1167,14
451,23
267,56
213,15
297,31
346,0
355,45
75,36
799,47
574,17
540,34
1103,14
546,23
303,56
278,15
339,31
347,0
366,45
86,36
367,47
310,17
342,34
1355,14
484,23
262,56
237,15
273,31
278,0
365,45
70,36
562,47
286,17
246,34
643,14
665,23
825,56
367,15
385,31
425,0
1269,45
64,36
429,47
257,17
204,34
1016,14
576,23
345,56
263,15
416,31
389,0
1313,45
83,36
510,47
309,17
322,34
676,14
538,23
360,56
348,15
375,31
338,0
1189,45
77,36
411,47
281,17
279,34
719,14
511,23
278,56
236,15
273,31
314,0
1357,45
77,36
393,47
409,17
349,34
629,14
477,23
349,56
301,15
262,31
300,0
393,45
85,36
429,47
268,17
275,34
609,14
506,23
286,56
291,15
291,31
311,0
861,45
116,36
325,47
215,17
230,34
646,14
486,23
262,56
235,15
283,31
288,0
1223,45
89,36
369,47
255,17
281,34
562,14
460,23
232,56
221,15
246,31
279,0
1205,45
82,36
530,47
217,17
296,34
732,14
464,23
262,56
247,15
306,31
295,0
1144,45
80,36
639,47
223,17
266,34
590,14
495,23
271,56
243,15
280,31
297,0
342,45
84,36
481,47
265,17
288,34
710,14
463,23
223,56
224,15
221,31
282,0
1096,45
80,36
401,47
297,17
102,34
621,14
394,23
243,56
218,15
235,31
263,0
335,45
85,36
335,47
522,17
547,34
655,14
566,23
574,56
334,15
347,31
376,0
1121,45
74,36
362,47
272,17
279,34
753,14
483,23
235,56
241,15
260,31
292,0
398,45
90,36
299,47
230,17
219,34
730,14
672,23
278,56
260,15
291,31
299,0
374,45
87,36
352,47
287,17
258,34
743,14
531,23
312,56
205,15
310,31
296,0
367,45
84,36
459,47
362,17
414,34
602,14
529,23
331,56
306,15
361,31
328,0
475,45
92,36
332,47
315,17
344,34
769,14
529,23
349,56
330,15
351,31
346,0
371,45
106,36
351,47
283,17
794,34
779,14
512,23
354,56
165,15
332,31
335,0
374,45
87,36
433,47
341,17
332,34
565,14
512,23
311,56
252,15
300,31
320,0
357,45
78,36
692,47
351,17
312,34
634,14
449,23
284,56
236,15
324,31
323,0
362,45
77,36
325,47
267,17
336,34
605,14
487,23
282,56
249,15
263,31
290,0
386,45
92,36
313,47
270,17
318,34
709,14
443,23
277,56
202,15
258,31
278,0
348,45
85,36
345,47
404,17
301,34
571,14
602,23
499,56
186,15
323,31
388,0
378,45
75,36
391,47
318,17
319,34
527,14
480,23
243,56
259,15
283,31
265,0
381,45
58,36
503,47
362,17
366,34
824,14
585,23
328,56
299,15
305,31
308,0
366,45
86,36
391,47
372,17
330,34
893,14
534,23
330,56
276,15
300,31
816,0
370,45
88,36
392,47
338,17
349,34
538,14
590,23
500,56
373,15
321,31
347,0
331,45
91,36
287,47
272,17
335,34
649,14
510,23
279,56
256,15
288,31
294,0
362,45
82,36
330,47
284,17
345,34
629,14
496,23
288,56
263,15
292,31
280,0
378,45
80,36
354,47
302,17
333,34
540,14
510,23
271,56
270,15
281,31
263,0
362,45
85,36
329,47
253,17
331,34
803,14
532,23
269,56
233,15
277,31
252,0
353,45
77,36
348,47
269,17
301,34
622,14
478,23
272,56
175,15
277,31
282,0
388,45
75,36
333,47
231,17
289,34
613,14
467,23
249,56
236,15
215,31
240,0
349,45
69,36
324,47
247,17
840,34
634,14
495,23
287,56
235,15
273,31
282,0
411,45
84,36
494,47
346,17
310,34
623,14
503,23
290,56
250,15
261,31
285,0
366,45
78,36
302,47
676,17
431,34
532,14
703,23
349,56
296,15
250,31
271,0
375,45
73,36
468,47
479,17
449,34
699,14
509,23
270,56
263,15
239,31
266,0
386,45
78,36
527,47
347,17
352,34
523,14
465,23
304,56
209,15
257,31
301,0
390,45
81,36
303,47
285,17
321,34
597,14
558,23
365,56
270,15
254,31
268,0
382,45
81,36
341,47
321,17
272,34
588,14
575,23
461,56
437,15
357,31
315,0
363,45
82,36
337,47
350,17
400,34
602,14
488,23
298,56
253,15
245,31
293,0
363,45
72,36
348,47
657,17
563,34
686,14
480,23
279,56
247,15
239,31
270,0
389,45
81,36
409,47
840,17
503,34
815,14
609,23
375,56
311,15
316,31
353,0
412,45
90,36
492,47
412,17
520,34
666,14
611,23
701,56
473,15
393,31
385,0
386,45
88,36
323,47
300,17
419,34
693,14
599,23
402,56
366,15
324,31
381,0
372,45
74,36
375,47
311,17
416,34
723,14
486,23
308,56
440,15
318,31
438,0
425,45
73,36
480,47
307,17
439,34
633,14
527,23
354,56
315,15
288,31
313,0
403,45
81,36
410,47
357,17
369,34
532,14
498,23
340,56
355,15
328,31
345,0
407,45
81,36
379,47
338,17
400,34
813,14
490,23
326,56
303,15
343,31
303,0
388,45
69,36
467,47
390,17
393,34
755,14
578,23
344,56
307,15
387,31
405,0
558,45
87,36
361,47
335,17
372,34
638,14
913,23
402,56
368,15
353,31
419,0
1260,45
81,36
367,47
310,17
378,34
637,14
586,23
1332,56
341,15
366,31
386,0
461,45
85,36
532,47
360,17
363,34
540,14
815,23
1224,56
533,15
494,31
419,0
593,45
97,36
351,47
289,17
290,34
664,14
608,23
1137,56
450,15
464,31
496,0
481,45
73,36
366,47
361,17
348,34
662,14
616,23
610,56
408,15
433,31
511,0
530,45
106,36
457,47
385,17
507,34
510,14
652,23
623,56
496,15
495,31
504,0
564,45
85,36
428,47
443,17
545,34
725,14
759,23
492,56
421,15
531,31
479,0
568,45
96,36
367,47
440,17
463,34
926,14
748,23
546,56
370,15
447,31
430,0
460,45
91,36
482,47
420,17
503,34
540,14
868,23
529,56
392,15
433,31
478,0
466,45
83,36
418,47
405,17
467,34
564,14
764,23
435,56
336,15
389,31
361,0
430,45
80,36
406,47
371,17
464,34
596,14
719,23
462,56
355,15
612,31
967,0
391,45
71,36
383,47
354,17
472,34
503,14
727,23
384,56
390,15
405,31
411,0
438,45
81,36
405,47
361,17
450,34
536,14
696,23
635,56
433,15
427,31
428,0
1432,45
72,36
419,47
347,17
426,34
470,14
684,23
434,56
348,15
402,31
443,0
483,45
75,36
462,47
568,17
799,34
671,14
631,23
434,56
372,15
402,31
431,0
442,45
85,36
391,47
363,17
552,34
570,14
1071,23
450,56
346,15
367,31
387,0
405,45
78,36
399,47
423,17
465,34
732,14
609,23
412,56
356,15
439,31
390,0
433,45
81,36
386,47
376,17
430,34
535,14
633,23
413,56
355,15
893,31
827,0
472,45
71,36
457,47
441,17
509,34
483,14
663,23
464,56
425,15
442,31
470,0
412,45
78,36
524,47
453,17
510,34
537,14
685,23
462,56
385,15
447,31
451,0
466,45
83,36
397,47
317,17
503,34
540,14
614,23
446,56
383,15
410,31
403,0
417,45
85,36
414,47
278,17
512,34
1747,14
572,23
396,56
269,15
385,31
350,0
1412,45
64,36
400,47
285,17
440,34
556,14
628,23
441,56
338,15
385,31
400,0
458,45
84,36
426,47
297,17
412,34
576,14
878,23
403,56
875,15
473,31
389,0
406,45
77,36
400,47
355,17
384,34
686,14
631,23
396,56
281,15
441,31
427,0
417,45
78,36
423,47
433,17
489,34
567,14
641,23
429,56
399,15
430,31
362,0
421,45
78,36
378,47
316,17
415,34
612,14
568,23
438,56
300,15
408,31
371,0
1357,45
81,36
704,47
356,17
375,34
572,14
588,23
428,56
358,15
420,31
332,0
437,45
71,36
378,47
369,17
393,34
648,14
556,23
401,56
280,15
376,31
314,0
428,45
72,36
416,47
352,17
413,34
528,14
499,23
396,56
245,15
366,31
331,0
394,45
77,36
381,47
294,17
384,34
655,14
542,23
401,56
299,15
918,31
682,0
385,45
78,36
410,47
275,17
390,34
594,14
606,23
433,56
359,15
404,31
391,0
408,45
88,36
415,47
667,17
578,34
730,14
620,23
436,56
395,15
512,31
438,0
552,45
108,36
619,47
401,17
433,34
572,14
563,23
442,56
325,15
394,31
404,0
436,45
87,36
383,47
844,17
505,34
666,14
562,23
394,56
267,15
411,31
324,0
444,45
93,36
354,47
251,17
432,34
656,14
594,23
396,56
280,15
362,31
332,0
439,45
91,36
427,47
332,17
493,34
575,14
512,23
368,56
242,15
380,31
365,0
399,45
82,36
419,47
342,17
372,34
590,14
527,23
363,56
301,15
358,31
345,0
387,45
83,36
404,47
286,17
444,34
744,14
534,23
344,56
251,15
336,31
373,0
415,45
79,36
369,47
276,17
360,34
720,14
518,23
371,56
289,15
310,31
338,0
421,45
69,36
436,47
363,17
390,34
558,14
493,23
361,56
292,15
304,31
341,0
418,45
75,36
497,47
359,17
408,34
528,14
493,23
350,56
298,15
379,31
334,0
415,45
67,36
446,47
346,17
463,34
508,14
586,23
449,56
337,15
288,31
348,0
413,45
76,36
454,47
323,17
399,34
484,14
499,23
373,56
254,15
316,31
370,0
402,45
77,36
433,47
317,17
318,34
553,14
493,23
351,56
262,15
355,31
359,0
408,45
82,36
349,47
272,17
271,34
656,14
535,23
752,56
359,15
398,31
729,0
450,45
73,36
351,47
309,17
332,34
600,14
574,23
410,56
272,15
352,31
409,0
400,45
79,36
413,47
320,17
1066,34
758,14
506,23
349,56
269,15
374,31
398,0
462,45
85,36
344,47
295,17
316,34
545,14
494,23
463,56
321,15
342,31
575,0
448,45
85,36
316,47
280,17
284,34
599,14
518,23
461,56
324,15
343,31
414,0
580,45
73,36
398,47
565,17
570,34
587,14
594,23
375,56
342,15
320,31
376,0
414,45
73,36
356,47
296,17
343,34
797,14
535,23
263,56
289,15
306,31
327,0
855,45
108,36
273,47
283,17
319,34
703,14
634,23
366,56
323,15
363,31
352,0
1486,45
86,36
392,47
334,17
386,34
612,14
607,23
397,56
294,15
364,31
351,0
1257,45
74,36
345,47
275,17
347,34
533,14
606,23
374,56
284,15
370,31
309,0
1200,45
84,36
295,47
263,17
317,34
570,14
554,23
340,56
268,15
438,31
374,0
504,45
97,36
363,47
398,17
409,34
549,14
572,23
314,56
277,15
403,31
332,0
437,45
103,36
323,47
361,17
405,34
544,14
553,23
337,56
256,15
356,31
333,0
403,45
75,36
345,47
259,17
396,34
436,14
497,23
313,56
714,15
573,31
308,0
333,45
75,36
252,47
261,17
306,34
596,14
476,23
283,56
223,15
367,31
294,0
417,45
90,36
818,47
715,17
468,34
420,14
517,23
328,56
283,15
327,31
332,0
369,45
75,36
333,47
248,17
360,34
654,14
498,23
265,56
267,15
342,31
293,0
371,45
86,36
379,47
287,17
366,34
577,14
533,23
301,56
252,15
400,31
222,0
402,45
89,36
426,47
496,17
520,34
577,14
509,23
292,56
313,15
1038,31
367,0
369,45
78,36
365,47
307,17
549,34
570,14
563,23
322,56
320,15
352,31
331,0
398,45
94,36
267,47
225,17
252,34
578,14
552,23
331,56
335,15
344,31
312,0
399,45
85,36
453,47
884,17
499,34
600,14
545,23
384,56
426,15
405,31
361,0
425,45
95,36
397,47
349,17
462,34
613,14
509,23
285,56
312,15
334,31
361,0
403,45
85,36
338,47
222,17
352,34
579,14
543,23
349,56
325,15
359,31
312,0
406,45
87,36
385,47
273,17
363,34
554,14
697,23
387,56
280,15
358,31
322,0
573,45
106,36
385,47
293,17
370,34
641,14
565,23
333,56
263,15
306,31
335,0
430,45
82,36
414,47
311,17
407,34
665,14
603,23
400,56
388,15
360,31
360,0
439,45
98,36
404,47
459,17
370,34
546,14
569,23
386,56
349,15
334,31
347,0
420,45
92,36
428,47
803,17
472,34
595,14
481,23
326,56
294,15
325,31
332,0
458,45
92,36
394,47
303,17
368,34
600,14
502,23
300,56
304,15
282,31
323,0
408,45
90,36
357,47
303,17
372,34
506,14
483,23
302,56
313,15
285,31
313,0
424,45
99,36
437,47
360,17
422,34
469,14
517,23
349,56
321,15
303,31
294,0
416,45
99,36
404,47
369,17
401,34
431,14
554,23
388,56
392,15
295,31
310,0
390,45
83,36
575,47
481,17
373,34
653,14
1527,23
492,56
345,15
312,31
280,0
375,45
82,36
360,47
340,17
411,34
1099,14
543,23
356,56
275,15
325,31
285,0
412,45
91,36
382,47
305,17
397,34
1004,14
541,23
363,56
268,15
244,31
366,0
373,45
88,36
374,47
283,17
374,34
525,14
441,23
302,56
298,15
210,31
297,0
368,45
83,36
319,47
272,17
327,34
582,14
436,23
269,56
276,15
259,31
291,0
387,45
87,36
394,47
317,17
336,34
564,14
553,23
309,56
318,15
262,31
309,0
378,45
95,36
351,47
315,17
318,34
691,14
515,23
297,56
259,15
254,31
271,0
373,45
72,36
330,47
339,17
253,34
656,14
490,23
344,56
310,15
292,31
315,0
498,45
94,36
361,47
325,17
466,34
1242,14
440,23
283,56
263,15
260,31
273,0
372,45
74,36
341,47
340,17
343,34
662,14
455,23
286,56
243,15
263,31
249,0
353,45
90,36
285,47
278,17
328,34
598,14
427,23
271,56
262,15
271,31
259,0
372,45
84,36
338,47
502,17
319,34
652,14
441,23
280,56
226,15
287,31
266,0
377,45
84,36
226,47
256,17
305,34
612,14
532,23
269,56
284,15
269,31
281,0
359,45
83,36
369,47
299,17
345,34
607,14
497,23
282,56
292,15
289,31
327,0
405,45
84,36
385,47
413,17
393,34
671,14
461,23
312,56
303,15
282,31
319,0
373,45
81,36
348,47
360,17
388,34
514,14
473,23
284,56
299,15
286,31
318,0
414,45
84,36
282,47
837,17
426,34
494,14
793,23
447,56
509,15
513,31
347,0
454,45
96,36
429,47
373,17
441,34
540,14
535,23
375,56
373,15
367,31
343,0
447,45
91,36
349,47
317,17
395,34
679,14
574,23
322,56
356,15
359,31
317,0
502,45
87,36
401,47
381,17
361,34
627,14
485,23
314,56
321,15
333,31
322,0
440,45
89,36
474,47
396,17
458,34
957,14
459,23
320,56
313,15
312,31
295,0
385,45
64,36
386,47
475,17
429,34
560,14
559,23
358,56
399,15
375,31
386,0
472,45
86,36
386,47
350,17
352,34
567,14
567,23
334,56
357,15
370,31
403,0
417,45
78,36
324,47
375,17
387,34
586,14
477,23
286,56
320,15
297,31
346,0
638,45
101,36
385,47
303,17
348,34
560,14
496,23
1262,56
344,15
260,31
446,0
1300,45
75,36
406,47
324,17
387,34
497,14
500,23
365,56
286,15
370,31
400,0
434,45
101,36
521,47
495,17
373,34
545,14
454,23
355,56
334,15
283,31
371,0
497,45
42,36
340,47
1053,17
435,34
585,14
455,23
356,56
379,15
385,31
361,0
394,45
92,36
392,47
352,17
414,34
464,14
509,23
364,56
334,15
377,31
425,0
426,45
95,36
405,47
416,17
412,34
469,14
518,23
445,56
346,15
284,31
400,0
404,45
94,36
397,47
331,17
376,34
511,14
506,23
454,56
364,15
362,31
393,0
409,45
91,36
375,47
283,17
444,34
578,14
496,23
335,56
281,15
316,31
350,0
389,45
85,36
330,47
308,17
312,34
487,14
1293,23
431,56
422,15
311,31
382,0
366,45
85,36
340,47
355,17
405,34
457,14
453,23
335,56
300,15
337,31
374,0
403,45
83,36
325,47
222,17
348,34
464,14
517,23
286,56
311,15
375,31
329,0
412,45
88,36
367,47
267,17
360,34
457,14
442,23
308,56
215,15
298,31
318,0
399,45
77,36
296,47
286,17
338,34
461,14
447,23
279,56
239,15
247,31
308,0
403,45
76,36
340,47
255,17
370,34
505,14
420,23
280,56
233,15
296,31
274,0
403,45
89,36
308,47
250,17
310,34
520,14
515,23
359,56
292,15
299,31
297,0
369,45
87,36
410,47
279,17
364,34
493,14
482,23
401,56
309,15
299,31
306,0
363,45
83,36
301,47
248,17
314,34
446,14
524,23
395,56
319,15
311,31
407,0
496,45
82,36
403,47
304,17
385,34
727,14
513,23
397,56
355,15
362,31
342,0
396,45
96,36
406,47
306,17
408,34
456,14
512,23
311,56
292,15
316,31
341,0
394,45
96,36
341,47
290,17
351,34
498,14
448,23
311,56
335,15
285,31
302,0
391,45
90,36
406,47
560,17
394,34
383,14
489,23
336,56
309,15
257,31
313,0
379,45
70,36
377,47
284,17
378,34
469,14
497,23
337,56
331,15
342,31
332,0
397,45
85,36
398,47
368,17
408,34
569,14
468,23
320,56
331,15
315,31
295,0
381,45
89,36
350,47
292,17
308,34
619,14
698,23
360,56
278,15
244,31
278,0
332,45
72,36
341,47
299,17
331,34
521,14
458,23
291,56
218,15
280,31
263,0
378,45
82,36
318,47
268,17
329,34
506,14
456,23
286,56
202,15
267,31
290,0
366,45
84,36
244,47
265,17
241,34
949,14
430,23
269,56
206,15
250,31
261,0
411,45
97,36
327,47
229,17
310,34
527,14
479,23
320,56
218,15
248,31
251,0
369,45
89,36
329,47
251,17
303,34
503,14
484,23
240,56
268,15
231,31
263,0
347,45
73,36
346,47
435,17
397,34
596,14
458,23
316,56
327,15
307,31
317,0
375,45
83,36
335,47
277,17
296,34
502,14
474,23
291,56
260,15
256,31
269,0
369,45
70,36
381,47
366,17
323,34
577,14
545,23
343,56
274,15
233,31
282,0
383,45
83,36
397,47
529,17
337,34
423,14
450,23
292,56
271,15
240,31
288,0
399,45
89,36
361,47
287,17
311,34
676,14
464,23
274,56
232,15
226,31
302,0
391,45
71,36
324,47
313,17
353,34
471,14
446,23
274,56
229,15
255,31
264,0
394,45
78,36
305,47
268,17
324,34
535,14
434,23
287,56
253,15
244,31
279,0
372,45
75,36
322,47
275,17
304,34
647,14
518,23
311,56
240,15
250,31
292,0
379,45
85,36
413,47
420,17
369,34
494,14
455,23
285,56
291,15
258,31
310,0
406,45
85,36
316,47
229,17
279,34
832,14
737,23
377,56
322,15
309,31
345,0
392,45
94,36
438,47
288,17
368,34
616,14
572,23
316,56
309,15
336,31
331,0
433,45
97,36
388,47
321,17
319,34
550,14
488,23
304,56
367,15
346,31
334,0
417,45
83,36
384,47
261,17
391,34
508,14
490,23
337,56
308,15
311,31
340,0
373,45
89,36
413,47
287,17
522,34
642,14
556,23
302,56
329,15
289,31
306,0
408,45
89,36
369,47
252,17
364,34
661,14
500,23
302,56
269,15
291,31
325,0
392,45
75,36
362,47
274,17
325,34
547,14
437,23
284,56
290,15
278,31
282,0
426,45
112,36
269,47
251,17
343,34
715,14
493,23
285,56
242,15
263,31
296,0
390,45
81,36
319,47
279,17
1154,34
666,14
419,23
261,56
321,15
302,31
301,0
395,45
96,36
418,47
347,17
424,34
826,14
655,23
457,56
344,15
404,31
418,0
458,45
76,36
384,47
438,17
429,34
421,14
653,23
502,56
337,15
354,31
628,0
531,45
100,36
460,47
393,17
470,34
1418,14
645,23
450,56
345,15
378,31
419,0
369,45
78,36
396,47
290,17
345,34
568,14
527,23
391,56
265,15
338,31
400,0
919,45
126,36
683,47
275,17
288,34
660,14
579,23
372,56
300,15
361,31
331,0
1004,45
130,36
517,47
301,17
406,34
603,14
643,23
419,56
364,15
387,31
387,0
393,45
97,36
563,47
442,17
399,34
564,14
604,23
396,56
341,15
371,31
414,0
386,45
109,36
756,47
337,17
404,34
600,14
580,23
362,56
321,15
310,31
396,0
403,45
92,36
784,47
404,17
359,34
541,14
549,23
381,56
315,15
336,31
383,0
1376,45
76,36
458,47
273,17
380,34
615,14
572,23
357,56
283,15
320,31
428,0
397,45
106,36
400,47
322,17
402,34
541,14
524,23
346,56
276,15
303,31
362,0
407,45
110,36
416,47
393,17
434,34
578,14
564,23
363,56
437,15
394,31
401,0
400,45
104,36
476,47
370,17
433,34
569,14
663,23
358,56
369,15
355,31
414,0
410,45
103,36
432,47
396,17
439,34
490,14
656,23
406,56
402,15
410,31
388,0
419,45
102,36
413,47
347,17
406,34
482,14
543,23
382,56
335,15
350,31
362,0
410,45
102,36
449,47
320,17
389,34
489,14
531,23
328,56
319,15
371,31
347,0
379,45
100,36
357,47
252,17
386,34
528,14
586,23
313,56
251,15
355,31
194,0
393,45
103,36
350,47
276,17
348,34
501,14
538,23
332,56
279,15
324,31
314,0
411,45
103,36
363,47
304,17
363,34
526,14
541,23
333,56
285,15
321,31
351,0
389,45
115,36
429,47
321,17
383,34
528,14
527,23
350,56
312,15
364,31
346,0
438,45
102,36
420,47
337,17
427,34
1995,14
612,23
330,56
279,15
299,31
290,0
428,45
98,36
387,47
503,17
397,34
471,14
498,23
331,56
325,15
350,31
358,0
461,45
102,36
383,47
324,17
375,34
1116,14
767,23
409,56
257,15
308,31
290,0
377,45
95,36
342,47
255,17
466,34
633,14
511,23
327,56
240,15
278,31
340,0
1070,45
110,36
380,47
233,17
371,34
509,14
560,23
355,56
262,15
355,31
362,0
420,45
103,36
373,47
267,17
369,34
641,14
519,23
310,56
345,15
347,31
363,0
387,45
100,36
459,47
406,17
390,34
612,14
578,23
343,56
299,15
343,31
344,0
393,45
99,36
372,47
287,17
366,34
882,14
487,23
283,56
242,15
286,31
317,0
400,45
87,36
353,47
300,17
362,34
904,14
1174,23
372,56
262,15
286,31
310,0
366,45
93,36
319,47
232,17
348,34
552,14
557,23
348,56
278,15
383,31
342,0
381,45
101,36
372,47
395,17
459,34
774,14
521,23
381,56
363,15
360,31
406,0
409,45
102,36
368,47
324,17
434,34
591,14
750,23
417,56
282,15
321,31
312,0
367,45
108,36
347,47
321,17
337,34
593,14
483,23
327,56
265,15
274,31
317,0
394,45
104,36
390,47
426,17
482,34
471,14
487,23
269,56
286,15
265,31
294,0
367,45
91,36
364,47
247,17
347,34
557,14
525,23
265,56
238,15
247,31
336,0
319,45
96,36
374,47
293,17
312,34
657,14
588,23
361,56
304,15
297,31
323,0
375,45
109,36
424,47
287,17
331,34
697,14
815,23
423,56
298,15
301,31
325,0
394,45
100,36
426,47
703,17
498,34
592,14
545,23
324,56
287,15
328,31
358,0
405,45
108,36
391,47
349,17
457,34
656,14
540,23
312,56
330,15
305,31
339,0
418,45
103,36
417,47
302,17
472,34
822,14
841,23
346,56
326,15
255,31
347,0
391,45
102,36
405,47
278,17
419,34
725,14
530,23
283,56
285,15
318,31
321,0
401,45
112,36
372,47
447,17
404,34
556,14
512,23
290,56
321,15
301,31
326,0
376,45
99,36
516,47
364,17
373,34
575,14
478,23
284,56
230,15
291,31
280,0
398,45
99,36
471,47
341,17
417,34
743,14
464,23
275,56
286,15
275,31
285,0
407,45
114,36
370,47
270,17
381,34
683,14
429,23
247,56
303,15
263,31
286,0
427,45
116,36
395,47
250,17
380,34
745,14
527,23
408,56
352,15
296,31
318,0
399,45
103,36
477,47
282,17
424,34
719,14
452,23
300,56
248,15
278,31
292,0
409,45
110,36
366,47
256,17
367,34
612,14
460,23
257,56
291,15
286,31
289,0
376,45
102,36
400,47
273,17
370,34
606,14
468,23
264,56
261,15
252,31
273,0
402,45
116,36
415,47
333,17
406,34
612,14
454,23
255,56
271,15
323,31
388,0
431,45
92,36
1126,47
346,17
404,34
455,14
562,23
440,56
284,15
749,31
1592,0
749,45
104,36
488,47
432,17
399,34
728,14
617,23
561,56
381,15
416,31
484,0
525,45
105,36
486,47
357,17
542,34
532,14
673,23
1920,56
407,15
424,31
430,0
457,45
112,36
386,47
277,17
383,34
653,14
678,23
453,56
336,15
402,31
400,0
500,45
52,36
399,47
289,17
372,34
785,14
529,23
353,56
631,15
854,31
430,0
1405,45
110,36
392,47
281,17
370,34
602,14
580,23
499,56
377,15
385,31
467,0
514,45
105,36
472,47
327,17
442,34
578,14
587,23
376,56
305,15
382,31
402,0
1400,45
103,36
456,47
336,17
450,34
518,14
724,23
452,56
357,15
398,31
445,0
478,45
96,36
378,47
446,17
426,34
522,14
683,23
395,56
355,15
416,31
484,0
485,45
69,36
471,47
428,17
446,34
605,14
697,23
390,56
363,15
419,31
443,0
492,45
100,36
415,47
358,17
387,34
567,14
677,23
418,56
383,15
424,31
434,0
489,45
97,36
421,47
404,17
444,34
570,14
767,23
413,56
370,15
437,31
471,0
504,45
105,36
444,47
377,17
459,34
531,14
635,23
400,56
332,15
429,31
451,0
470,45
106,36
404,47
385,17
458,34
580,14
730,23
495,56
419,15
443,31
435,0
468,45
97,36
512,47
398,17
602,34
614,14
563,23
384,56
329,15
421,31
399,0
465,45
105,36
371,47
283,17
393,34
732,14
568,23
343,56
340,15
344,31
438,0
510,45
101,36
424,47
337,17
410,34
621,14
619,23
391,56
312,15
459,31
467,0
424,45
96,36
428,47
392,17
479,34
497,14
730,23
416,56
404,15
454,31
457,0
505,45
94,36
472,47
393,17
458,34
580,14
666,23
422,56
357,15
451,31
407,0
431,45
91,36
506,47
391,17
462,34
572,14
637,23
417,56
308,15
441,31
447,0
508,45
99,36
456,47
363,17
666,34
551,14
582,23
473,56
399,15
389,31
428,0
464,45
86,36
511,47
433,17
514,34
567,14
578,23
400,56
351,15
417,31
458,0
534,45
109,36
402,47
372,17
435,34
775,14
644,23
415,56
331,15
346,31
430,0
474,45
101,36
480,47
837,17
571,34
651,14
583,23
383,56
314,15
435,31
405,0
425,45
94,36
365,47
342,17
445,34
574,14
547,23
390,56
347,15
401,31
394,0
486,45
96,36
323,47
316,17
413,34
643,14
553,23
326,56
295,15
371,31
390,0
416,45
98,36
366,47
264,17
415,34
620,14
564,23
364,56
305,15
392,31
428,0
470,45
93,36
468,47
369,17
450,34
759,14
1594,23
515,56
312,15
343,31
415,0
497,45
95,36
429,47
395,17
474,34
622,14
722,23
426,56
360,15
462,31
658,0
501,45
98,36
482,47
373,17
464,34
593,14
589,23
388,56
328,15
451,31
604,0
463,45
80,36
436,47
345,17
435,34
702,14
556,23
402,56
365,15
420,31
424,0
420,45
97,36
434,47
355,17
470,34
698,14
1285,23
483,56
338,15
379,31
392,0
379,45
96,36
429,47
403,17
442,34
941,14
624,23
409,56
309,15
377,31
399,0
441,45
99,36
448,47
400,17
440,34
665,14
616,23
414,56
315,15
366,31
439,0
411,45
87,36
401,47
478,17
480,34
751,14
1123,23
405,56
288,15
327,31
342,0
379,45
96,36
459,47
376,17
459,34
502,14
527,23
351,56
304,15
363,31
389,0
405,45
97,36
375,47
317,17
372,34
678,14
563,23
419,56
359,15
386,31
358,0
436,45
90,36
471,47
363,17
413,34
476,14
732,23
438,56
303,15
318,31
332,0
427,45
100,36
385,47
323,17
360,34
515,14
684,23
839,56
815,15
450,31
318,0
347,45
91,36
554,47
370,17
459,34
546,14
597,23
388,56
330,15
378,31
412,0
390,45
105,36
467,47
325,17
414,34
646,14
617,23
433,56
344,15
356,31
397,0
393,45
89,36
463,47
334,17
414,34
789,14
572,23
393,56
330,15
317,31
412,0
460,45
95,36
416,47
337,17
417,34
600,14
529,23
346,56
329,15
360,31
376,0
427,45
95,36
465,47
325,17
422,34
723,14
645,23
394,56
332,15
391,31
431,0
452,45
100,36
484,47
445,17
541,34
660,14
607,23
389,56
378,15
370,31
445,0
426,45
90,36
493,47
379,17
430,34
689,14
610,23
363,56
357,15
368,31
377,0
394,45
97,36
471,47
323,17
491,34
685,14
613,23
338,56
300,15
287,31
363,0
471,45
86,36
398,47
286,17
381,34
777,14
525,23
356,56
302,15
360,31
404,0
477,45
104,36
683,47
376,17
404,34
855,14
673,23
356,56
285,15
291,31
369,0
382,45
92,36
450,47
387,17
399,34
527,14
573,23
394,56
279,15
276,31
338,0
433,45
99,36
453,47
323,17
388,34
706,14
591,23
422,56
315,15
358,31
427,0
1391,45
68,36
414,47
277,17
417,34
549,14
562,23
360,56
329,15
378,31
407,0
482,45
105,36
385,47
396,17
418,34
628,14
614,23
351,56
325,15
371,31
375,0
508,45
113,36
383,47
347,17
411,34
586,14
536,23
374,56
287,15
367,31
375,0
1211,45
92,36
412,47
317,17
411,34
621,14
591,23
378,56
324,15
344,31
350,0
478,45
114,36
355,47
332,17
321,34
601,14
622,23
405,56
251,15
378,31
356,0
529,45
39,36
441,47
405,17
435,34
584,14
546,23
405,56
338,15
388,31
347,0
463,45
111,36
333,47
301,17
377,34
606,14
499,23
369,56
253,15
356,31
344,0
454,45
100,36
315,47
291,17
341,34
602,14
484,23
349,56
314,15
349,31
329,0
472,45
86,36
302,47
272,17
341,34
606,14
593,23
345,56
310,15
365,31
299,0
477,45
99,36
402,47
260,17
371,34
782,14
957,23
558,56
650,15
371,31
349,0
419,45
106,36
392,47
379,17
397,34
688,14
477,23
364,56
314,15
346,31
348,0
477,45
96,36
363,47
306,17
434,34
690,14
566,23
362,56
311,15
366,31
307,0
431,45
109,36
319,47
296,17
384,34
676,14
548,23
339,56
276,15
320,31
283,0
428,45
96,36
336,47
258,17
405,34
661,14
524,23
334,56
287,15
360,31
233,0
500,45
105,36
370,47
320,17
371,34
781,14
552,23
401,56
114,15
404,31
347,0
421,45
101,36
284,47
300,17
392,34
627,14
511,23
286,56
269,15
300,31
296,0
456,45
104,36
328,47
296,17
422,34
586,14
540,23
343,56
307,15
519,31
346,0
393,45
96,36
304,47
283,17
345,34
618,14
548,23
291,56
315,15
335,31
320,0
449,45
107,36
388,47
348,17
392,34
890,14
580,23
414,56
290,15
341,31
336,0
405,45
90,36
419,47
365,17
396,34
587,14
500,23
300,56
292,15
348,31
319,0
440,45
100,36
412,47
388,17
433,34
518,14
508,23
377,56
305,15
392,31
384,0
451,45
99,36
404,47
329,17
426,34
644,14
495,23
300,56
282,15
357,31
308,0
442,45
104,36
405,47
414,17
524,34
509,14
464,23
298,56
357,15
345,31
303,0
429,45
101,36
417,47
1241,17
345,34
459,14
485,23
323,56
327,15
406,31
328,0
423,45
91,36
458,47
314,17
353,34
504,14
529,23
337,56
326,15
386,31
317,0
394,45
93,36
461,47
395,17
413,34
493,14
494,23
336,56
304,15
410,31
487,0
541,45
97,36
334,47
276,17
370,34
746,14
463,23
296,56
302,15
367,31
371,0
1304,45
89,36
843,47
287,17
350,34
759,14
725,23
406,56
315,15
374,31
342,0
433,45
110,36
316,47
268,17
376,34
693,14
488,23
299,56
289,15
352,31
357,0
403,45
105,36
334,47
250,17
308,34
576,14
613,23
485,56
398,15
373,31
455,0
410,45
100,36
380,47
334,17
386,34
574,14
619,23
428,56
406,15
393,31
412,0
393,45
101,36
371,47
248,17
394,34
687,14
525,23
365,56
356,15
358,31
362,0
393,45
105,36
343,47
256,17
384,34
605,14
509,23
336,56
323,15
331,31
336,0
398,45
113,36
407,47
349,17
357,34
513,14
513,23
351,56
334,15
481,31
608,0
427,45
94,36
411,47
433,17
877,34
651,14
549,23
405,56
386,15
446,31
482,0
414,45
104,36
401,47
295,17
394,34
574,14
578,23
405,56
362,15
406,31
434,0
392,45
105,36
516,47
410,17
425,34
774,14
482,23
328,56
310,15
383,31
392,0
409,45
104,36
463,47
379,17
421,34
557,14
529,23
323,56
315,15
383,31
372,0
401,45
105,36
414,47
316,17
379,34
587,14
498,23
334,56
348,15
409,31
496,0
423,45
106,36
509,47
391,17
490,34
640,14
475,23
307,56
337,15
373,31
376,0
396,45
105,36
476,47
335,17
397,34
584,14
553,23
398,56
351,15
346,31
403,0
395,45
95,36
365,47
360,17
396,34
589,14
650,23
363,56
340,15
370,31
455,0
392,45
107,36
387,47
305,17
395,34
792,14
566,23
373,56
330,15
351,31
421,0
386,45
88,36
374,47
297,17
375,34
710,14
526,23
385,56
412,15
369,31
355,0
374,45
101,36
335,47
356,17
363,34
541,14
498,23
348,56
306,15
323,31
379,0
415,45
92,36
306,47
274,17
360,34
626,14
515,23
313,56
285,15
277,31
342,0
432,45
100,36
378,47
307,17
310,34
1347,14
539,23
368,56
244,15
264,31
281,0
400,45
89,36
389,47
313,17
377,34
589,14
446,23
262,56
262,15
275,31
287,0
438,45
101,36
397,47
246,17
274,34
962,14
1108,23
314,56
227,15
224,31
277,0
391,45
81,36
