46,493
116,212
105,181
101,901
53,711
82,403
111,253
97,234
110,436
108,831
46,741
116,187
105,246
101,1294
53,601
82,321
111,179
97,208
110,464
108,413
46,514
116,145
105,403
101,985
53,513
82,461
111,200
97,250
110,417
108,429
46,414
116,155
105,278
101,1080
53,627
82,453
111,247
97,297
110,479
108,398
46,426
116,229
105,237
101,856
53,524
82,371
111,179
97,232
110,415
108,754
46,346
116,238
105,182
101,441
53,457
82,377
111,170
97,260
110,367
108,377
46,523
116,754
105,261
101,975
53,551
82,469
111,244
97,218
110,387
108,387
46,357
116,221
105,136
101,958
53,1311
82,419
111,239
97,223
110,287
108,319
46,347
116,204
105,834
101,1059
53,499
82,419
111,210
97,208
110,379
108,367
46,368
116,216
105,576
101,1088
53,764
82,509
111,264
97,202
110,229
108,332
46,413
116,133
105,325
101,1060
53,490
82,411
111,187
97,308
110,433
108,382
46,332
116,204
105,180
101,759
53,1629
82,385
111,184
97,212
110,253
108,387
46,387
116,193
105,192
101,835
53,451
82,402
111,179
97,204
110,242
108,383
46,339
116,186
105,187
101,762
53,797
82,343
111,177
97,250
110,307
108,425
46,531
116,1289
105,199
101,402
53,484
82,830
111,288
97,222
110,274
108,307
46,381
116,155
105,195
101,754
53,494
82,502
111,196
97,219
110,245
108,389
46,327
116,233
105,169
101,413
53,472
82,505
111,348
97,222
110,387
108,418
46,387
116,197
105,232
101,597
53,588
82,499
111,240
97,219
110,230
108,308
46,376
116,196
105,205
101,367
53,493
82,413
111,173
97,213
110,212
108,356
46,361
116,198
105,211
101,516
53,501
82,437
111,331
97,248
110,312
108,373
46,337
116,220
105,575
101,417
53,430
82,383
111,165
97,204
110,245
108,339
46,352
116,209
105,210
101,752
53,458
82,704
111,300
97,193
110,281
108,619
46,373
116,193
105,685
101,483
53,434
82,286
111,158
97,208
110,234
108,372
46,400
116,302
105,609
101,651
53,591
82,547
111,252
97,257
110,244
108,462
46,466
116,191
105,240
101,1281
53,425
82,378
111,254
97,250
110,325
108,555
46,400
116,296
105,435
101,992
53,492
82,451
111,263
97,229
110,266
108,398
46,355
116,206
105,247
101,1717
53,1002
82,1972
111,344
97,252
110,444
108,379
46,286
116,185
105,215
101,335
53,442
82,364
111,172
97,215
110,253
108,340
46,1365
116,373
105,529
101,1324
53,503
82,329
111,207
97,189
110,272
108,359
46,347
116,196
105,204
101,381
53,468
82,319
111,182
97,203
110,244
108,320
46,327
116,178
105,181
101,413
53,597
82,384
111,229
97,203
110,229
108,438
46,334
116,194
105,200
101,351
53,604
82,408
111,228
97,310
110,248
108,340
46,355
116,343
105,649
101,864
53,470
82,306
111,186
97,195
110,321
108,415
46,399
116,271
105,199
101,447
53,478
82,339
111,178
97,217
110,269
108,358
46,393
116,366
105,426
101,1149
53,1077
82,384
111,208
97,189
110,303
108,427
46,347
116,407
105,466
101,786
53,493
82,441
111,258
97,218
110,243
108,423
46,328
116,175
105,186
101,324
53,457
82,371
111,199
97,193
110,276
108,361
46,331
116,239
105,282
101,853
53,448
82,300
111,167
97,184
110,264
108,398
46,447
116,230
105,299
101,815
53,421
82,310
111,207
97,225
110,384
108,380
46,506
116,255
105,307
101,463
53,460
82,426
111,289
97,220
110,289
108,384
46,336
116,194
105,214
101,433
53,529
82,342
111,178
97,210
110,302
108,328
46,424
116,122
105,203
101,767
53,490
82,283
111,159
97,212
110,239
108,375
46,313
116,183
105,189
101,761
53,760
82,389
111,202
97,199
110,231
108,425
46,299
116,211
105,534
101,364
53,485
82,542
111,350
97,298
110,366
108,479
46,483
116,277
105,807
101,461
53,464
82,394
111,299
97,279
110,252
108,368
46,453
116,2674
105,212
101,879
53,740
82,377
111,448
97,281
110,265
108,1129
46,318
116,211
105,176
101,339
53,813
82,463
111,284
97,221
110,251
108,529
46,310
116,195
105,204
101,349
53,526
82,368
111,173
97,233
110,223
108,337
46,266
116,421
105,366
101,475
53,597
82,392
111,249
97,250
110,263
108,383
46,361
116,338
105,406
101,964
53,464
82,368
111,220
97,236
110,271
108,394
46,347
116,228
105,189
101,971
53,731
82,543
111,330
97,311
110,404
108,543
46,361
116,206
105,189
101,663
53,457
82,343
111,198
97,250
110,289
108,417
46,382
116,203
105,201
101,926
53,418
82,448
111,213
97,244
110,267
108,478
46,432
116,199
105,250
101,1110
53,513
82,335
111,198
97,259
110,450
108,390
46,443
116,287
105,229
101,592
53,536
82,472
111,178
97,282
110,255
108,475
46,366
116,222
105,265
101,975
53,573
82,389
111,195
97,234
110,236
108,356
46,389
116,252
105,560
101,1104
53,565
82,330
111,183
97,233
110,258
108,458
46,427
116,256
105,518
101,975
53,475
82,363
111,196
97,263
110,263
108,526
46,550
116,309
105,462
101,1081
53,627
82,759
111,278
97,298
110,531
108,371
46,402
116,218
105,438
101,589
53,471
82,342
111,159
97,232
110,257
108,333
46,392
116,276
105,309
101,486
53,570
82,386
111,188
97,255
110,229
108,395
46,279
116,199
105,177
101,851
53,426
82,348
111,151
97,247
110,244
108,448
46,460
116,234
105,259
101,748
53,462
82,396
111,228
97,246
110,247
108,368
46,363
116,240
105,242
101,465
53,447
82,524
111,346
97,355
110,439
108,2227
46,375
116,269
105,198
101,431
53,619
82,665
111,286
97,282
110,249
108,591
46,355
116,358
105,607
101,438
53,590
82,472
111,230
97,281
110,252
108,402
46,280
116,193
105,190
101,364
53,443
82,390
111,197
97,238
110,217
108,328
46,472
116,374
105,514
101,1323
53,918
82,505
111,259
97,279
110,256
108,524
46,356
116,224
105,221
101,377
53,438
82,392
111,271
97,115
110,318
108,490
46,544
116,312
105,369
101,465
53,444
82,407
111,400
97,462
110,270
108,347
46,400
116,214
105,256
101,318
53,482
82,415
111,181
97,342
110,209
108,417
46,327
116,204
105,264
101,950
53,429
82,414
111,171
97,301
110,251
108,376
46,404
116,239
105,295
101,488
53,430
82,422
111,199
97,336
110,306
108,467
46,434
116,217
105,282
101,514
53,417
82,392
111,188
97,296
110,250
108,434
46,428
116,281
105,189
101,900
53,575
82,434
111,245
97,325
110,249
108,451
46,424
116,566
105,535
101,690
53,561
82,430
111,134
97,374
110,249
108,406
46,1012
116,180
105,177
101,384
53,479
82,398
111,134
97,419
110,266
108,452
46,335
116,253
105,241
101,347
53,558
82,439
111,182
97,408
110,666
108,955
46,479
116,223
105,213
101,1215
53,870
82,683
111,319
97,251
110,462
108,584
46,307
116,280
105,197
101,849
53,550
82,369
111,153
97,289
110,214
108,401
46,301
116,229
105,200
101,309
53,461
82,386
111,176
97,319
110,229
108,370
46,617
116,305
105,230
101,968
53,580
82,405
111,152
97,326
110,236
108,434
46,432
116,245
105,224
101,1080
53,465
82,400
111,132
97,323
110,1074
108,484
46,217
116,238
105,173
101,256
53,491
82,425
111,178
97,324
110,250
108,399
46,326
116,227
105,184
101,315
53,664
82,424
111,170
97,308
110,252
108,405
46,393
116,1027
105,338
101,357
53,1273
82,539
111,347
97,353
110,398
108,482
46,356
116,259
105,189
101,370
53,418
82,335
111,199
97,278
110,240
108,374
46,260
116,211
105,162
101,325
53,440
82,383
111,128
97,415
110,297
108,560
46,388
116,304
105,611
101,457
53,438
82,343
111,200
97,327
110,257
108,395
46,394
116,387
105,363
101,363
53,463
82,463
111,235
97,388
110,300
108,512
46,322
116,206
105,189
101,396
53,527
82,416
111,290
97,384
110,351
108,447
46,433
116,243
105,295
101,412
53,589
82,387
111,207
97,322
110,273
108,408
46,706
116,288
105,235
101,1422
53,473
82,378
111,205
97,315
110,261
108,407
46,405
116,613
105,548
101,379
53,456
82,391
111,190
97,406
110,278
108,426
46,448
116,513
105,776
101,530
53,646
82,417
111,209
97,361
110,280
108,918
46,398
116,217
105,210
101,383
53,478
82,388
111,222
97,354
110,253
108,465
46,631
116,279
105,234
101,376
53,465
82,545
111,281
97,309
110,292
108,401
46,383
116,289
105,250
101,455
53,434
82,362
111,181
97,311
110,238
108,367
46,657
116,308
105,610
101,483
53,407
82,386
111,163
97,413
110,302
108,655
46,330
116,188
105,168
101,332
53,540
82,339
111,193
97,290
110,233
108,424
46,466
116,180
105,160
101,694
53,631
82,398
111,227
97,195
110,224
108,350
46,352
116,176
105,184
101,1149
53,552
82,387
111,189
97,241
110,237
108,391
46,464
116,211
105,399
101,505
53,460
82,414
111,183
97,226
110,227
108,330
46,401
116,217
105,195
101,430
53,484
82,425
111,183
97,215
110,231
108,390
46,335
116,264
105,490
101,992
53,434
82,339
111,171
97,234
110,474
108,383
46,368
116,221
105,192
101,472
53,464
82,398
111,143
97,276
110,241
108,360
46,398
116,519
105,270
101,576
53,454
82,355
111,200
97,246
110,442
108,436
46,374
116,220
105,163
101,490
53,444
82,577
111,296
97,292
110,288
108,401
46,424
116,183
105,210
101,408
53,504
82,355
111,176
97,243
110,261
108,319
46,333
116,197
105,405
101,437
53,468
82,348
111,161
97,240
110,261
108,396
46,408
116,273
105,170
101,913
53,540
82,323
111,188
97,218
110,244
108,374
46,350
116,194
105,148
101,381
53,416
82,391
111,258
97,63
110,240
108,355
46,366
116,193
105,183
101,343
53,417
82,383
111,293
97,100
110,431
108,415
46,815
116,163
105,188
101,359
53,604
82,348
111,151
97,239
110,231
108,344
46,313
116,211
105,144
101,327
53,499
82,437
111,202
97,250
110,232
108,368
46,421
116,480
105,236
101,713
53,550
82,447
111,294
97,58
110,425
108,904
46,342
116,216
105,163
101,337
53,477
82,351
111,152
97,289
110,230
108,296
46,707
116,290
105,443
101,465
53,545
82,401
111,150
97,282
110,261
108,315
46,648
116,260
105,614
101,515
53,584
82,407
111,214
97,258
110,239
108,380
46,337
116,218
105,238
101,423
53,472
82,366
111,131
97,325
110,211
108,330
46,1089
116,750
105,131
101,318
53,465
82,347
111,146
97,311
110,219
108,354
46,336
116,238
105,160
101,311
53,460
82,377
111,158
97,293
110,293
108,351
46,339
116,207
105,173
101,452
53,504
82,335
111,118
97,342
110,293
108,398
46,384
116,227
105,186
101,418
53,710
82,406
111,169
97,350
110,263
108,340
46,332
116,232
105,192
101,339
53,495
82,377
111,191
97,351
110,281
108,772
46,409
116,196
105,236
101,601
53,374
82,334
111,200
97,319
110,235
108,403
46,289
116,232
105,160
101,307
53,466
82,344
111,194
97,309
110,211
108,354
46,278
116,177
105,169
101,319
53,440
82,322
111,888
97,230
110,350
108,442
46,244
116,224
105,188
101,355
53,493
82,328
111,157
97,340
110,261
108,1230
46,287
116,212
105,326
101,359
53,418
82,346
111,201
97,349
110,780
108,356
46,357
116,222
105,155
101,281
53,600
82,403
111,178
97,268
110,243
108,389
46,421
116,209
105,156
101,408
53,773
82,324
111,174
97,294
110,242
108,923
46,400
116,385
105,312
101,462
53,469
82,1163
111,217
97,278
110,240
108,351
46,336
116,234
105,153
101,303
53,404
82,346
111,148
97,351
110,263
108,1049
46,292
116,224
105,134
101,303
53,437
82,551
111,294
97,271
110,252
108,386
46,278
116,232
105,261
101,394
53,539
82,384
111,193
97,327
110,262
108,394
46,364
116,180
105,168
101,303
53,501
82,410
111,255
97,429
110,257
108,503
46,794
116,182
105,200
101,323
53,418
82,432
111,429
97,239
110,281
108,444
46,324
116,200
105,144
101,314
53,415
82,348
111,168
97,351
110,268
108,477
46,587
116,247
105,282
101,402
53,552
82,397
111,211
97,387
110,329
108,417
46,353
116,201
105,154
101,325
53,506
82,337
111,160
97,367
110,269
108,416
46,355
116,230
105,231
101,531
53,533
82,456
111,272
97,463
110,333
108,387
46,305
116,223
105,159
101,392
53,512
82,369
111,149
97,324
110,327
108,570
46,524
116,232
105,196
101,294
53,507
82,396
111,185
97,285
110,384
108,434
46,506
116,209
105,157
101,346
53,486
82,361
111,195
97,321
110,290
108,478
46,367
116,438
105,284
101,446
53,479
82,407
111,207
97,329
110,295
108,472
46,378
116,245
105,202
101,592
53,742
82,384
111,198
97,249
110,280
108,446
46,379
116,250
105,187
101,309
53,528
82,397
111,173
97,355
110,377
108,424
46,388
116,207
105,207
101,1006
53,440
82,351
111,167
97,276
110,262
108,434
46,313
116,199
105,177
101,314
53,458
82,357
111,196
97,308
110,294
108,433
46,279
116,146
105,173
101,889
53,455
82,334
111,187
97,242
110,281
108,342
46,319
116,179
105,236
101,1224
53,541
82,351
111,172
97,226
110,263
108,453
46,325
116,200
105,1349
101,634
53,868
82,292
111,193
97,212
110,278
108,363
46,361
116,228
105,257
101,504
53,497
82,370
111,222
97,273
110,335
108,453
46,410
116,181
105,233
101,357
53,527
82,370
111,197
97,258
110,292
108,413
46,367
116,220
105,431
101,694
53,464
82,369
111,181
97,279
110,297
108,465
46,388
116,231
105,256
101,615
53,471
82,374
111,168
97,274
110,249
108,429
46,394
116,287
105,381
101,548
53,542
82,370
111,211
97,285
110,264
108,397
46,312
116,245
105,424
101,545
53,455
82,391
111,177
97,302
110,244
108,380
46,511
116,252
105,252
101,587
53,671
82,576
111,305
97,327
110,374
108,475
46,459
116,213
105,303
101,511
53,442
82,451
111,293
97,267
110,260
108,387
46,324
116,215
105,691
101,453
53,411
82,297
111,163
97,286
110,268
108,352
46,355
116,246
105,284
101,477
53,453
82,327
111,163
97,309
110,257
108,337
46,295
116,232
105,280
101,1279
53,883
82,344
111,160
97,269
110,244
108,351
46,303
116,180
105,303
101,382
53,430
82,299
111,261
97,203
110,527
108,365
46,1045
116,218
105,279
101,523
53,439
82,397
111,137
97,978
110,280
108,430
46,280
116,244
105,169
101,372
53,429
82,312
111,161
97,286
110,235
108,350
46,360
116,202
105,181
101,348
53,488
82,321
111,184
97,283
110,225
108,385
46,392
116,249
105,203
101,383
53,942
82,537
111,267
97,346
110,297
108,370
46,389
116,255
105,203
101,350
53,588
82,371
111,193
97,289
110,251
108,380
46,415
116,231
105,248
101,409
53,492
82,437
111,164
97,318
110,261
108,372
46,344
116,230
105,168
101,353
53,502
82,452
111,277
97,303
110,210
108,384
46,548
116,327
105,545
101,384
53,357
82,314
111,191
97,282
110,266
108,425
46,410
116,213
105,187
101,377
53,479
82,407
111,169
97,322
110,243
108,386
46,325
116,259
105,242
101,459
53,470
82,376
111,239
97,292
110,208
108,336
46,318
116,184
105,208
101,349
53,426
82,557
111,323
97,282
110,302
108,461
46,379
116,255
105,203
101,968
53,443
82,364
111,192
97,218
110,281
108,422
46,208
116,234
105,188
101,361
53,453
82,424
111,272
97,278
110,301
108,727
46,243
116,221
105,183
101,344
53,1320
82,353
111,175
97,237
110,258
108,377
46,303
116,203
105,146
101,322
53,402
82,307
111,194
97,269
110,287
108,399
46,203
116,248
105,548
101,805
53,397
82,438
111,210
97,262
110,255
108,410
46,339
116,249
105,167
101,301
53,408
82,372
111,295
97,34
110,652
108,366
46,423
116,259
105,145
101,320
53,1201
82,405
111,173
97,261
110,271
108,476
46,444
116,302
105,891
101,419
53,443
82,744
111,292
97,314
110,251
108,416
46,437
116,249
105,216
101,506
53,670
82,441
111,154
97,329
110,267
108,423
46,488
116,241
105,178
101,321
53,581
82,421
111,174
97,305
110,270
108,422
46,381
116,190
105,179
101,326
53,451
82,355
111,205
97,289
110,234
108,404
46,459
116,209
105,203
101,379
53,1012
82,388
111,217
97,298
110,231
108,419
46,246
116,199
105,185
101,351
53,390
82,288
111,164
97,292
110,245
108,361
46,485
116,215
105,239
101,429
53,475
82,317
111,192
97,263
110,256
108,388
46,358
116,235
105,358
101,399
53,472
82,324
111,262
97,302
110,257
108,402
46,352
116,213
105,256
101,393
53,641
82,507
111,196
97,375
110,314
108,450
46,442
116,251
105,293
101,505
53,482
82,374
111,181
97,305
110,263
108,367
46,465
116,265
105,204
101,380
53,510
82,349
111,161
97,418
110,267
108,376
46,663
116,1250
105,162
101,782
53,465
82,381
111,217
97,279
110,254
108,428
46,425
116,248
105,309
101,447
53,506
82,379
111,198
97,261
110,316
108,418
46,338
116,186
105,219
101,329
53,411
82,332
111,196
97,297
110,290
108,472
46,404
116,208
105,222
101,310
53,416
82,362
111,197
97,326
110,266
108,391
46,869
116,237
105,272
101,432
53,477
82,387
111,197
97,302
110,259
108,411
46,396
116,249
105,491
101,339
53,441
82,392
111,268
97,322
110,300
108,831
46,555
116,287
105,238
101,1314
53,656
82,380
111,193
97,252
110,272
108,421
46,379
116,208
105,268
101,416
53,426
82,332
111,271
97,263
110,297
108,391
46,378
116,221
105,435
101,444
53,532
82,410
111,208
97,266
110,247
108,426
46,735
116,325
105,299
101,774
53,501
82,347
111,219
97,269
110,255
108,387
46,412
116,210
105,205
101,345
53,462
82,402
111,220
97,312
110,241
108,398
46,364
116,236
105,177
101,415
53,429
82,513
111,281
97,241
110,282
108,375
46,339
116,213
105,198
101,325
53,428
82,764
111,325
97,219
110,304
108,379
46,426
116,279
105,249
101,395
53,447
82,403
111,183
97,343
110,308
108,326
46,429
116,243
105,418
101,421
53,448
82,369
111,172
97,386
110,285
108,317
46,363
116,223
105,214
101,366
53,475
82,400
111,199
97,334
110,277
108,352
46,270
116,199
105,190
101,988
53,740
82,591
111,320
97,273
110,282
108,980
46,338
116,237
105,236
101,344
53,385
82,395
111,260
97,293
110,243
108,385
46,324
116,208
105,200
101,364
53,640
82,426
111,194
97,277
110,231
108,407
46,253
116,211
105,226
101,414
53,685
82,348
111,193
97,254
110,229
108,415
46,600
116,326
105,520
101,386
53,517
82,310
111,200
97,267
110,251
108,433
46,374
116,198
105,248
101,418
53,525
82,337
111,188
97,266
110,291
108,400
46,343
116,229
105,219
101,381
53,529
82,342
111,190
97,302
110,231
108,441
46,290
116,255
105,208
101,368
53,493
82,349
111,241
97,299
110,468
108,422
46,561
116,216
105,214
101,352
53,562
82,977
111,208
97,240
110,254
108,1631
46,259
116,212
105,179
101,288
53,396
82,287
111,189
97,253
110,219
108,349
46,401
116,992
105,367
101,1527
53,748
82,439
111,263
97,234
110,258
108,402
46,332
116,191
105,185
101,840
53,474
82,309
111,193
97,360
110,580
108,814
46,358
116,217
105,212
101,337
53,722
82,327
111,210
97,241
110,245
108,403
46,330
116,210
105,220
101,302
53,527
82,353
111,195
97,277
110,247
108,520
46,413
116,241
105,201
101,290
53,408
82,345
111,327
97,327
110,366
108,393
46,354
116,248
105,461
101,370
53,564
82,354
111,164
97,312
110,260
108,415
46,373
116,201
105,175
101,314
53,891
82,359
111,222
97,268
110,256
108,420
46,266
116,189
105,195
101,329
53,601
82,400
111,209
97,257
110,222
108,430
46,349
116,189
105,221
101,372
53,563
82,368
111,280
97,371
110,303
108,416
46,332
116,216
105,206
101,1540
53,511
82,406
111,243
97,260
110,483
108,581
46,348
116,222
105,166
101,297
53,428
82,323
111,194
97,303
110,284
108,472
46,300
116,221
105,193
101,732
53,454
82,319
111,219
97,255
110,305
108,403
46,344
116,270
105,294
101,413
53,607
82,340
111,216
97,240
110,260
108,404
46,317
116,268
105,197
101,344
53,559
82,304
111,239
97,292
110,306
108,470
46,310
116,217
105,197
101,356
53,757
82,405
111,224
97,276
110,262
108,461
46,274
116,266
105,231
101,1009
53,522
82,326
111,194
97,275
110,226
108,766
46,217
116,202
105,181
101,455
53,515
82,327
111,197
97,274
110,258
108,408
46,267
116,194
105,213
101,307
53,410
82,301
111,231
97,344
110,306
108,464
46,475
116,298
105,243
101,395
53,587
82,374
111,288
97,365
110,333
108,401
46,906
116,1305
105,343
101,525
53,436
82,333
111,225
97,245
110,333
108,765
46,343
116,456
105,671
101,1118
53,429
82,287
111,176
97,239
110,240
108,555
46,1116
116,347
105,439
101,994
53,429
82,309
111,216
97,290
110,233
108,426
46,291
116,195
105,194
101,350
53,529
82,376
111,210
97,300
110,268
108,626
46,321
116,243
105,242
101,427
53,515
82,376
111,221
97,304
110,287
108,706
46,386
116,239
105,248
101,310
53,702
82,427
111,237
97,314
110,335
108,590
46,354
116,211
105,200
101,320
53,479
82,477
111,297
97,302
110,234
108,421
46,519
116,281
105,229
101,308
53,522
82,447
111,311
97,415
110,358
108,545
46,413
116,300
105,323
101,437
53,491
82,352
111,210
97,323
110,276
108,465
46,381
116,270
105,272
101,461
53,509
82,389
111,233
97,313
110,317
108,501
46,450
116,271
105,236
101,390
53,582
82,483
111,352
97,300
110,255
108,370
46,355
116,186
105,201
101,1281
53,671
82,420
111,276
97,318
110,235
108,394
46,360
116,187
105,186
101,519
53,816
82,322
111,204
97,226
110,230
108,354
46,339
116,202
105,211
101,370
53,471
82,345
111,236
97,231
110,250
108,375
46,391
116,257
105,258
101,401
53,506
82,449
111,296
97,257
110,242
108,388
46,397
116,190
105,233
101,408
53,744
82,355
111,250
97,226
110,255
108,432
46,358
116,237
105,212
101,346
53,512
82,386
111,184
97,283
110,230
108,363
46,406
116,261
105,184
101,345
53,444
82,329
111,199
97,245
110,234
108,387
46,463
116,250
105,185
101,423
53,494
82,423
111,484
97,436
110,388
108,431
46,434
116,283
105,324
101,433
53,614
82,404
111,168
97,281
110,209
108,330
46,349
116,205
105,188
101,326
53,534
82,373
111,207
97,253
110,216
108,375
46,344
116,219
105,178
101,366
53,510
82,362
111,210
97,247
110,199
108,397
46,318
116,254
105,206
101,357
53,468
82,423
111,214
97,301
110,229
108,371
46,459
116,204
105,192
101,295
53,426
82,285
111,180
97,264
110,217
108,351
46,260
116,173
105,192
101,310
53,430
82,295
111,285
97,269
110,228
108,367
46,312
116,240
105,233
101,307
53,426
82,324
111,193
97,249
110,206
108,384
46,323
116,265
105,176
101,286
53,395
82,266
111,218
97,242
110,213
108,377
46,331
116,239
105,217
101,338
53,506
82,416
111,148
97,259
110,195
108,376
46,354
116,260
105,192
101,297
53,411
82,317
111,192
97,252
110,233
108,905
46,298
116,231
105,355
101,392
53,449
82,312
111,164
97,237
110,217
108,410
46,310
116,280
105,199
101,312
53,450
82,277
111,214
97,218
110,229
108,402
46,243
116,193
105,264
101,351
53,515
82,335
111,149
97,250
110,217
108,437
46,441
116,285
105,586
101,411
53,411
82,312
111,188
97,262
110,213
108,413
46,260
116,202
105,200
101,326
53,450
82,264
111,267
97,147
110,258
108,706
46,538
116,250
105,199
101,291
53,436
82,326
111,210
97,245
110,223
108,656
46,738
116,285
105,234
101,350
53,437
82,328
111,196
97,277
110,232
108,378
46,298
116,222
105,191
101,1349
53,1050
82,404
111,212
97,273
110,231
108,418
46,398
116,310
105,271
101,322
53,426
82,317
111,191
97,246
110,244
108,528
46,322
116,226
105,206
101,370
53,408
82,326
111,187
97,243
110,239
108,453
46,355
116,314
105,509
101,382
53,422
82,362
111,165
97,285
110,276
108,537
46,392
116,186
105,207
101,324
53,389
82,371
111,222
97,306
110,310
108,392
46,344
116,2440
105,206
101,398
53,479
82,321
111,188
97,269
110,226
108,419
46,264
116,239
105,244
101,337
53,662
82,387
111,183
97,281
110,271
108,426
46,485
116,624
105,621
101,602
53,466
82,362
111,184
97,265
110,184
108,411
46,279
116,303
105,319
101,389
53,1166
82,667
111,305
97,259
110,189
108,409
46,258
116,238
105,155
101,280
53,392
82,271
111,231
97,279
110,241
108,519
46,388
116,239
105,178
101,344
53,487
82,369
111,170
97,244
110,203
108,480
46,469
116,252
105,249
101,440
53,444
82,347
111,222
97,274
110,189
108,411
46,314
116,890
105,404
101,418
53,1240
82,369
111,148
97,277
110,223
108,445
46,474
116,241
105,204
101,315
53,405
82,303
111,207
97,256
110,204
108,431
46,337
116,235
105,195
101,342
53,425
82,311
111,243
97,259
110,232
108,404
46,412
116,216
105,241
101,359
53,508
82,327
111,177
97,233
110,229
108,416
46,252
116,201
105,208
101,396
53,912
82,432
111,245
97,278
110,228
108,408
46,253
116,229
105,139
101,325
53,544
82,353
111,167
97,263
110,222
108,570
46,308
116,199
105,196
101,269
53,387
82,276
111,204
97,242
110,235
108,420
46,302
116,218
105,193
101,359
53,477
82,350
111,204
97,214
110,215
108,404
46,289
116,216
105,220
101,366
53,420
82,299
111,237
97,257
110,229
108,477
46,332
116,231
105,198
101,336
53,436
82,359
111,221
97,342
110,385
108,639
46,425
116,247
105,214
101,301
53,442
82,1226
111,492
97,281
110,421
108,398
46,416
116,241
105,190
101,331
53,854
82,401
111,197
97,262
110,208
108,377
46,368
116,207
105,225
101,308
53,425
82,296
111,234
97,238
110,217
108,408
46,398
116,243
105,360
101,814
53,624
82,361
111,206
97,184
110,223
108,374
46,303
116,222
105,317
101,469
53,453
82,370
111,216
97,224
110,236
108,356
46,352
116,220
105,175
101,442
53,485
82,357
111,213
97,238
110,254
108,488
46,471
116,226
105,208
101,364
53,476
82,416
111,197
97,264
110,253
108,450
46,469
116,237
105,251
101,362
53,480
82,416
111,246
97,315
110,372
108,400
46,438
116,250
105,307
101,506
53,458
82,369
111,310
97,354
110,296
108,424
46,446
116,268
105,208
101,349
53,474
82,611
111,378
97,337
110,275
108,425
46,375
116,221
105,221
101,335
53,453
82,342
111,190
97,263
110,217
108,377
46,392
116,233
105,203
101,334
53,462
82,392
111,211
97,297
110,256
108,430
46,479
116,270
105,293
101,402
53,393
82,364
111,167
97,355
110,229
108,980
46,511
116,219
105,234
101,287
53,458
82,349
111,196
97,280
110,289
108,422
46,366
116,224
105,202
101,304
53,445
82,350
111,231
97,300
110,234
108,540
46,380
116,189
105,176
101,310
53,392
82,405
111,214
97,285
110,198
108,480
46,278
116,239
105,200
101,1029
53,485
82,418
111,284
97,301
110,265
108,676
46,324
116,243
105,216
101,312
53,413
82,300
111,218
97,297
110,271
108,420
46,327
116,215
105,168
101,275
53,621
82,343
111,213
97,274
110,268
108,427
46,228
116,281
105,216
101,407
53,777
82,472
111,247
97,282
110,251
108,420
46,242
116,231
105,176
101,269
53,366
82,279
111,223
97,252
110,237
108,1030
46,284
116,216
105,216
101,362
53,519
82,318
111,222
97,265
110,199
108,402
46,334
116,228
105,263
101,416
53,640
82,382
111,224
97,288
110,332
108,535
46,344
116,236
105,180
101,339
53,492
82,340
111,209
97,268
110,238
108,408
46,387
116,256
105,168
101,341
53,465
82,333
111,233
97,235
110,224
108,451
46,308
116,225
105,174
101,334
53,600
82,320
111,196
97,250
110,248
108,478
46,287
116,230
105,212
101,467
53,976
82,377
111,184
97,259
110,258
108,484
46,250
116,256
105,193
101,327
53,540
82,694
111,335
97,262
110,248
108,802
46,273
116,213
105,169
101,326
53,388
82,264
111,197
97,278
110,243
108,454
46,241
116,223
105,204
101,419
53,1090
82,770
111,168
97,268
110,222
108,393
46,242
116,230
105,171
101,384
53,795
82,412
111,161
97,289
110,272
108,1303
46,379
116,173
105,194
101,1505
53,388
82,309
111,224
97,306
110,337
108,436
46,282
116,195
105,197
101,303
53,421
82,270
111,198
97,247
110,243
108,389
46,1318
116,337
105,273
101,324
53,372
82,251
111,220
97,235
110,225
108,376
46,229
116,210
105,189
101,414
53,792
82,379
111,198
97,276
110,106
108,467
46,253
116,356
105,206
101,499
53,447
82,320
111,201
97,296
110,540
108,545
46,286
116,218
105,134
101,273
53,402
82,285
111,218
97,269
110,311
108,456
46,282
116,221
105,197
101,364
53,504
82,313
111,204
97,246
110,221
108,476
46,424
116,207
105,182
101,828
53,429
82,311
111,262
97,401
110,267
108,400
46,229
116,229
105,244
101,342
53,1020
82,389
111,226
97,232
110,221
108,414
46,451
116,231
105,208
101,666
53,547
82,351
111,200
97,280
110,220
108,455
46,304
116,818
105,582
101,1104
53,458
82,437
111,233
97,302
110,286
108,485
46,738
116,224
105,1428
101,389
53,607
82,366
111,213
97,363
110,623
108,425
46,272
116,246
105,212
101,991
53,624
82,287
111,197
97,265
110,213
108,408
46,382
116,226
105,233
101,320
53,379
82,250
111,205
97,279
110,225
108,380
46,240
116,228
105,181
101,356
53,575
82,357
111,201
97,246
110,236
108,472
46,413
116,201
105,216
101,290
53,422
82,326
111,237
97,279
110,235
108,417
46,216
116,274
105,261
101,370
53,434
82,282
111,203
97,238
110,222
108,412
46,235
116,223
105,215
101,478
53,460
82,285
111,193
97,251
110,221
108,434
46,385
116,261
105,175
101,678
53,448
82,316
111,224
97,255
110,254
108,476
46,244
116,227
105,182
101,368
53,858
82,310
111,206
97,241
110,399
108,793
46,575
116,369
105,257
101,606
53,652
82,406
111,157
97,297
110,403
108,596
46,280
116,234
105,139
101,362
53,467
82,344
111,205
97,234
110,244
108,515
46,332
116,236
105,214
101,690
53,440
82,343
111,199
97,217
110,233
108,455
46,336
116,190
105,206
101,314
53,477
82,341
111,235
97,236
110,254
108,434
46,297
116,217
105,160
101,1350
53,476
82,347
111,201
97,261
110,236
108,399
46,365
116,221
105,198
101,342
53,480
82,362
111,233
97,282
110,271
108,447
46,427
116,244
105,239
101,604
53,422
82,318
111,275
97,274
110,255
108,415
46,394
116,224
105,220
101,377
53,436
82,323
111,259
97,299
110,401
108,457
46,320
116,371
105,286
101,384
53,454
82,329
111,227
97,274
110,201
108,419
46,546
116,353
105,239
101,416
53,784
82,335
111,182
97,303
110,268
108,427
46,276
116,228
105,177
101,362
53,510
82,288
111,191
97,247
110,268
108,514
46,380
116,200
105,213
101,314
53,376
82,280
111,218
97,300
110,250
108,469
46,284
116,194
105,230
101,335
53,922
82,355
111,204
97,251
110,245
108,448
46,289
116,252
105,236
101,421
53,498
82,427
111,204
97,285
110,254
108,487
46,360
116,229
105,176
101,336
53,499
82,390
111,171
97,299
110,364
108,549
46,269
116,229
105,177
101,305
53,438
82,281
111,193
97,234
110,218
108,385
46,204
116,233
105,156
101,410
53,530
82,388
111,227
97,303
110,244
108,438
46,297
116,301
105,165
101,317
53,429
82,285
111,219
97,269
110,203
108,397
46,249
116,208
105,153
101,300
53,413
82,237
111,226
97,248
110,190
108,374
46,317
116,242
105,192
101,298
53,376
82,274
111,262
97,255
110,204
108,478
46,252
116,224
105,209
101,351
53,2035
82,445
111,253
97,318
110,299
108,381
46,237
116,211
105,191
101,285
53,452
82,352
111,243
97,309
110,316
108,458
46,225
116,231
105,163
101,309
53,424
82,275
111,234
97,255
110,233
108,419
46,232
116,266
105,200
101,828
53,510
82,399
111,231
97,358
110,694
108,428
46,233
116,273
105,197
101,355
53,599
82,341
111,178
97,273
110,220
108,401
46,251
116,299
105,212
101,300
53,351
82,276
111,197
97,281
110,263
108,853
46,347
116,199
105,194
101,328
53,462
82,316
111,208
97,275
110,231
108,443
46,195
116,236
105,143
101,262
53,365
82,268
111,152
97,274
110,206
108,358
46,246
116,227
105,210
101,332
53,355
82,215
111,189
97,242
110,250
108,363
46,237
116,252
105,188
101,315
53,903
82,285
111,177
97,214
110,233
108,353
46,208
116,256
105,198
101,394
53,749
82,340
111,215
97,243
110,267
108,439
46,254
116,250
105,175
101,381
53,525
82,370
111,219
97,249
110,237
108,703
46,422
116,268
105,193
101,332
53,899
82,400
111,193
97,261
110,204
108,403
46,225
116,241
105,191
101,383
53,625
82,362
111,233
97,251
110,247
108,477
46,346
116,234
105,198
101,310
53,424
82,273
111,208
97,228
110,196
108,446
46,271
116,245
105,264
101,398
53,429
82,661
111,387
97,274
110,237
108,413
46,560
116,263
105,235
101,321
53,471
82,364
111,205
97,268
110,208
108,454
46,329
116,179
105,217
101,273
53,347
82,243
111,188
97,286
110,246
108,519
46,242
116,209
105,167
101,285
53,996
82,291
111,183
97,215
110,229
108,409
46,239
116,251
105,180
101,361
53,570
82,343
111,232
97,245
110,208
108,418
46,245
116,266
105,292
101,405
53,738
82,327
111,221
97,255
110,201
108,443
46,273
116,206
105,199
101,625
53,464
82,321
111,188
97,270
110,227
108,567
46,261
116,214
105,150
101,365
53,528
82,398
111,219
97,275
110,674
108,403
46,289
116,748
105,395
101,422
53,485
82,338
111,220
97,278
110,237
108,450
46,288
116,233
105,181
101,348
53,397
82,306
111,257
97,253
110,219
108,533
46,264
116,229
105,215
101,356
53,448
82,839
111,304
97,302
110,213
108,453
46,250
116,304
105,155
101,326
53,430
82,305
111,208
97,263
110,213
108,462
46,327
116,196
105,214
101,330
53,401
82,270
111,213
97,226
110,218
108,417
46,241
116,251
105,220
101,315
53,419
82,282
111,229
97,237
110,255
108,424
46,1826
116,339
105,256
101,569
53,963
82,624
111,435
97,267
110,226
108,395
46,237
116,206
105,210
101,318
53,481
82,332
111,220
97,221
110,223
108,462
46,263
116,252
105,179
101,341
53,459
82,301
111,205
97,206
110,199
108,365
