381,47
331,17
583,34
472,14
1291,23
356,56
157,15
286,31
238,0
1717,45
118,36
442,47
286,17
315,34
347,14
703,23
406,56
290,15
305,31
251,0
2115,45
85,36
670,47
247,17
189,34
381,14
942,23
294,56
210,15
279,31
238,0
304,45
65,36
540,47
271,17
310,34
694,14
652,23
347,56
195,15
226,31
246,0
399,45
71,36
473,47
278,17
617,34
441,14
472,23
315,56
237,15
232,31
263,0
299,45
71,36
252,47
296,17
201,34
425,14
492,23
346,56
287,15
279,31
276,0
295,45
74,36
257,47
302,17
250,34
782,14
778,23
320,56
183,15
227,31
250,0
305,45
56,36
383,47
286,17
411,34
720,14
517,23
384,56
337,15
322,31
237,0
333,45
64,36
426,47
261,17
267,34
540,14
599,23
314,56
191,15
189,31
246,0
293,45
67,36
335,47
233,17
245,34
2037,14
809,23
340,56
236,15
149,31
926,0
370,45
54,36
352,47
246,17
241,34
814,14
402,23
289,56
194,15
183,31
236,0
324,45
58,36
322,47
224,17
245,34
391,14
440,23
311,56
198,15
174,31
239,0
296,45
71,36
285,47
240,17
183,34
757,14
573,23
252,56
202,15
169,31
232,0
276,45
51,36
346,47
270,17
211,34
357,14
585,23
386,56
291,15
251,31
240,0
291,45
65,36
313,47
216,17
221,34
1399,14
776,23
309,56
228,15
84,31
575,0
298,45
82,36
324,47
237,17
172,34
676,14
394,23
285,56
186,15
223,31
240,0
323,45
67,36
424,47
248,17
190,34
409,14
364,23
299,56
180,15
199,31
227,0
278,45
61,36
465,47
262,17
156,34
694,14
437,23
271,56
136,15
229,31
204,0
304,45
54,36
346,47
321,17
209,34
912,14
410,23
224,56
175,15
229,31
207,0
279,45
62,36
940,47
304,17
188,34
383,14
478,23
315,56
161,15
239,31
235,0
266,45
61,36
362,47
200,17
168,34
308,14
350,23
260,56
248,15
208,31
217,0
269,45
46,36
753,47
225,17
166,34
434,14
453,23
255,56
201,15
191,31
220,0
288,45
49,36
381,47
222,17
203,34
694,14
379,23
270,56
145,15
197,31
242,0
315,45
70,36
299,47
263,17
193,34
385,14
450,23
283,56
235,15
180,31
255,0
277,45
63,36
274,47
270,17
228,34
268,14
370,23
279,56
221,15
201,31
236,0
305,45
58,36
393,47
276,17
227,34
380,14
584,23
259,56
230,15
163,31
260,0
273,45
79,36
317,47
259,17
236,34
316,14
705,23
273,56
201,15
170,31
227,0
322,45
60,36
301,47
250,17
177,34
334,14
429,23
253,56
192,15
233,31
247,0
285,45
78,36
309,47
271,17
203,34
311,14
508,23
268,56
231,15
242,31
241,0
295,45
84,36
225,47
291,17
210,34
546,14
383,23
249,56
206,15
232,31
942,0
259,45
106,36
292,47
267,17
395,34
483,14
506,23
292,56
186,15
244,31
249,0
339,45
81,36
377,47
217,17
247,34
421,14
436,23
303,56
158,15
270,31
259,0
295,45
65,36
262,47
285,17
172,34
385,14
400,23
277,56
179,15
227,31
239,0
363,45
78,36
305,47
264,17
470,34
671,14
389,23
286,56
178,15
216,31
247,0
304,45
71,36
232,47
253,17
171,34
593,14
333,23
262,56
159,15
239,31
224,0
505,45
55,36
301,47
186,17
154,34
761,14
678,23
215,56
113,15
224,31
187,0
286,45
64,36
184,47
202,17
129,34
423,14
535,23
239,56
137,15
238,31
217,0
313,45
69,36
195,47
244,17
148,34
836,14
433,23
229,56
143,15
188,31
190,0
275,45
70,36
227,47
211,17
146,34
404,14
500,23
279,56
189,15
232,31
200,0
288,45
62,36
643,47
184,17
262,34
618,14
375,23
244,56
147,15
155,31
203,0
313,45
68,36
325,47
230,17
147,34
453,14
346,23
222,56
73,15
224,31
202,0
263,45
75,36
206,47
213,17
142,34
438,14
325,23
227,56
131,15
196,31
208,0
272,45
66,36
218,47
230,17
144,34
376,14
343,23
230,56
137,15
191,31
192,0
273,45
69,36
248,47
205,17
129,34
486,14
523,23
233,56
129,15
282,31
227,0
246,45
72,36
404,47
211,17
905,34
718,14
388,23
235,56
119,15
169,31
192,0
286,45
63,36
176,47
257,17
125,34
983,14
689,23
334,56
237,15
185,31
201,0
210,45
65,36
291,47
214,17
137,34
477,14
394,23
221,56
166,15
206,31
189,0
262,45
70,36
1122,47
205,17
160,34
927,14
336,23
213,56
131,15
173,31
194,0
260,45
76,36
230,47
281,17
218,34
488,14
405,23
238,56
179,15
209,31
203,0
392,45
60,36
249,47
250,17
129,34
300,14
334,23
246,56
157,15
210,31
217,0
331,45
69,36
281,47
248,17
919,34
440,14
809,23
343,56
246,15
353,31
259,0
339,45
82,36
343,47
433,17
156,34
771,14
385,23
243,56
138,15
277,31
282,0
823,45
113,36
359,47
369,17
218,34
520,14
480,23
248,56
183,15
283,31
258,0
316,45
74,36
280,47
311,17
169,34
602,14
730,23
275,56
176,15
244,31
235,0
278,45
72,36
308,47
277,17
160,34
563,14
397,23
259,56
175,15
246,31
223,0
353,45
64,36
501,47
242,17
223,34
1138,14
489,23
312,56
185,15
236,31
243,0
373,45
71,36
252,47
324,17
131,34
809,14
375,23
252,56
159,15
232,31
214,0
283,45
71,36
306,47
277,17
148,34
1107,14
324,23
262,56
274,15
60,31
529,0
348,45
73,36
382,47
295,17
142,34
603,14
356,23
259,56
233,15
202,31
229,0
343,45
71,36
297,47
330,17
166,34
385,14
546,23
375,56
347,15
187,31
287,0
283,45
81,36
300,47
258,17
144,34
390,14
297,23
948,56
223,15
219,31
254,0
310,45
93,36
253,47
267,17
153,34
456,14
525,23
245,56
183,15
243,31
205,0
307,45
87,36
342,47
249,17
172,34
831,14
1369,23
319,56
160,15
219,31
206,0
290,45
77,36
246,47
302,17
301,34
568,14
337,23
263,56
141,15
222,31
225,0
287,45
70,36
362,47
250,17
167,34
591,14
443,23
230,56
177,15
194,31
215,0
275,45
81,36
323,47
230,17
175,34
571,14
402,23
287,56
199,15
242,31
230,0
322,45
74,36
259,47
306,17
147,34
363,14
377,23
277,56
196,15
210,31
237,0
294,45
88,36
311,47
351,17
166,34
304,14
530,23
291,56
200,15
254,31
240,0
321,45
92,36
223,47
267,17
149,34
358,14
388,23
277,56
190,15
221,31
219,0
325,45
85,36
281,47
266,17
172,34
723,14
1511,23
336,56
238,15
146,31
251,0
350,45
84,36
449,47
285,17
135,34
359,14
365,23
293,56
186,15
214,31
197,0
316,45
123,36
304,47
373,17
169,34
910,14
369,23
266,56
248,15
148,31
229,0
343,45
89,36
382,47
293,17
164,34
339,14
546,23
296,56
312,15
130,31
1245,0
740,45
111,36
302,47
262,17
123,34
808,14
447,23
212,56
165,15
185,31
250,0
284,45
72,36
266,47
238,17
144,34
323,14
302,23
305,56
202,15
201,31
241,0
260,45
108,36
543,47
256,17
157,34
562,14
340,23
300,56
201,15
245,31
217,0
310,45
97,36
240,47
297,17
260,34
358,14
338,23
279,56
299,15
238,31
270,0
297,45
84,36
270,47
235,17
138,34
409,14
341,23
270,56
186,15
226,31
220,0
265,45
87,36
230,47
296,17
133,34
544,14
416,23
245,56
232,15
218,31
241,0
269,45
90,36
367,47
301,17
191,34
764,14
346,23
277,56
229,15
133,31
431,0
406,45
83,36
290,47
465,17
170,34
633,14
338,23
272,56
212,15
228,31
278,0
319,45
93,36
263,47
324,17
140,34
421,14
337,23
292,56
203,15
239,31
304,0
289,45
96,36
341,47
293,17
132,34
359,14
387,23
288,56
219,15
233,31
236,0
298,45
121,36
274,47
263,17
141,34
466,14
470,23
280,56
218,15
203,31
226,0
325,45
73,36
543,47
205,17
179,34
630,14
325,23
283,56
186,15
177,31
241,0
297,45
93,36
249,47
277,17
172,34
295,14
383,23
290,56
195,15
241,31
227,0
283,45
102,36
256,47
260,17
156,34
597,14
307,23
238,56
161,15
224,31
238,0
319,45
80,36
318,47
246,17
139,34
546,14
387,23
252,56
165,15
186,31
242,0
333,45
107,36
262,47
276,17
158,34
413,14
308,23
255,56
172,15
227,31
220,0
266,45
101,36
305,47
204,17
285,34
452,14
874,23
272,56
127,15
218,31
235,0
278,45
89,36
224,47
255,17
152,34
445,14
413,23
248,56
145,15
229,31
219,0
230,45
98,36
286,47
246,17
199,34
283,14
418,23
1009,56
225,15
171,31
717,0
297,45
109,36
340,47
274,17
257,34
326,14
853,23
278,56
179,15
234,31
219,0
290,45
99,36
312,47
212,17
197,34
348,14
361,23
388,56
319,15
188,31
194,0
254,45
84,36
273,47
268,17
315,34
381,14
362,23
281,56
177,15
222,31
268,0
555,45
105,36
319,47
248,17
158,34
309,14
394,23
243,56
211,15
209,31
245,0
320,45
111,36
285,47
247,17
223,34
392,14
399,23
236,56
254,15
278,31
338,0
365,45
88,36
276,47
423,17
201,34
356,14
326,23
288,56
155,15
239,31
290,0
540,45
139,36
277,47
282,17
260,34
315,14
376,23
286,56
174,15
247,31
235,0
294,45
120,36
310,47
241,17
221,34
380,14
442,23
311,56
184,15
274,31
233,0
295,45
80,36
195,47
239,17
146,34
704,14
415,23
272,56
159,15
209,31
219,0
306,45
54,36
324,47
285,17
165,34
547,14
370,23
283,56
164,15
236,31
222,0
301,45
76,36
349,47
292,17
155,34
317,14
318,23
298,56
184,15
224,31
200,0
272,45
73,36
357,47
294,17
176,34
393,14
322,23
274,56
162,15
241,31
212,0
582,45
80,36
326,47
290,17
212,34
293,14
356,23
298,56
185,15
234,31
210,0
270,45
95,36
298,47
249,17
186,34
290,14
317,23
301,56
155,15
259,31
217,0
301,45
95,36
320,47
299,17
186,34
344,14
332,23
260,56
124,15
274,31
219,0
274,45
80,36
280,47
278,17
167,34
480,14
1238,23
280,56
135,15
241,31
221,0
267,45
78,36
176,47
293,17
127,34
410,14
348,23
355,56
226,15
59,31
269,0
273,45
82,36
270,47
327,17
154,34
307,14
317,23
263,56
133,15
242,31
247,0
342,45
73,36
242,47
295,17
155,34
515,14
445,23
243,56
185,15
181,31
217,0
313,45
74,36
408,47
240,17
159,34
387,14
491,23
329,56
450,15
166,31
213,0
329,45
76,36
237,47
321,17
147,34
330,14
289,23
303,56
125,15
258,31
207,0
292,45
82,36
221,47
276,17
148,34
392,14
310,23
292,56
120,15
194,31
222,0
309,45
92,36
194,47
386,17
158,34
413,14
903,23
306,56
192,15
234,31
235,0
319,45
81,36
221,47
307,17
136,34
313,14
310,23
272,56
142,15
190,31
204,0
327,45
66,36
260,47
335,17
149,34
509,14
383,23
414,56
271,15
228,31
226,0
320,45
78,36
313,47
264,17
149,34
580,14
385,23
269,56
162,15
194,31
262,0
299,45
71,36
307,47
273,17
161,34
316,14
450,23
291,56
163,15
194,31
257,0
275,45
76,36
219,47
353,17
201,34
643,14
407,23
304,56
161,15
187,31
267,0
330,45
83,36
256,47
380,17
189,34
918,14
466,23
321,56
240,15
53,31
294,0
346,45
83,36
272,47
297,17
161,34
433,14
952,23
352,56
171,15
216,31
260,0
339,45
75,36
250,47
300,17
175,34
649,14
315,23
471,56
298,15
185,31
257,0
334,45
65,36
252,47
265,17
137,34
334,14
296,23
332,56
197,15
208,31
255,0
275,45
82,36
340,47
269,17
164,34
499,14
343,23
303,56
141,15
181,31
642,0
354,45
99,36
197,47
306,17
133,34
398,14
309,23
297,56
155,15
212,31
248,0
300,45
86,36
182,47
314,17
234,34
519,14
298,23
294,56
141,15
183,31
241,0
272,45
108,36
163,47
316,17
171,34
299,14
306,23
297,56
127,15
197,31
230,0
302,45
77,36
203,47
283,17
205,34
288,14
303,23
293,56
178,15
211,31
219,0
298,45
75,36
206,47
278,17
141,34
296,14
294,23
290,56
108,15
271,31
215,0
319,45
69,36
253,47
297,17
131,34
973,14
322,23
283,56
185,15
205,31
229,0
312,45
90,36
271,47
292,17
164,34
314,14
280,23
255,56
197,15
140,31
255,0
234,45
81,36
310,47
312,17
207,34
371,14
326,23
331,56
124,15
226,31
227,0
290,45
73,36
291,47
263,17
169,34
328,14
290,23
361,56
97,15
247,31
257,0
348,45
68,36
338,47
221,17
115,34
380,14
325,23
325,56
193,15
189,31
247,0
323,45
88,36
198,47
625,17
203,34
333,14
397,23
312,56
73,15
336,31
303,0
324,45
92,36
234,47
279,17
208,34
318,14
397,23
367,56
213,15
165,31
211,0
335,45
58,36
242,47
279,17
190,34
303,14
308,23
311,56
172,15
232,31
255,0
314,45
69,36
979,47
247,17
168,34
282,14
335,23
295,56
238,15
257,31
212,0
348,45
64,36
215,47
328,17
180,34
263,14
344,23
309,56
164,15
189,31
1164,0
267,45
102,36
228,47
271,17
187,34
228,14
395,23
292,56
164,15
252,31
263,0
333,45
69,36
201,47
290,17
147,34
236,14
774,23
290,56
210,15
186,31
244,0
321,45
73,36
200,47
258,17
136,34
364,14
696,23
230,56
253,15
150,31
261,0
304,45
67,36
217,47
282,17
130,34
278,14
312,23
300,56
121,15
204,31
238,0
370,45
70,36
179,47
296,17
157,34
329,14
580,23
272,56
169,15
1679,31
221,0
284,45
104,36
761,47
204,17
191,34
762,14
391,23
410,56
228,15
174,31
215,0
337,45
70,36
205,47
251,17
147,34
294,14
545,23
320,56
319,15
305,31
910,0
349,45
92,36
299,47
278,17
148,34
300,14
447,23
301,56
163,15
257,31
234,0
313,45
64,36
317,47
245,17
154,34
836,14
372,23
287,56
178,15
246,31
247,0
373,45
68,36
204,47
277,17
148,34
317,14
534,23
316,56
256,15
537,31
304,0
300,45
76,36
264,47
289,17
157,34
392,14
347,23
283,56
177,15
151,31
224,0
293,45
84,36
262,47
322,17
179,34
323,14
330,23
266,56
144,15
241,31
222,0
251,45
82,36
222,47
298,17
182,34
343,14
335,23
249,56
137,15
196,31
196,0
260,45
68,36
290,47
267,17
192,34
350,14
295,23
288,56
144,15
207,31
205,0
265,45
74,36
244,47
312,17
223,34
325,14
406,23
279,56
173,15
221,31
225,0
272,45
73,36
245,47
289,17
209,34
339,14
487,23
305,56
389,15
242,31
246,0
287,45
74,36
189,47
343,17
186,34
273,14
329,23
286,56
158,15
214,31
206,0
284,45
85,36
260,47
409,17
296,34
330,14
611,23
287,56
217,15
263,31
303,0
832,45
117,36
368,47
306,17
168,34
321,14
369,23
277,56
175,15
149,31
479,0
589,45
147,36
372,47
241,17
180,34
538,14
363,23
263,56
148,15
196,31
253,0
288,45
93,36
248,47
299,17
188,34
297,14
355,23
317,56
124,15
239,31
214,0
292,45
75,36
230,47
259,17
167,34
278,14
382,23
318,56
187,15
192,31
240,0
320,45
96,36
200,47
294,17
168,34
266,14
358,23
237,56
150,15
236,31
204,0
296,45
76,36
190,47
306,17
150,34
264,14
399,23
246,56
312,15
145,31
275,0
344,45
85,36
260,47
309,17
134,34
286,14
554,23
262,56
193,15
536,31
276,0
303,45
79,36
223,47
297,17
137,34
276,14
346,23
431,56
277,15
195,31
518,0
341,45
79,36
281,47
300,17
183,34
297,14
384,23
297,56
146,15
219,31
234,0
316,45
86,36
231,47
294,17
125,34
310,14
362,23
300,56
178,15
243,31
254,0
292,45
75,36
229,47
315,17
177,34
265,14
418,23
298,56
186,15
169,31
251,0
370,45
91,36
229,47
267,17
178,34
230,14
361,23
232,56
156,15
208,31
259,0
347,45
69,36
227,47
472,17
313,34
231,14
584,23
303,56
419,15
1014,31
277,0
325,45
74,36
269,47
274,17
146,34
512,14
362,23
271,56
202,15
180,31
242,0
362,45
74,36
245,47
288,17
177,34
268,14
383,23
291,56
400,15
324,31
1038,0
272,45
89,36
236,47
324,17
111,34
335,14
359,23
290,56
234,15
990,31
300,0
345,45
82,36
199,47
318,17
148,34
279,14
374,23
262,56
249,15
206,31
258,0
277,45
77,36
173,47
282,17
128,34
203,14
302,23
276,56
111,15
195,31
192,0
257,45
68,36
185,47
265,17
117,34
212,14
278,23
264,56
169,15
197,31
223,0
241,45
67,36
193,47
255,17
135,34
183,14
318,23
258,56
116,15
192,31
213,0
259,45
78,36
199,47
247,17
183,34
393,14
445,23
259,56
185,15
164,31
789,0
233,45
92,36
213,47
243,17
126,34
194,14
276,23
223,56
134,15
211,31
208,0
248,45
68,36
210,47
240,17
161,34
251,14
291,23
262,56
144,15
192,31
232,0
273,45
65,36
190,47
245,17
145,34
213,14
281,23
252,56
141,15
203,31
212,0
262,45
46,36
197,47
223,17
156,34
216,14
288,23
257,56
149,15
159,31
232,0
266,45
87,36
282,47
236,17
379,34
345,14
337,23
266,56
185,15
219,31
267,0
295,45
86,36
227,47
247,17
151,34
218,14
292,23
1297,56
226,15
178,31
223,0
279,45
68,36
182,47
263,17
138,34
252,14
337,23
261,56
129,15
219,31
213,0
286,45
66,36
160,47
262,17
137,34
253,14
319,23
236,56
167,15
170,31
234,0
229,45
69,36
209,47
291,17
164,34
285,14
327,23
285,56
157,15
222,31
244,0
248,45
75,36
240,47
228,17
160,34
238,14
417,23
297,56
177,15
152,31
783,0
272,45
90,36
218,47
284,17
135,34
357,14
340,23
306,56
193,15
178,31
241,0
311,45
63,36
287,47
257,17
172,34
304,14
342,23
284,56
167,15
226,31
228,0
242,45
77,36
181,47
294,17
124,34
254,14
305,23
240,56
179,15
261,31
225,0
264,45
92,36
190,47
298,17
138,34
265,14
327,23
1065,56
236,15
256,31
312,0
259,45
93,36
231,47
303,17
158,34
238,14
376,23
339,56
152,15
297,31
348,0
378,45
79,36
242,47
304,17
145,34
262,14
409,23
351,56
198,15
169,31
601,0
483,45
96,36
203,47
269,17
165,34
237,14
397,23
259,56
133,15
231,31
258,0
324,45
78,36
218,47
424,17
248,34
275,14
514,23
267,56
221,15
195,31
1213,0
308,45
85,36
232,47
295,17
172,34
213,14
398,23
324,56
204,15
204,31
245,0
348,45
86,36
207,47
306,17
125,34
277,14
393,23
288,56
175,15
230,31
858,0
255,45
95,36
236,47
631,17
191,34
239,14
386,23
291,56
203,15
207,31
264,0
351,45
79,36
292,47
292,17
167,34
4041,14
341,23
300,56
141,15
217,31
235,0
290,45
100,36
233,47
243,17
255,34
294,14
344,23
322,56
121,15
241,31
244,0
320,45
77,36
222,47
290,17
146,34
214,14
359,23
300,56
165,15
229,31
304,0
227,45
93,36
229,47
281,17
132,34
277,14
309,23
282,56
140,15
228,31
249,0
278,45
59,36
270,47
322,17
204,34
277,14
584,23
284,56
173,15
225,31
251,0
290,45
79,36
270,47
263,17
184,34
201,14
472,23
492,56
84,15
546,31
227,0
402,45
70,36
184,47
322,17
110,34
247,14
379,23
269,56
128,15
286,31
215,0
303,45
79,36
253,47
289,17
144,34
229,14
348,23
261,56
163,15
277,31
230,0
270,45
73,36
206,47
803,17
235,34
787,14
349,23
934,56
264,15
246,31
285,0
324,45
74,36
222,47
305,17
171,34
261,14
360,23
284,56
238,15
176,31
240,0
322,45
67,36
234,47
272,17
260,34
306,14
704,23
423,56
304,15
209,31
307,0
331,45
74,36
291,47
295,17
249,34
239,14
381,23
310,56
224,15
215,31
276,0
312,45
73,36
248,47
282,17
331,34
252,14
413,23
375,56
250,15
236,31
637,0
418,45
106,36
396,47
290,17
180,34
330,14
344,23
317,56
381,15
323,31
270,0
667,45
97,36
242,47
349,17
188,34
293,14
344,23
333,56
630,15
263,31
282,0
368,45
84,36
194,47
347,17
187,34
325,14
325,23
275,56
183,15
225,31
240,0
286,45
82,36
199,47
297,17
190,34
245,14
315,23
288,56
156,15
242,31
228,0
572,45
108,36
297,47
279,17
152,34
292,14
348,23
276,56
188,15
224,31
231,0
286,45
97,36
199,47
271,17
197,34
275,14
647,23
241,56
510,15
233,31
291,0
352,45
88,36
236,47
293,17
163,34
277,14
320,23
262,56
141,15
226,31
199,0
237,45
92,36
239,47
300,17
163,34
317,14
539,23
265,56
144,15
257,31
252,0
276,45
105,36
209,47
267,17
175,34
290,14
319,23
301,56
188,15
244,31
221,0
282,45
81,36
213,47
296,17
318,34
359,14
370,23
259,56
196,15
253,31
233,0
324,45
132,36
249,47
256,17
165,34
292,14
410,23
276,56
199,15
223,31
233,0
267,45
92,36
205,47
265,17
175,34
233,14
373,23
293,56
172,15
259,31
239,0
291,45
95,36
195,47
250,17
366,34
625,14
333,23
280,56
149,15
198,31
236,0
321,45
97,36
210,47
264,17
193,34
239,14
407,23
297,56
206,15
191,31
254,0
339,45
89,36
210,47
266,17
195,34
255,14
351,23
342,56
215,15
220,31
951,0
239,45
94,36
222,47
602,17
184,34
532,14
389,23
274,56
184,15
253,31
316,0
325,45
90,36
222,47
335,17
176,34
309,14
933,23
289,56
196,15
246,31
267,0
312,45
86,36
199,47
320,17
169,34
347,14
441,23
328,56
178,15
242,31
290,0
363,45
85,36
435,47
278,17
180,34
339,14
373,23
254,56
222,15
209,31
267,0
302,45
98,36
286,47
271,17
217,34
289,14
358,23
411,56
164,15
309,31
299,0
314,45
85,36
207,47
443,17
258,34
351,14
384,23
271,56
162,15
249,31
595,0
373,45
110,36
321,47
445,17
228,34
265,14
492,23
252,56
226,15
193,31
304,0
328,45
83,36
194,47
325,17
244,34
204,14
552,23
272,56
323,15
301,31
259,0
331,45
90,36
223,47
366,17
290,34
430,14
384,23
314,56
186,15
194,31
271,0
309,45
101,36
192,47
270,17
164,34
283,14
397,23
291,56
273,15
190,31
303,0
328,45
78,36
1251,47
303,17
184,34
509,14
378,23
336,56
300,15
290,31
894,0
336,45
105,36
261,47
302,17
231,34
341,14
420,23
404,56
450,15
328,31
282,0
330,45
93,36
211,47
334,17
196,34
261,14
423,23
368,56
216,15
317,31
275,0
318,45
82,36
295,47
369,17
262,34
414,14
404,23
360,56
172,15
292,31
256,0
293,45
88,36
376,47
356,17
311,34
520,14
472,23
304,56
204,15
259,31
290,0
335,45
76,36
202,47
312,17
225,34
276,14
390,23
306,56
177,15
265,31
280,0
340,45
82,36
229,47
270,17
339,34
426,14
426,23
336,56
160,15
297,31
309,0
325,45
101,36
220,47
310,17
164,34
233,14
358,23
288,56
190,15
270,31
235,0
259,45
95,36
180,47
271,17
203,34
285,14
285,23
283,56
119,15
258,31
246,0
210,45
88,36
241,47
259,17
191,34
822,14
1041,23
335,56
111,15
245,31
218,0
275,45
85,36
259,47
256,17
195,34
275,14
345,23
278,56
160,15
193,31
250,0
338,45
93,36
251,47
293,17
160,34
230,14
410,23
318,56
138,15
213,31
270,0
313,45
87,36
337,47
468,17
259,34
424,14
413,23
363,56
214,15
214,31
412,0
448,45
136,36
398,47
265,17
261,34
307,14
347,23
337,56
255,15
502,31
313,0
354,45
89,36
209,47
371,17
264,34
334,14
438,23
701,56
263,15
211,31
309,0
364,45
80,36
247,47
310,17
329,34
784,14
376,23
321,56
197,15
255,31
230,0
345,45
87,36
292,47
305,17
161,34
326,14
419,23
322,56
285,15
192,31
254,0
341,45
91,36
367,47
343,17
278,34
266,14
522,23
1103,56
326,15
302,31
246,0
367,45
94,36
249,47
855,17
222,34
449,14
379,23
550,56
282,15
186,31
259,0
326,45
95,36
471,47
261,17
240,34
562,14
777,23
329,56
148,15
258,31
298,0
358,45
72,36
291,47
282,17
314,34
520,14
470,23
315,56
282,15
183,31
281,0
355,45
77,36
269,47
318,17
295,34
288,14
397,23
510,56
263,15
294,31
543,0
457,45
95,36
351,47
344,17
259,34
470,14
614,23
324,56
250,15
304,31
290,0
430,45
87,36
120,47
806,17
230,34
313,14
400,23
285,56
159,15
220,31
583,0
359,45
108,36
494,47
370,17
211,34
303,14
342,23
308,56
115,15
279,31
266,0
309,45
87,36
233,47
280,17
127,34
271,14
418,23
319,56
154,15
261,31
226,0
279,45
90,36
193,47
298,17
159,34
267,14
346,23
261,56
114,15
227,31
207,0
295,45
70,36
211,47
277,17
143,34
236,14
303,23
277,56
140,15
240,31
240,0
238,45
80,36
217,47
290,17
289,34
238,14
897,23
293,56
154,15
296,31
254,0
421,45
99,36
333,47
455,17
237,34
295,14
402,23
300,56
149,15
253,31
247,0
313,45
84,36
355,47
261,17
43,34
671,14
429,23
266,56
153,15
249,31
569,0
391,45
92,36
242,47
344,17
271,34
304,14
632,23
478,56
272,15
224,31
277,0
342,45
64,36
439,47
233,17
204,34
204,14
528,23
334,56
185,15
285,31
276,0
395,45
70,36
238,47
312,17
224,34
239,14
402,23
255,56
216,15
221,31
225,0
386,45
68,36
326,47
274,17
173,34
301,14
344,23
245,56
208,15
214,31
239,0
316,45
88,36
232,47
276,17
181,34
220,14
393,23
312,56
170,15
283,31
211,0
480,45
35,36
285,47
270,17
86,34
380,14
411,23
263,56
193,15
217,31
237,0
327,45
80,36
208,47
273,17
142,34
260,14
323,23
590,56
255,15
189,31
287,0
304,45
73,36
239,47
297,17
120,34
250,14
353,23
266,56
198,15
238,31
299,0
640,45
93,36
1177,47
233,17
230,34
282,14
317,23
301,56
197,15
242,31
247,0
347,45
74,36
316,47
301,17
277,34
289,14
430,23
301,56
244,15
269,31
316,0
333,45
116,36
238,47
338,17
313,34
420,14
496,23
374,56
336,15
336,31
548,0
369,45
107,36
217,47
405,17
248,34
241,14
652,23
353,56
269,15
235,31
566,0
399,45
91,36
359,47
298,17
280,34
303,14
435,23
297,56
188,15
242,31
264,0
381,45
95,36
284,47
296,17
155,34
666,14
427,23
282,56
267,15
260,31
342,0
785,45
135,36
333,47
248,17
332,34
395,14
647,23
471,56
317,15
197,31
234,0
432,45
87,36
262,47
301,17
299,34
320,14
514,23
296,56
266,15
166,31
257,0
377,45
81,36
421,47
281,17
286,34
362,14
423,23
313,56
340,15
306,31
193,0
329,45
94,36
342,47
309,17
238,34
349,14
357,23
303,56
169,15
245,31
194,0
517,45
112,36
230,47
279,17
177,34
250,14
326,23
257,56
195,15
222,31
224,0
385,45
94,36
372,47
261,17
167,34
395,14
334,23
317,56
165,15
227,31
172,0
374,45
87,36
245,47
331,17
164,34
334,14
328,23
281,56
198,15
265,31
214,0
371,45
96,36
266,47
288,17
256,34
344,14
561,23
307,56
346,15
202,31
202,0
364,45
90,36
325,47
260,17
164,34
433,14
404,23
352,56
279,15
219,31
271,0
322,45
88,36
243,47
315,17
140,34
229,14
355,23
336,56
146,15
272,31
254,0
325,45
117,36
167,47
331,17
216,34
442,14
354,23
367,56
279,15
234,31
209,0
385,45
108,36
182,47
294,17
163,34
248,14
360,23
275,56
242,15
374,31
160,0
390,45
70,36
259,47
276,17
228,34
308,14
337,23
267,56
155,15
239,31
180,0
366,45
94,36
198,47
307,17
386,34
367,14
815,23
308,56
244,15
506,31
298,0
312,45
111,36
243,47
280,17
119,34
620,14
318,23
318,56
80,15
280,31
296,0
380,45
91,36
250,47
219,17
144,34
245,14
380,23
423,56
258,15
303,31
304,0
372,45
90,36
230,47
356,17
155,34
361,14
508,23
369,56
248,15
249,31
231,0
341,45
87,36
217,47
264,17
226,34
316,14
327,23
312,56
183,15
227,31
251,0
299,45
111,36
240,47
263,17
192,34
246,14
294,23
265,56
125,15
223,31
243,0
286,45
87,36
191,47
288,17
143,34
273,14
330,23
267,56
120,15
283,31
234,0
280,45
96,36
213,47
275,17
152,34
253,14
325,23
271,56
245,15
44,31
725,0
445,45
101,36
222,47
309,17
143,34
291,14
403,23
321,56
140,15
279,31
260,0
318,45
101,36
226,47
276,17
201,34
214,14
431,23
286,56
131,15
285,31
256,0
390,45
95,36
224,47
250,17
197,34
307,14
427,23
263,56
204,15
318,31
235,0
359,45
102,36
220,47
246,17
122,34
265,14
496,23
268,56
186,15
246,31
274,0
320,45
121,36
208,47
271,17
102,34
307,14
466,23
288,56
163,15
250,31
227,0
393,45
92,36
218,47
308,17
170,34
276,14
417,23
265,56
178,15
265,31
297,0
333,45
121,36
249,47
250,17
236,34
326,14
464,23
281,56
223,15
268,31
240,0
331,45
110,36
234,47
268,17
198,34
515,14
555,23
314,56
170,15
339,31
207,0
411,45
82,36
226,47
280,17
152,34
210,14
328,23
287,56
291,15
230,31
240,0
303,45
94,36
196,47
313,17
126,34
529,14
476,23
288,56
192,15
240,31
226,0
269,45
132,36
313,47
250,17
158,34
458,14
659,23
535,56
285,15
262,31
253,0
679,45
106,36
237,47
316,17
193,34
505,14
399,23
268,56
171,15
249,31
245,0
387,45
102,36
227,47
232,17
161,34
446,14
336,23
284,56
329,15
325,31
256,0
377,45
91,36
193,47
335,17
174,34
549,14
337,23
278,56
199,15
293,31
284,0
361,45
104,36
193,47
290,17
143,34
268,14
369,23
278,56
140,15
285,31
215,0
352,45
109,36
225,47
297,17
218,34
259,14
406,23
281,56
164,15
252,31
327,0
621,45
99,36
179,47
360,17
362,34
504,14
316,23
281,56
132,15
234,31
256,0
318,45
107,36
233,47
274,17
190,34
798,14
392,23
282,56
305,15
224,31
202,0
350,45
115,36
257,47
280,17
180,34
309,14
371,23
334,56
220,15
204,31
232,0
438,45
130,36
231,47
276,17
139,34
317,14
344,23
262,56
182,15
223,31
218,0
317,45
107,36
285,47
275,17
177,34
283,14
628,23
299,56
203,15
236,31
202,0
343,45
109,36
184,47
554,17
239,34
315,14
661,23
366,56
146,15
248,31
211,0
338,45
114,36
221,47
310,17
221,34
1095,14
436,23
341,56
319,15
228,31
268,0
368,45
135,36
249,47
296,17
163,34
266,14
374,23
293,56
159,15
284,31
252,0
322,45
114,36
237,47
276,17
253,34
252,14
478,23
1253,56
245,15
301,31
387,0
404,45
88,36
246,47
284,17
301,34
269,14
343,23
308,56
288,15
216,31
220,0
365,45
110,36
235,47
280,17
222,34
522,14
491,23
296,56
180,15
305,31
226,0
372,45
103,36
317,47
260,17
213,34
330,14
349,23
349,56
190,15
296,31
245,0
707,45
137,36
271,47
286,17
217,34
276,14
411,23
274,56
197,15
238,31
261,0
328,45
115,36
232,47
355,17
135,34
477,14
369,23
354,56
112,15
300,31
245,0
453,45
114,36
219,47
301,17
187,34
284,14
314,23
266,56
202,15
258,31
205,0
513,45
194,36
626,47
264,17
332,34
401,14
370,23
265,56
168,15
249,31
209,0
369,45
120,36
247,47
272,17
166,34
324,14
347,23
248,56
212,15
232,31
217,0
379,45
121,36
198,47
299,17
172,34
489,14
371,23
245,56
161,15
226,31
209,0
403,45
119,36
399,47
258,17
141,34
300,14
318,23
253,56
166,15
247,31
150,0
397,45
101,36
202,47
303,17
163,34
208,14
333,23
248,56
103,15
451,31
301,0
273,45
119,36
211,47
265,17
293,34
317,14
290,23
222,56
120,15
257,31
212,0
362,45
144,36
193,47
306,17
148,34
256,14
330,23
243,56
123,15
237,31
179,0
364,45
191,36
236,47
264,17
195,34
234,14
419,23
411,56
110,15
288,31
180,0
376,45
111,36
199,47
287,17
214,34
304,14
392,23
262,56
149,15
285,31
202,0
395,45
106,36
236,47
322,17
128,34
285,14
308,23
242,56
175,15
268,31
177,0
458,45
86,36
195,47
335,17
181,34
262,14
322,23
233,56
135,15
268,31
250,0
400,45
145,36
220,47
325,17
196,34
256,14
318,23
247,56
93,15
365,31
201,0
446,45
111,36
365,47
450,17
353,34
379,14
863,23
594,56
841,15
408,31
438,0
383,45
63,36
426,47
426,17
391,34
420,14
663,23
489,56
358,15
418,31
385,0
416,45
75,36
351,47
404,17
382,34
1209,14
583,23
676,56
430,15
348,31
368,0
347,45
62,36
342,47
360,17
168,34
325,14
362,23
471,56
223,15
193,31
225,0
296,45
66,36
134,47
277,17
170,34
225,14
314,23
247,56
128,15
236,31
232,0
278,45
106,36
177,47
252,17
178,34
227,14
352,23
257,56
174,15
198,31
214,0
300,45
80,36
208,47
251,17
156,34
218,14
432,23
246,56
144,15
267,31
223,0
255,45
92,36
184,47
267,17
147,34
267,14
424,23
231,56
186,15
221,31
232,0
307,45
103,36
230,47
404,17
231,34
419,14
336,23
263,56
210,15
226,31
317,0
385,45
98,36
232,47
309,17
164,34
258,14
308,23
251,56
209,15
229,31
225,0
310,45
94,36
210,47
293,17
208,34
318,14
291,23
263,56
189,15
238,31
248,0
295,45
121,36
240,47
327,17
162,34
255,14
324,23
259,56
168,15
265,31
209,0
366,45
103,36
237,47
313,17
199,34
270,14
338,23
237,56
203,15
228,31
214,0
319,45
106,36
209,47
339,17
253,34
258,14
571,23
247,56
174,15
228,31
242,0
321,45
112,36
219,47
317,17
165,34
217,14
428,23
233,56
171,15
269,31
215,0
329,45
99,36
252,47
331,17
203,34
327,14
397,23
309,56
204,15
244,31
235,0
355,45
100,36
190,47
259,17
241,34
121,14
432,23
232,56
164,15
213,31
1048,0
236,45
119,36
316,47
344,17
185,34
239,14
360,23
241,56
265,15
213,31
206,0
277,45
89,36
236,47
334,17
159,34
246,14
354,23
229,56
155,15
213,31
247,0
290,45
91,36
206,47
298,17
161,34
263,14
363,23
246,56
191,15
184,31
217,0
268,45
80,36
191,47
283,17
195,34
281,14
343,23
248,56
121,15
216,31
192,0
298,45
106,36
219,47
276,17
211,34
170,14
390,23
258,56
163,15
222,31
221,0
312,45
105,36
273,47
225,17
172,34
296,14
359,23
249,56
229,15
71,31
254,0
328,45
98,36
227,47
252,17
182,34
185,14
339,23
237,56
182,15
194,31
218,0
288,45
108,36
223,47
258,17
185,34
155,14
1034,23
255,56
255,15
214,31
237,0
325,45
78,36
327,47
267,17
144,34
263,14
322,23
245,56
185,15
167,31
186,0
364,45
94,36
210,47
255,17
193,34
196,14
416,23
272,56
203,15
197,31
195,0
306,45
83,36
179,47
265,17
146,34
183,14
320,23
233,56
163,15
227,31
463,0
282,45
106,36
198,47
293,17
151,34
307,14
240,23
296,56
194,15
228,31
201,0
282,45
84,36
437,47
219,17
188,34
247,14
350,23
265,56
225,15
189,31
633,0
821,45
85,36
179,47
303,17
193,34
237,14
367,23
278,56
166,15
204,31
185,0
259,45
88,36
241,47
313,17
158,34
253,14
391,23
319,56
122,15
206,31
173,0
310,45
87,36
266,47
306,17
140,34
180,14
339,23
312,56
113,15
234,31
320,0
421,45
103,36
185,47
304,17
168,34
254,14
401,23
289,56
80,15
229,31
200,0
285,45
104,36
184,47
329,17
153,34
220,14
343,23
291,56
214,15
108,31
248,0
224,45
86,36
197,47
255,17
139,34
141,14
827,23
258,56
167,15
157,31
213,0
341,45
79,36
230,47
275,17
653,34
269,14
811,23
586,56
252,15
194,31
236,0
372,45
114,36
200,47
284,17
162,34
546,14
396,23
451,56
260,15
267,31
669,0
457,45
107,36
246,47
337,17
190,34
237,14
354,23
246,56
195,15
192,31
205,0
342,45
104,36
198,47
300,17
193,34
146,14
381,23
265,56
170,15
237,31
306,0
295,45
98,36
251,47
254,17
216,34
148,14
369,23
256,56
186,15
200,31
180,0
252,45
103,36
213,47
279,17
233,34
142,14
384,23
247,56
174,15
249,31
393,0
341,45
95,36
236,47
241,17
199,34
153,14
337,23
248,56
133,15
254,31
244,0
556,45
127,36
247,47
268,17
225,34
193,14
343,23
309,56
146,15
228,31
178,0
314,45
79,36
223,47
261,17
223,34
167,14
371,23
276,56
188,15
222,31
272,0
328,45
101,36
254,47
275,17
176,34
213,14
337,23
1024,56
207,15
286,31
255,0
328,45
104,36
255,47
276,17
254,34
326,14
357,23
309,56
335,15
403,31
299,0
368,45
91,36
313,47
262,17
292,34
231,14
383,23
303,56
427,15
359,31
322,0
410,45
134,36
196,47
305,17
205,34
299,14
314,23
260,56
183,15
228,31
227,0
368,45
85,36
477,47
287,17
390,34
311,14
403,23
606,56
352,15
228,31
302,0
392,45
94,36
339,47
339,17
390,34
255,14
378,23
379,56
451,15
282,31
283,0
371,45
97,36
243,47
331,17
165,34
196,14
316,23
271,56
145,15
205,31
205,0
622,45
94,36
181,47
273,17
117,34
248,14
462,23
454,56
256,15
211,31
302,0
372,45
76,36
