46,1658
116,385
105,502
101,1093
53,1309
82,639
111,465
97,605
110,584
108,725
46,627
116,269
105,360
101,826
53,782
82,428
111,658
97,390
110,508
108,636
46,452
116,512
105,411
101,1186
53,708
82,433
111,609
97,708
110,455
108,731
46,535
116,323
105,370
101,960
53,1447
82,491
111,346
97,540
110,693
108,642
46,510
116,306
105,381
101,1123
53,823
82,429
111,555
97,545
110,548
108,630
46,488
116,428
105,491
101,1047
53,1081
82,418
111,380
97,407
110,663
108,715
46,578
116,450
105,489
101,1472
53,1652
82,471
111,390
97,592
110,863
108,575
46,486
116,456
105,436
101,1100
53,690
82,558
111,976
97,471
110,519
108,636
46,467
116,424
105,459
101,819
53,663
82,525
111,424
97,437
110,605
108,792
46,511
116,308
105,565
101,1048
53,838
82,571
111,378
97,1933
110,557
108,508
46,549
116,539
105,461
101,879
53,1087
82,471
111,356
97,625
110,2175
108,1014
46,486
116,322
105,324
101,1606
53,1031
82,471
111,419
97,446
110,506
108,1012
46,498
116,310
105,415
101,656
53,737
82,539
111,426
97,469
110,530
108,1316
46,468
116,308
105,685
101,1123
53,799
82,646
111,464
97,548
110,795
108,921
46,702
116,265
105,419
101,511
53,761
82,806
111,358
97,474
110,447
108,704
46,678
116,284
105,367
101,667
53,777
82,460
111,388
97,425
110,915
108,453
46,464
116,285
105,405
101,576
53,854
82,445
111,374
97,421
110,418
108,481
46,580
116,288
105,396
101,474
53,652
82,454
111,394
97,634
110,1078
108,453
46,674
116,485
105,426
101,519
53,1166
82,524
111,362
97,447
110,629
108,806
46,418
116,286
105,385
101,499
53,799
82,491
111,397
97,629
110,757
108,416
46,486
116,303
105,404
101,463
53,903
82,511
111,341
97,447
110,519
108,916
46,464
116,299
105,335
101,461
53,731
82,475
111,375
97,442
110,442
108,423
46,443
116,346
105,402
101,557
53,690
82,448
111,418
97,473
110,2028
108,902
46,604
116,315
105,335
101,621
53,694
82,462
111,442
97,491
110,521
108,681
46,427
116,293
105,383
101,485
53,683
82,439
111,383
97,519
110,457
108,819
46,458
116,315
105,495
101,382
53,633
82,477
111,589
97,552
110,401
108,565
46,617
116,260
105,317
101,505
53,931
82,501
111,394
97,555
110,1275
108,766
46,551
116,253
105,490
101,946
53,906
82,637
111,414
97,383
110,564
108,996
46,395
116,266
105,933
101,477
53,835
82,472
111,685
97,500
110,630
108,679
46,1299
116,292
105,398
101,1047
53,1393
82,802
111,555
97,633
110,564
108,691
46,523
116,332
105,413
101,532
53,1091
82,1054
111,412
97,519
110,478
108,873
46,496
116,316
105,419
101,619
53,654
82,576
111,454
97,487
110,452
108,437
46,430
116,228
105,347
101,542
53,649
82,595
111,484
97,473
110,567
108,524
46,530
116,354
105,1237
101,631
53,760
82,588
111,410
97,486
110,575
108,510
46,417
116,332
105,777
101,524
53,773
82,763
111,476
97,519
110,491
108,511
46,493
116,354
105,1579
101,536
53,684
82,866
111,505
97,490
110,558
108,558
46,451
116,406
105,651
101,560
53,838
82,550
111,425
97,561
110,748
108,607
46,438
116,365
105,917
101,623
53,1242
82,478
111,388
97,517
110,757
108,633
46,530
116,362
105,411
101,627
53,923
82,993
111,427
97,529
110,427
108,536
46,593
116,248
105,404
101,812
53,894
82,476
111,400
97,522
110,793
108,868
46,450
116,454
105,1103
101,536
53,970
82,566
111,464
97,501
110,645
108,447
46,689
116,368
105,1562
101,575
53,649
82,532
111,377
97,561
110,725
108,654
46,432
116,297
105,363
101,479
53,647
82,582
111,419
97,515
110,696
108,495
46,441
116,300
105,546
101,820
53,1326
82,449
111,409
97,414
110,502
108,373
46,1399
116,271
105,407
101,1078
53,696
82,497
111,443
97,513
110,854
108,419
46,427
116,334
105,420
101,522
53,733
82,532
111,387
97,1530
110,463
108,1228
46,456
116,282
105,331
101,477
53,694
82,474
111,408
97,1476
110,563
108,501
46,503
116,298
105,505
101,702
53,657
82,470
111,381
97,446
110,441
108,507
46,443
116,265
105,462
101,557
53,768
82,440
111,429
97,682
110,666
108,409
46,581
116,370
105,447
101,649
53,1153
82,403
111,440
97,475
110,641
108,473
46,977
116,257
105,1377
101,1066
53,1368
82,1744
111,482
97,910
110,377
108,558
46,491
116,289
105,392
101,928
53,846
82,1160
111,511
97,480
110,431
108,471
46,386
116,255
105,403
101,755
53,655
82,999
111,454
97,350
110,562
108,475
46,1052
116,434
105,877
101,1174
53,798
82,524
111,1331
97,417
110,499
108,541
46,594
116,230
105,434
101,601
53,711
82,789
111,440
97,470
110,402
108,633
46,386
116,331
105,425
101,593
53,732
82,1301
111,599
97,564
110,418
108,639
46,783
116,275
105,523
101,1178
53,618
82,613
111,365
97,463
110,398
108,441
46,1005
116,205
105,568
101,639
53,771
82,960
111,305
97,430
110,364
108,579
46,558
116,484
105,378
101,1216
53,790
82,445
111,599
97,439
110,659
108,417
46,408
116,332
105,389
101,450
53,615
82,896
111,392
97,472
110,694
108,541
46,471
116,235
105,331
101,565
53,727
82,552
111,446
97,426
110,477
108,460
46,418
116,218
105,473
101,1018
53,1005
82,1531
111,493
97,542
110,313
108,372
46,375
116,267
105,390
101,811
53,634
82,539
111,572
97,364
110,406
108,360
46,726
116,370
105,337
101,807
53,815
82,548
111,317
97,525
110,468
108,398
46,346
116,283
105,331
101,895
53,666
82,538
111,391
97,566
110,441
108,593
46,640
116,320
105,349
101,1182
53,1221
82,521
111,346
97,388
110,414
108,361
46,328
116,470
105,660
101,916
53,654
82,424
111,459
97,397
110,419
108,344
46,472
116,203
105,778
101,993
53,616
82,516
111,749
97,404
110,354
108,489
46,357
116,337
105,410
101,871
53,615
82,731
111,400
97,444
110,499
108,376
46,443
116,302
105,320
101,926
53,594
82,415
111,577
97,551
110,468
108,385
46,323
116,287
105,588
101,1028
53,608
82,593
111,523
97,453
110,322
108,386
46,362
116,324
105,430
101,807
53,691
82,439
111,287
97,417
110,406
108,413
46,409
116,310
105,399
101,878
53,570
82,493
111,415
97,471
110,380
108,645
46,561
116,302
105,1218
101,848
53,611
82,458
111,365
97,583
110,597
108,299
46,821
116,276
105,270
101,668
53,667
82,515
111,365
97,434
110,545
108,460
46,304
116,478
105,468
101,846
53,630
82,405
111,344
97,478
110,433
108,402
46,361
116,298
105,284
101,960
53,588
82,460
111,356
97,467
110,465
108,637
46,547
116,287
105,289
101,1622
53,791
82,379
111,377
97,425
110,422
108,358
46,364
116,306
105,327
101,841
53,590
82,367
111,360
97,406
110,485
108,352
46,473
116,237
105,383
101,715
53,607
82,419
111,296
97,402
110,436
108,348
46,573
116,225
105,300
101,1098
53,700
82,397
111,984
97,436
110,423
108,370
46,407
116,547
105,726
101,482
53,597
82,403
111,438
97,660
110,602
108,353
46,872
116,298
105,375
101,643
53,533
82,428
111,356
97,458
110,463
108,396
46,396
116,287
105,816
101,909
53,610
82,322
111,462
97,398
110,418
108,371
46,818
116,233
105,371
101,502
53,626
82,385
111,346
97,404
110,458
108,607
46,414
116,388
105,447
101,951
53,594
82,435
111,334
97,1126
110,558
108,918
46,491
116,339
105,397
101,399
53,634
82,477
111,439
97,1087
110,380
108,400
46,507
116,269
105,275
101,851
53,859
82,270
111,360
97,448
110,572
108,695
46,727
116,219
105,347
101,562
53,890
82,431
111,439
97,603
110,322
108,397
46,549
116,214
105,565
101,926
53,955
82,347
111,303
97,436
110,397
108,414
46,1049
116,258
105,636
101,682
53,729
82,419
111,411
97,454
110,657
108,510
46,442
116,279
105,348
101,415
53,642
82,347
111,357
97,604
110,849
108,485
46,412
116,263
105,405
101,764
53,555
82,537
111,374
97,804
110,1784
108,740
46,1000
116,1292
105,453
101,751
53,551
82,403
111,369
97,398
110,456
108,919
46,452
116,292
105,333
101,852
53,729
82,391
111,359
97,398
110,406
108,405
46,1024
116,426
105,752
101,468
53,667
82,390
111,460
97,615
110,432
108,637
46,481
116,302
105,525
101,544
53,644
82,423
111,453
97,561
110,518
108,505
46,1224
116,262
105,324
101,512
53,597
82,478
111,491
97,366
110,421
108,553
46,743
116,249
105,385
101,434
53,591
82,456
111,312
97,381
110,426
108,549
46,459
116,350
105,365
101,723
53,635
82,401
111,346
97,445
110,643
108,644
46,1433
116,418
105,619
101,2224
53,840
82,548
111,439
97,549
110,448
108,507
46,429
116,264
105,661
101,941
53,581
82,328
111,341
97,424
110,387
108,411
46,414
116,307
105,374
101,448
53,597
82,409
111,422
97,585
110,499
108,690
46,423
116,301
105,312
101,482
53,680
82,409
111,369
97,391
110,606
108,535
46,499
116,197
105,312
101,927
53,597
82,527
111,398
97,1405
110,1319
108,389
46,497
116,246
105,384
101,401
53,574
82,407
111,315
97,392
110,411
108,466
46,409
116,241
105,371
101,406
53,592
82,411
111,315
97,318
110,512
108,1373
46,441
116,228
105,445
101,896
53,652
82,379
111,363
97,392
110,466
108,521
46,458
116,311
105,756
101,716
53,565
82,483
111,438
97,413
110,445
108,428
46,576
116,465
105,411
101,907
53,613
82,487
111,404
97,473
110,933
108,359
46,345
116,335
105,342
101,778
53,649
82,376
111,351
97,348
110,399
108,356
46,325
116,373
105,330
101,778
53,668
82,610
111,445
97,366
110,405
108,440
46,343
116,344
105,311
101,755
53,693
82,407
111,351
97,375
110,1314
108,413
46,336
116,505
105,377
101,724
53,604
82,445
111,377
97,390
110,364
108,447
46,367
116,289
105,381
101,854
53,1011
82,407
111,356
97,363
110,357
108,384
46,281
116,303
105,355
101,733
53,578
82,346
111,334
97,326
110,334
108,446
46,460
116,279
105,323
101,830
53,627
82,489
111,466
97,294
110,615
108,443
46,419
116,327
105,354
101,787
53,682
82,580
111,508
97,424
110,385
108,1203
46,512
116,291
105,247
101,762
53,627
82,350
111,370
97,372
110,387
108,433
46,377
116,308
105,603
101,784
53,577
82,363
111,336
97,361
110,944
108,481
46,317
116,320
105,330
101,788
53,690
82,409
111,326
97,364
110,402
108,423
46,381
116,306
105,466
101,690
53,636
82,413
111,347
97,293
110,402
108,396
46,354
116,372
105,310
101,901
53,607
82,427
111,440
97,360
110,380
108,469
46,370
116,563
105,582
101,806
53,721
82,407
111,381
97,399
110,478
108,390
46,470
116,276
105,488
101,683
53,600
82,348
111,387
97,344
110,389
108,378
46,375
116,259
105,354
101,983
53,547
82,347
111,353
97,326
110,354
108,411
46,400
116,291
105,325
101,838
53,582
82,404
111,318
97,371
110,352
108,390
46,386
116,269
105,351
101,818
53,616
82,353
111,444
97,473
110,470
108,496
46,1341
116,266
105,1200
101,991
53,790
82,470
111,427
97,415
110,931
108,594
46,388
116,294
105,332
101,1016
53,573
82,372
111,850
97,376
110,396
108,354
46,344
116,284
105,341
101,747
53,738
82,555
111,341
97,395
110,350
108,443
46,357
116,379
105,419
101,842
53,846
82,436
111,619
97,472
110,455
108,390
46,995
116,323
105,421
101,841
53,984
82,459
111,347
97,398
110,399
108,480
46,428
116,309
105,384
101,913
53,640
82,384
111,763
97,485
110,474
108,386
46,547
116,353
105,379
101,1044
53,622
82,615
111,360
97,489
110,349
108,394
46,397
116,372
105,372
101,897
53,563
82,414
111,361
97,338
110,346
108,438
46,402
116,306
105,343
101,799
53,681
82,406
111,342
97,350
110,334
108,426
46,1122
116,272
105,418
101,700
53,674
82,464
111,390
97,419
110,373
108,476
46,567
116,285
105,351
101,869
53,1041
82,873
111,394
97,365
110,493
108,657
46,410
116,297
105,317
101,743
53,628
82,701
111,355
97,401
110,415
108,406
46,422
116,256
105,313
101,1008
53,640
82,486
111,309
97,346
110,1316
108,448
46,634
116,284
105,376
101,530
53,715
82,471
111,420
97,423
110,475
108,590
46,504
116,218
105,585
101,823
53,583
82,439
111,348
97,344
110,403
108,429
46,1130
116,263
105,377
101,463
53,676
82,412
111,329
97,439
110,505
108,436
46,480
116,206
105,439
101,745
53,710
82,504
111,321
97,472
110,410
108,419
46,451
116,271
105,435
101,731
53,636
82,465
111,487
97,444
110,384
108,476
46,372
116,270
105,338
101,751
53,668
82,498
111,678
97,407
110,436
108,482
46,437
116,299
105,478
101,747
53,623
82,372
111,370
97,397
110,368
108,464
46,398
116,352
105,317
101,857
53,971
82,426
111,424
97,469
110,306
108,450
46,669
116,310
105,379
101,816
53,569
82,377
111,437
97,456
110,372
108,443
46,396
116,579
105,339
101,1037
53,731
82,705
111,563
97,1052
110,396
108,469
46,413
116,287
105,354
101,890
53,1099
82,524
111,430
97,942
110,347
108,735
46,367
116,281
105,493
101,1177
53,882
82,1133
111,360
97,489
110,793
108,468
46,568
116,524
105,412
101,816
53,625
82,803
111,391
97,585
110,577
108,1243
46,896
116,256
105,335
101,817
53,626
82,1730
111,552
97,637
110,1244
108,544
46,413
116,262
105,354
101,780
53,714
82,562
111,392
97,431
110,508
108,496
46,633
116,265
105,348
101,870
53,778
82,425
111,393
97,427
110,835
108,435
46,387
116,298
105,391
101,822
53,620
82,745
111,662
97,388
110,403
108,528
46,382
116,301
105,401
101,1215
53,756
82,550
111,462
97,434
110,761
108,451
46,334
116,300
105,344
101,839
53,638
82,648
111,428
97,424
110,476
108,468
46,373
116,317
105,370
101,688
53,576
82,445
111,409
97,398
110,588
108,387
46,356
116,332
105,342
101,829
53,619
82,459
111,359
97,373
110,442
108,934
46,398
116,298
105,341
101,1070
53,619
82,472
111,412
97,598
110,627
108,395
46,435
116,282
105,362
101,724
53,598
82,520
111,326
97,417
110,410
108,504
46,360
116,327
105,352
101,1006
53,634
82,439
111,378
97,447
110,494
108,487
46,478
116,306
105,332
101,1177
53,580
82,498
111,340
97,423
110,379
108,428
46,820
116,304
105,330
101,1003
53,676
82,1056
111,388
97,442
110,834
108,446
46,361
116,348
105,351
101,774
53,585
82,478
111,328
97,435
110,341
108,987
46,2561
116,307
105,418
101,454
53,724
82,509
111,421
97,414
110,676
108,478
46,354
116,329
105,590
101,860
53,715
82,582
111,544
97,386
110,800
108,482
46,343
116,303
105,333
101,801
53,699
82,426
111,357
97,447
110,440
108,1114
46,373
116,301
105,311
101,966
53,613
82,494
111,410
97,626
110,631
108,541
46,403
116,323
105,326
101,1109
53,641
82,1054
111,364
97,627
110,505
108,752
46,423
116,423
105,379
101,782
53,582
82,527
111,323
97,392
110,419
108,734
46,383
116,383
105,608
101,1079
53,770
82,523
111,324
97,452
110,452
108,490
46,715
116,291
105,343
101,841
53,789
82,613
111,418
97,402
110,500
108,444
46,443
116,311
105,418
101,752
53,672
82,688
111,458
97,373
110,667
108,662
46,517
116,350
105,379
101,692
53,579
82,445
111,444
97,488
110,439
108,442
46,518
116,335
105,546
101,894
53,870
82,503
111,412
97,436
110,434
108,429
46,638
116,427
105,310
101,902
53,708
82,732
111,351
97,402
110,569
108,456
46,406
116,308
105,324
101,729
53,591
82,465
111,334
97,431
110,378
108,447
46,453
116,323
105,302
101,732
53,828
82,1234
111,513
97,445
110,343
108,418
46,428
116,303
105,291
101,949
53,604
82,488
111,330
97,414
110,607
108,598
46,415
116,320
105,330
101,755
53,602
82,412
111,330
97,414
110,428
108,545
46,425
116,308
105,307
101,828
53,599
82,444
111,361
97,403
110,503
108,465
46,357
116,307
105,286
101,699
53,612
82,402
111,363
97,399
110,428
108,485
46,410
116,322
105,337
101,778
53,610
82,333
111,313
97,380
110,595
108,511
46,442
116,296
105,329
101,891
53,655
82,544
111,326
97,473
110,417
108,528
46,298
116,307
105,362
101,762
53,564
82,570
111,350
97,400
110,470
108,414
46,393
116,290
105,336
101,1441
53,833
82,498
111,333
97,419
110,469
108,472
46,534
116,305
105,343
101,874
53,662
82,584
111,332
97,419
110,456
108,468
46,862
116,328
105,635
101,894
53,627
82,592
111,380
97,446
110,444
108,501
46,459
116,343
105,345
101,900
53,706
82,800
111,1365
97,458
110,1005
108,826
46,670
116,360
105,395
101,867
53,1093
82,587
111,334
97,436
110,509
108,499
46,379
116,441
105,313
101,732
53,613
82,579
111,351
97,386
110,400
108,522
46,410
116,346
105,309
101,993
53,910
82,1578
111,523
97,992
110,435
108,903
46,547
116,314
105,299
101,1384
53,685
82,1259
111,500
97,461
110,795
108,488
46,828
116,367
105,390
101,558
53,948
82,799
111,663
97,468
110,489
108,665
46,899
116,381
105,423
101,545
53,909
82,839
111,426
97,461
110,459
108,498
46,841
116,343
105,575
101,515
53,938
82,1587
111,464
97,449
110,417
108,513
46,573
116,313
105,485
101,530
53,802
82,1141
111,384
97,476
110,753
108,530
46,880
116,312
105,403
101,700
53,798
82,436
111,472
97,792
110,434
108,379
46,461
116,246
105,579
101,441
53,791
82,613
111,373
97,1136
110,397
108,407
46,453
116,270
105,430
101,435
53,830
82,458
111,364
97,533
110,654
108,703
46,533
116,306
105,366
101,451
53,719
82,417
111,333
97,338
110,379
108,778
46,795
116,213
105,1225
101,521
53,964
82,454
111,769
97,558
110,576
108,721
46,514
116,255
105,351
101,436
53,624
82,513
111,425
97,383
110,749
108,662
46,595
116,329
105,333
101,962
53,788
82,560
111,344
97,418
110,1655
108,404
46,507
116,272
105,383
101,406
53,661
82,486
111,381
97,417
110,672
108,680
46,528
116,315
105,295
101,404
53,815
82,2354
111,334
97,284
110,582
108,420
46,904
116,299
105,388
101,447
53,716
82,447
111,284
97,342
110,515
108,717
46,1123
116,271
105,382
101,444
53,600
82,625
111,474
97,589
110,881
108,510
46,711
116,419
105,389
101,407
53,613
82,636
111,367
97,422
110,750
108,805
46,534
116,347
105,563
101,1754
53,644
82,609
111,375
97,399
110,568
108,1069
46,718
116,225
105,412
101,1101
53,761
82,559
111,412
97,474
110,508
108,437
46,565
116,269
105,389
101,514
53,759
82,1024
111,253
97,440
110,359
108,415
46,499
116,275
105,281
101,355
53,587
82,480
111,360
97,430
110,396
108,430
46,549
116,353
105,320
101,397
53,633
82,381
111,327
97,626
110,1111
108,900
46,377
116,264
105,386
101,369
53,648
82,416
111,311
97,371
110,442
108,1080
46,587
116,260
105,336
101,396
53,616
82,461
111,334
97,478
110,738
108,688
46,519
116,414
105,330
101,353
53,581
82,586
111,380
97,411
110,437
108,660
46,920
116,273
105,376
101,423
53,590
82,384
111,320
97,358
110,371
108,669
46,436
116,290
105,352
101,401
53,580
82,331
111,336
97,365
110,390
108,546
46,409
116,280
105,1127
101,765
53,901
82,403
111,364
97,358
110,391
108,434
46,821
116,246
105,313
101,389
53,703
82,1124
111,504
97,405
110,377
108,437
46,456
116,306
105,302
101,397
53,644
82,669
111,613
97,784
110,895
108,374
46,508
116,317
105,267
101,412
53,612
82,401
111,323
97,366
110,456
108,782
46,394
116,315
105,280
101,359
53,613
82,412
111,396
97,379
110,708
108,796
46,499
116,334
105,407
101,696
53,653
82,344
111,325
97,372
110,381
108,701
46,424
116,353
105,307
101,368
53,826
82,418
111,348
97,426
110,407
108,731
46,480
116,327
105,297
101,354
53,652
82,496
111,509
97,409
110,476
108,661
46,384
116,351
105,261
101,433
53,678
82,541
111,400
97,339
110,390
108,692
46,560
116,350
105,369
101,1074
53,2796
82,444
111,352
97,584
110,1418
108,353
46,393
116,282
105,369
101,395
53,635
82,325
111,332
97,411
110,984
108,359
46,365
116,241
105,348
101,741
53,770
82,447
111,331
97,346
110,458
108,638
46,433
116,336
105,299
101,371
53,585
82,378
111,534
97,518
110,602
108,425
46,383
116,390
105,371
101,382
53,623
82,397
111,405
97,305
110,488
108,1117
46,695
116,258
105,280
101,415
53,650
82,434
111,508
97,1170
110,1398
108,587
46,470
116,346
105,265
101,419
53,588
82,1119
111,475
97,411
110,462
108,424
46,529
116,273
105,339
101,673
53,629
82,507
111,398
97,395
110,342
108,555
46,412
116,323
105,367
101,456
53,747
82,444
111,502
97,480
110,783
108,768
46,480
116,257
105,317
101,734
53,668
82,380
111,380
97,337
110,625
108,524
46,811
116,354
105,381
101,457
53,600
82,520
111,386
97,807
110,594
108,419
46,540
116,339
105,299
101,684
53,746
82,781
111,348
97,405
110,445
108,404
46,575
116,311
105,380
101,412
53,1050
82,1054
111,505
97,542
110,463
108,377
46,403
116,306
105,300
101,400
53,592
82,403
111,355
97,720
110,599
108,381
46,431
116,277
105,366
101,367
53,744
82,420
111,428
97,434
110,443
108,433
46,1177
116,327
105,332
101,1259
53,688
82,632
111,416
97,408
110,534
108,404
46,435
116,312
105,315
101,379
53,551
82,428
111,358
97,418
110,595
108,596
46,673
116,252
105,358
101,386
53,568
82,412
111,374
97,376
110,456
108,734
46,615
116,280
105,557
101,500
53,729
82,432
111,481
97,388
110,492
108,497
46,511
116,260
105,354
101,738
53,607
82,407
111,342
97,249
110,411
108,742
46,1543
116,272
105,454
101,472
53,634
82,400
111,333
97,342
110,428
108,422
46,420
116,255
105,340
101,827
53,663
82,386
111,394
97,277
110,409
108,475
46,357
116,263
105,340
101,708
53,613
82,399
111,816
97,487
110,560
108,438
46,376
116,283
105,329
101,745
53,653
82,946
111,400
97,446
110,446
108,498
46,463
116,315
105,377
101,486
53,584
82,373
111,1509
97,1179
110,953
108,395
46,474
116,273
105,323
101,762
53,636
82,421
111,322
97,386
110,404
108,423
46,384
116,249
105,270
101,929
53,589
82,402
111,293
97,399
110,923
108,389
46,411
116,279
105,303
101,750
53,564
82,507
111,455
97,436
110,444
108,401
46,408
116,285
105,311
101,733
53,614
82,396
111,309
97,363
110,449
108,659
46,376
116,298
105,269
101,639
53,525
82,379
111,312
97,548
110,999
108,450
46,452
116,284
105,336
101,436
53,1424
82,546
111,476
97,417
110,731
108,408
46,433
116,298
105,318
101,718
53,563
82,372
111,346
97,363
110,430
108,377
46,360
116,328
105,258
101,777
53,648
82,440
111,368
97,339
110,378
108,413
46,584
116,282
105,239
101,733
53,594
82,508
111,437
97,430
110,407
108,720
46,487
116,488
105,387
101,769
53,711
82,393
111,356
97,314
110,441
108,497
46,632
116,275
105,316
101,910
53,616
82,424
111,317
97,352
110,425
108,414
46,421
116,292
105,533
101,833
53,625
82,590
111,341
97,381
110,434
108,348
46,388
116,274
105,297
101,701
53,658
82,1118
111,391
97,429
110,687
108,406
46,780
116,263
105,335
101,869
53,589
82,457
111,325
97,423
110,475
108,799
46,467
116,472
105,452
101,691
53,721
82,421
111,321
97,284
110,653
108,521
46,350
116,279
105,314
101,789
53,558
82,440
111,342
97,328
110,483
108,521
46,456
116,298
105,304
101,816
53,668
82,502
111,336
97,357
110,356
108,424
46,386
116,311
105,242
101,657
53,567
82,461
111,681
97,446
110,540
108,463
46,344
116,301
105,306
101,839
53,554
82,457
111,339
97,413
110,413
108,446
46,367
116,293
105,280
101,817
53,576
82,688
111,408
97,467
110,420
108,426
46,403
116,304
105,299
101,669
53,585
82,434
111,354
97,343
110,588
108,665
46,386
116,332
105,287
101,648
53,580
82,444
111,683
97,390
110,386
108,483
46,399
116,275
105,267
101,650
53,553
82,468
111,367
97,400
110,384
108,550
46,442
116,271
105,458
101,1219
53,581
82,424
111,389
97,382
110,378
108,912
46,451
116,332
105,315
101,418
53,680
82,434
111,298
97,416
110,398
108,676
46,335
116,328
105,317
101,753
53,595
82,374
111,321
97,369
110,531
108,685
46,331
116,310
105,325
101,729
53,522
82,424
111,389
97,367
110,436
108,554
46,439
116,562
105,347
101,757
53,593
82,384
111,336
97,450
110,812
108,455
46,436
116,483
105,301
101,910
53,614
82,458
111,348
97,359
110,434
108,1085
46,340
116,327
105,316
101,601
53,586
82,486
111,400
97,408
110,488
108,393
46,344
116,319
105,312
101,656
53,548
82,437
111,310
97,379
110,435
108,604
46,444
116,365
105,332
101,621
53,692
82,471
111,366
97,521
110,410
108,977
46,423
116,288
105,372
101,398
53,525
82,454
111,353
97,408
110,438
108,459
46,347
116,400
105,376
101,721
53,562
82,428
111,335
97,403
110,546
108,485
46,373
116,336
105,322
101,640
53,565
82,615
111,351
97,679
110,528
108,467
46,848
116,300
105,372
101,459
53,987
82,1016
111,337
97,407
110,431
108,530
46,328
116,335
105,335
101,628
53,587
82,1471
111,518
97,492
110,878
108,505
46,382
116,320
105,322
101,663
53,698
82,1050
111,660
97,491
110,559
108,468
46,782
116,372
105,582
101,450
53,1030
82,550
111,362
97,423
110,389
108,444
46,392
116,303
105,323
101,711
53,607
82,855
111,379
97,461
110,417
108,858
46,416
116,622
105,732
101,498
53,531
82,616
111,329
97,398
110,442
108,569
46,500
116,348
105,281
101,821
53,604
82,441
111,493
97,399
110,474
108,447
46,446
116,335
105,554
101,396
53,543
82,473
111,333
97,463
110,909
108,562
46,583
116,312
105,647
101,452
53,622
82,563
111,355
97,473
110,369
108,421
46,372
116,237
105,296
101,645
53,578
82,406
111,404
97,380
110,408
108,448
46,528
116,183
105,655
101,676
53,620
82,611
111,415
97,314
110,392
108,436
46,682
116,238
105,387
101,437
53,627
82,491
111,370
97,346
110,623
108,354
46,367
116,325
105,1115
101,657
53,598
82,463
111,372
97,270
110,471
108,708
46,425
116,314
105,496
101,670
53,601
82,579
111,403
97,320
110,391
108,434
46,413
116,313
105,256
101,642
53,525
82,428
111,392
97,277
110,405
108,569
46,336
116,541
105,766
101,445
53,674
82,431
111,412
97,373
110,348
108,413
46,367
116,274
105,858
101,647
53,557
82,449
111,398
97,317
110,375
108,514
46,344
116,393
105,393
101,622
53,735
82,510
111,338
97,348
110,410
108,921
46,336
116,368
105,280
101,1030
53,649
82,445
111,349
97,324
110,770
108,859
46,306
116,358
105,326
101,584
53,629
82,404
111,337
97,336
110,391
108,556
46,591
116,253
105,318
101,476
53,988
82,423
111,352
97,272
110,400
108,424
46,359
116,333
105,1427
101,895
53,491
82,451
111,404
97,562
110,799
108,806
46,409
116,307
105,334
101,609
53,570
82,401
111,378
97,289
110,349
108,573
46,377
116,542
105,394
101,557
53,772
82,389
111,352
97,305
110,1211
108,530
46,520
116,432
105,389
101,554
53,597
82,617
111,460
97,453
110,439
108,446
46,424
116,305
105,887
101,787
53,612
82,436
111,409
97,333
110,423
108,475
46,690
116,488
105,357
101,522
53,676
82,531
111,375
97,345
110,356
108,488
46,441
116,359
105,319
101,444
53,584
82,411
111,374
97,373
110,1080
108,481
46,418
116,300
105,321
101,436
53,689
82,517
111,317
97,458
110,523
108,518
46,376
116,346
105,538
101,359
53,600
82,433
111,370
97,397
110,443
108,712
46,778
116,346
105,364
101,449
53,562
82,477
111,418
97,337
110,528
108,623
46,467
116,383
105,320
101,948
53,702
82,468
111,352
97,365
110,348
108,555
46,796
116,272
105,365
101,387
53,616
82,492
111,375
97,369
110,400
108,507
46,363
116,371
105,336
101,554
53,709
82,424
111,377
97,444
110,435
108,481
46,452
116,323
105,352
101,484
53,650
82,447
111,354
97,354
110,574
108,519
46,455
116,305
105,1015
101,545
53,687
82,475
111,337
97,387
110,400
108,1027
46,358
116,312
105,361
101,564
53,737
82,404
111,378
97,319
110,410
108,440
46,374
116,313
105,327
101,564
53,783
82,484
111,408
97,365
110,435
108,547
46,530
116,283
105,357
101,627
53,587
82,391
111,325
97,370
110,455
108,475
46,388
116,378
105,362
101,578
53,631
82,387
111,363
97,298
110,538
108,569
46,430
116,307
105,383
101,410
53,581
82,374
111,381
97,341
110,417
108,708
46,622
116,277
105,584
101,578
53,590
82,415
111,327
97,321
110,378
108,532
46,459
116,261
105,385
101,1430
53,578
82,765
111,498
97,455
110,392
108,441
46,1433
116,316
105,735
101,919
53,590
82,404
111,407
97,339
110,367
108,1199
46,910
116,392
105,375
101,501
53,679
82,436
111,596
97,446
110,383
108,520
46,636
116,398
105,391
101,694
53,623
82,1125
111,441
97,499
110,487
108,553
46,472
116,286
105,348
101,710
53,624
82,567
111,352
97,415
110,340
108,723
46,534
116,348
105,359
101,606
53,792
82,462
111,414
97,312
110,591
108,727
46,437
116,308
105,335
101,772
53,690
82,470
111,428
97,410
110,383
108,462
46,493
116,329
105,356
101,529
53,598
82,502
111,433
97,474
110,369
108,1298
46,417
116,315
105,530
101,447
53,512
82,428
111,416
97,337
110,509
108,511
46,701
116,357
105,559
101,498
53,669
82,436
111,374
97,399
110,431
108,556
46,456
116,334
105,608
101,621
53,757
82,481
111,419
97,405
110,358
108,502
46,557
116,309
105,407
101,457
53,519
82,450
111,341
97,439
110,394
108,456
46,599
116,335
105,361
101,635
53,688
82,449
111,355
97,321
110,458
108,540
46,838
116,256
105,362
101,1053
53,570
82,434
111,334
97,349
110,410
108,415
46,645
116,309
105,339
101,519
53,647
82,432
111,350
97,365
110,471
108,448
46,346
116,338
105,376
101,499
53,542
82,420
111,369
97,333
110,446
108,394
46,398
116,254
105,551
101,746
53,702
82,482
111,394
97,724
110,889
108,536
46,493
116,230
105,579
101,911
53,594
82,454
111,528
97,501
110,302
108,505
46,854
116,270
105,351
101,470
53,646
82,457
111,333
97,538
110,412
108,532
46,693
116,312
105,378
101,469
53,632
82,513
111,294
97,408
110,460
108,833
46,337
116,283
105,308
101,723
53,510
82,663
111,479
97,412
110,408
108,507
46,1039
116,925
105,325
101,805
53,588
82,1030
111,310
97,447
110,429
108,846
46,919
116,275
105,348
101,723
53,646
82,444
111,510
97,380
110,417
108,562
46,777
116,255
105,297
101,407
53,624
82,507
111,414
97,385
110,375
108,477
46,606
116,311
105,291
101,525
53,579
82,563
111,396
97,356
110,375
108,462
46,378
116,332
105,311
101,542
53,820
82,401
111,364
97,291
110,336
108,528
46,430
116,307
105,289
101,1252
53,628
82,450
111,539
97,356
110,364
108,453
46,380
116,306
105,298
101,470
53,623
82,455
111,348
97,349
110,353
108,720
46,409
116,327
105,312
101,1012
53,693
82,434
111,342
97,307
110,364
108,605
46,465
116,289
105,290
101,520
53,628
82,441
111,298
97,388
110,764
108,471
46,349
116,295
105,325
101,425
53,542
82,505
111,374
97,378
110,347
108,485
46,662
116,458
105,392
101,946
53,647
82,1494
111,566
97,447
110,466
108,462
46,561
116,203
105,488
101,502
53,573
82,406
111,359
97,383
110,335
108,446
46,526
116,126
105,858
101,436
53,667
82,387
111,354
97,558
110,577
108,627
46,712
116,448
105,369
101,440
53,596
82,564
111,348
97,393
110,307
108,460
46,401
116,318
105,276
101,374
53,560
82,395
111,331
97,402
110,292
108,473
46,455
116,504
105,412
101,442
53,609
82,1356
111,500
97,427
110,350
108,489
46,455
116,334
105,364
101,470
53,614
82,399
111,361
97,579
110,545
108,476
46,355
116,361
105,375
101,359
53,567
82,426
111,318
97,386
110,374
108,374
46,357
116,335
105,294
101,387
53,575
82,443
111,382
97,451
110,378
108,901
46,392
116,302
105,361
101,348
53,574
82,395
111,378
97,384
110,370
108,464
46,591
116,551
105,657
101,505
53,515
82,397
111,414
97,342
110,640
108,420
46,414
116,293
105,368
101,472
53,611
82,420
111,379
97,385
110,341
108,396
46,389
116,312
105,354
101,377
53,577
82,421
111,448
97,407
110,601
108,484
46,376
116,314
105,358
101,415
53,609
82,453
111,424
97,333
110,448
108,406
46,373
116,345
105,398
101,405
53,605
82,437
111,362
97,322
110,343
108,634
46,411
116,303
105,301
101,403
53,572
82,338
111,328
97,493
110,459
108,599
46,391
116,302
105,346
101,1748
53,638
82,422
111,367
97,387
110,417
108,442
46,383
116,350
105,436
101,801
53,569
82,411
111,411
97,334
110,356
108,485
46,558
116,299
105,426
101,419
53,624
82,410
111,352
97,347
110,425
108,974
46,388
116,342
105,306
101,460
53,567
82,499
111,376
97,399
110,445
108,555
46,388
116,327
105,574
101,591
53,889
82,483
111,353
97,430
110,463
108,546
46,551
116,451
105,512
101,810
53,826
82,498
111,344
97,408
110,354
108,419
46,881
116,304
105,364
101,459
53,1111
82,488
111,314
97,400
110,432
108,424
46,438
116,347
105,334
101,431
53,604
82,432
111,357
97,414
110,381
108,450
46,419
116,361
105,355
101,498
53,587
82,432
111,359
97,591
110,441
108,1167
46,403
116,336
105,349
101,886
53,594
82,897
111,663
97,601
110,979
108,416
46,455
116,316
105,321
101,1265
53,642
82,459
111,280
97,387
110,384
108,547
46,426
116,291
105,352
101,482
53,627
82,663
111,288
97,598
110,475
108,472
46,396
116,282
105,330
101,506
53,652
82,388
111,340
97,378
110,377
108,429
46,408
116,353
105,283
101,443
53,601
82,442
111,358
97,386
110,333
108,477
46,490
116,326
105,368
101,725
53,558
82,453
111,404
97,452
110,354
108,443
46,460
116,343
105,311
101,456
53,575
82,725
111,296
97,398
110,445
108,381
46,389
116,353
105,288
101,576
53,627
82,452
111,332
97,344
110,350
108,483
46,518
116,366
105,417
101,915
53,610
82,656
111,386
97,417
110,462
108,398
46,873
116,298
105,990
101,809
53,581
82,677
111,546
97,411
110,351
108,1479
