46,207
116,154
105,200
101,941
53,663
82,317
111,183
97,199
110,435
108,1059
46,259
116,142
105,221
101,730
53,645
82,449
111,265
97,242
110,384
108,461
46,523
116,150
105,162
101,792
53,572
82,301
111,222
97,513
110,435
108,1007
46,332
116,170
105,170
101,795
53,701
82,330
111,177
97,228
110,337
108,1106
46,296
116,145
105,222
101,741
53,725
82,446
111,207
97,224
110,446
108,470
46,270
116,154
105,179
101,685
53,573
82,251
111,181
97,214
110,380
108,388
46,215
116,192
105,162
101,743
53,921
82,721
111,212
97,215
110,322
108,372
46,223
116,206
105,168
101,1004
53,862
82,442
111,162
97,242
110,282
108,359
46,285
116,159
105,194
101,1028
53,792
82,202
111,213
97,174
110,373
108,931
46,666
116,168
105,178
101,854
53,482
82,157
111,189
97,169
110,303
108,376
46,380
116,175
105,208
101,814
53,516
82,370
111,168
97,225
110,944
108,510
46,501
116,194
105,181
101,666
53,1078
82,271
111,199
97,222
110,303
108,706
46,306
116,205
105,177
101,1077
53,600
82,221
111,203
97,223
110,333
108,368
46,233
116,203
105,128
101,658
53,573
82,258
111,206
97,213
110,288
108,1653
46,287
116,177
105,155
101,864
53,652
82,226
111,149
97,212
110,292
108,318
46,236
116,194
105,136
101,885
53,584
82,206
111,171
97,219
110,230
108,316
46,229
116,194
105,129
101,728
53,582
82,181
111,155
97,190
110,216
108,301
46,255
116,176
105,144
101,627
53,518
82,196
111,132
97,181
110,218
108,277
46,227
116,169
105,146
101,680
53,513
82,195
111,121
97,180
110,237
108,324
46,296
116,160
105,177
101,716
53,537
82,111
111,174
97,183
110,220
108,250
46,268
116,182
105,164
101,692
53,471
82,127
111,153
97,170
110,233
108,264
46,299
116,169
105,166
101,662
53,534
82,229
111,182
97,229
110,243
108,325
46,252
116,179
105,138
101,547
53,446
82,161
111,164
97,176
110,213
108,288
46,275
116,170
105,136
101,507
53,707
82,225
111,175
97,177
110,269
108,268
46,274
116,176
105,122
101,602
53,472
82,249
111,152
97,195
110,220
108,300
46,236
116,194
105,125
101,774
53,644
82,276
111,215
97,226
110,260
108,315
46,278
116,140
105,183
101,524
53,523
82,180
111,124
97,204
110,213
108,679
46,263
116,170
105,138
101,606
53,466
82,218
111,154
97,192
110,231
108,265
46,280
116,177
105,120
101,784
53,520
82,234
111,121
97,203
110,189
108,337
46,350
116,158
105,161
101,715
53,480
82,217
111,105
97,226
110,261
108,497
46,256
116,161
105,131
101,517
53,539
82,187
111,100
97,187
110,277
108,306
46,243
116,173
105,137
101,601
53,725
82,190
111,163
97,152
110,222
108,290
46,307
116,171
105,204
101,653
53,797
82,207
111,165
97,182
110,232
108,299
46,243
116,172
105,128
101,616
53,443
82,168
111,144
97,163
110,243
108,278
46,254
116,180
105,595
101,944
53,536
82,202
111,130
97,190
110,270
108,346
46,330
116,160
105,189
101,682
53,581
82,215
111,159
97,213
110,251
108,339
46,243
116,180
105,155
101,619
53,622
82,233
111,185
97,216
110,303
108,361
46,219
116,194
105,155
101,564
53,556
82,270
111,168
97,218
110,259
108,350
46,351
116,194
105,163
101,786
53,590
82,255
111,174
97,174
110,260
108,574
46,1247
116,1108
105,555
101,616
53,721
82,381
111,176
97,183
110,287
108,1170
46,391
116,812
105,246
101,560
53,1189
82,481
111,206
97,209
110,851
108,385
46,288
116,182
105,147
101,652
53,512
82,231
111,217
97,216
110,281
108,395
46,736
116,164
105,215
101,1057
53,517
82,229
111,263
97,252
110,623
108,665
46,287
116,169
105,182
101,587
53,607
82,168
111,212
97,152
110,267
108,595
46,326
116,182
105,185
101,919
53,487
82,200
111,198
97,167
110,245
108,444
46,1157
116,189
105,256
101,1203
53,1167
82,305
111,206
97,153
110,255
108,337
46,283
116,169
105,151
101,581
53,556
82,142
111,196
97,208
110,279
108,351
46,460
116,193
105,163
101,706
53,571
82,180
111,214
97,203
110,229
108,673
46,257
116,179
105,157
101,896
53,544
82,490
111,214
97,207
110,297
108,352
46,292
116,167
105,167
101,821
53,528
82,215
111,157
97,704
110,318
108,236
46,920
116,201
105,166
101,1244
53,1217
82,628
111,210
97,202
110,273
108,589
46,332
116,157
105,212
101,719
53,601
82,184
111,207
97,201
110,269
108,491
46,299
116,168
105,198
101,727
53,518
82,291
111,185
97,196
110,252
108,317
46,354
116,173
105,165
101,634
53,532
82,227
111,139
97,216
110,205
108,762
46,295
116,143
105,169
101,579
53,499
82,215
111,172
97,205
110,753
108,427
46,222
116,180
105,145
101,560
53,495
82,263
111,172
97,157
110,278
108,298
46,260
116,157
105,176
101,605
53,685
82,207
111,178
97,169
110,238
108,293
46,294
116,182
105,166
101,844
53,384
82,232
111,134
97,264
110,569
108,345
46,256
116,159
105,137
101,526
53,479
82,267
111,259
97,533
110,353
108,303
46,203
116,192
105,130
101,716
53,495
82,229
111,165
97,212
110,234
108,300
46,270
116,182
105,156
101,508
53,514
82,302
111,188
97,180
110,255
108,312
46,215
116,209
105,159
101,614
53,502
82,216
111,178
97,180
110,255
108,314
46,308
116,160
105,138
101,740
53,591
82,231
111,195
97,168
110,270
108,314
46,219
116,245
105,135
101,537
53,441
82,270
111,119
97,237
110,248
108,286
46,279
116,211
105,161
101,1133
53,694
82,571
111,200
97,179
110,201
108,282
46,306
116,175
105,146
101,615
53,581
82,187
111,183
97,168
110,243
108,362
46,192
116,207
105,126
101,500
53,459
82,205
111,198
97,157
110,267
108,304
46,268
116,150
105,137
101,700
53,450
82,235
111,180
97,175
110,212
108,299
46,259
116,181
105,141
101,460
53,551
82,218
111,176
97,175
110,201
108,348
46,229
116,207
105,123
101,1053
53,483
82,180
111,173
97,148
110,259
108,280
46,221
116,182
105,133
101,587
53,642
82,208
111,228
97,173
110,233
108,308
46,225
116,189
105,137
101,543
53,482
82,238
111,186
97,174
110,265
108,307
46,228
116,207
105,137
101,585
53,509
82,234
111,185
97,170
110,211
108,256
46,235
116,264
105,160
101,577
53,483
82,198
111,197
97,165
110,222
108,286
46,158
116,241
105,99
101,596
53,473
82,198
111,179
97,141
110,241
108,276
46,187
116,214
105,116
101,472
53,486
82,194
111,210
97,143
110,315
108,562
46,287
116,172
105,136
101,476
53,518
82,193
111,230
97,164
110,309
108,274
46,181
116,210
105,140
101,511
53,507
82,207
111,169
97,192
110,300
108,201
46,236
116,183
105,151
101,500
53,467
82,222
111,212
97,177
110,251
108,311
46,223
116,199
105,137
101,526
53,605
82,183
111,239
97,144
110,303
108,274
46,193
116,236
105,116
101,477
53,508
82,202
111,181
97,181
110,253
108,299
46,213
116,227
105,144
101,496
53,415
82,216
111,197
97,179
110,233
108,303
46,235
116,163
105,144
101,437
53,491
82,238
111,164
97,183
110,242
108,315
46,192
116,197
105,138
101,991
53,643
82,210
111,205
97,179
110,248
108,317
46,249
116,203
105,147
101,488
53,546
82,223
111,210
97,258
110,275
108,505
46,327
116,278
105,180
101,499
53,556
82,214
111,205
97,165
110,275
108,292
46,192
116,229
105,116
101,435
53,517
82,234
111,180
97,208
110,203
108,289
46,184
116,189
105,156
101,632
53,515
82,232
111,193
97,214
110,274
108,277
46,210
116,194
105,155
101,365
53,532
82,143
111,195
97,207
110,287
108,376
46,203
116,177
105,146
101,444
53,427
82,226
111,179
97,158
110,276
108,321
46,499
116,194
105,181
101,444
53,571
82,267
111,244
97,131
110,247
108,312
46,326
116,185
105,158
101,512
53,561
82,239
111,202
97,141
110,320
108,246
46,227
116,191
105,137
101,703
53,490
82,311
111,179
97,174
110,287
108,370
46,284
116,200
105,146
101,796
53,839
82,265
111,255
97,115
110,300
108,298
46,288
116,171
105,161
101,360
53,615
82,238
111,242
97,254
110,260
108,274
46,184
116,218
105,117
101,579
53,562
82,256
111,242
97,193
110,296
108,372
46,232
116,173
105,168
101,491
53,731
82,615
111,190
97,231
110,322
108,442
46,262
116,231
105,183
101,517
53,647
82,478
111,206
97,196
110,223
108,354
46,281
116,203
105,166
101,605
53,527
82,358
111,247
97,203
110,229
108,344
46,209
116,233
105,168
101,576
53,688
82,569
111,318
97,19
110,677
108,411
46,205
116,192
105,142
101,665
53,496
82,557
111,216
97,210
110,274
108,438
46,291
116,149
105,164
101,792
53,488
82,281
111,158
97,185
110,240
108,251
46,269
116,202
105,178
101,466
53,636
82,243
111,179
97,208
110,235
108,267
46,261
116,170
105,179
101,443
53,509
82,253
111,157
97,211
110,201
108,723
46,359
116,176
105,145
101,620
53,519
82,253
111,184
97,220
110,221
108,367
46,197
116,211
105,129
101,649
53,472
82,228
111,249
97,146
110,328
108,483
46,190
116,189
105,123
101,535
53,854
82,267
111,290
97,124
110,308
108,288
46,249
116,169
105,159
101,465
53,499
82,194
111,267
97,108
110,368
108,284
46,228
116,199
105,111
101,479
53,590
82,206
111,268
97,195
110,288
108,280
46,269
116,175
105,161
101,354
53,524
82,220
111,183
97,449
110,613
108,265
46,210
116,177
105,146
101,821
53,513
82,232
111,166
97,184
110,309
108,324
46,194
116,232
105,123
101,489
53,491
82,261
111,256
97,308
110,499
108,344
46,247
116,187
105,135
101,527
53,461
82,535
111,219
97,222
110,249
108,318
46,190
116,194
105,127
101,487
53,562
82,226
111,169
97,215
110,255
108,311
46,171
116,199
105,141
101,718
53,508
82,266
111,145
97,202
110,229
108,357
46,203
116,201
105,128
101,424
53,493
82,264
111,157
97,315
110,286
108,350
46,234
116,185
105,150
101,429
53,539
82,134
111,181
97,221
110,250
108,339
46,221
116,191
105,128
101,436
53,469
82,253
111,211
97,263
110,220
108,372
46,196
116,186
105,156
101,444
53,496
82,226
111,220
97,248
110,251
108,289
46,248
116,205
105,141
101,333
53,489
82,280
111,154
97,335
110,283
108,381
46,183
116,206
105,107
101,414
53,534
82,216
111,182
97,257
110,237
108,330
46,213
116,198
105,144
101,303
53,673
82,225
111,196
97,224
110,389
108,579
46,227
116,204
105,135
101,1372
53,426
82,272
111,126
97,295
110,256
108,288
46,229
116,210
105,121
101,562
53,469
82,245
111,160
97,273
110,239
108,312
46,200
116,212
105,319
101,627
53,514
82,201
111,129
97,306
110,224
108,356
46,167
116,207
105,139
101,609
53,503
82,289
111,96
97,641
110,272
108,313
46,234
116,188
105,147
101,540
53,508
82,301
111,208
97,213
110,235
108,301
46,219
116,211
105,148
101,471
53,945
82,307
111,218
97,200
110,220
108,297
46,223
116,173
105,132
101,522
53,422
82,261
111,198
97,193
110,250
108,298
46,243
116,207
105,152
101,401
53,557
82,265
111,190
97,217
110,219
108,217
46,241
116,191
105,145
101,302
53,838
82,232
111,189
97,167
110,223
108,272
46,197
116,186
105,158
101,270
53,573
82,224
111,186
97,252
110,206
108,255
46,224
116,199
105,157
101,299
53,633
82,227
111,210
97,218
110,221
108,1025
46,183
116,201
105,155
101,271
53,526
82,385
111,211
97,212
110,202
108,329
46,344
116,203
105,178
101,289
53,403
82,283
111,158
97,264
110,208
108,270
46,472
116,190
105,178
101,611
53,683
82,200
111,146
97,232
110,184
108,311
46,222
116,129
105,222
101,546
53,428
82,250
111,148
97,198
110,229
108,229
46,205
116,204
105,152
101,447
53,480
82,249
111,191
97,236
110,195
108,307
46,232
116,234
105,159
101,579
53,473
82,282
111,173
97,221
110,170
108,264
46,220
116,210
105,197
101,338
53,898
82,263
111,195
97,186
110,202
108,991
46,197
116,211
105,157
101,312
53,539
82,303
111,159
97,243
110,184
108,309
46,219
116,237
105,137
101,385
53,573
82,242
111,152
97,223
110,226
108,299
46,215
116,226
105,180
101,387
53,525
82,200
111,218
97,210
110,223
108,273
46,195
116,204
105,135
101,317
53,574
82,250
111,193
97,186
110,265
108,325
46,165
116,212
105,134
101,612
53,535
82,211
111,246
97,141
110,203
108,286
46,215
116,191
105,169
101,743
53,498
82,212
111,252
97,181
110,211
108,274
46,179
116,201
105,137
101,399
53,509
82,258
111,210
97,225
110,225
108,332
46,250
116,223
105,139
101,524
53,584
82,228
111,198
97,210
110,187
108,417
46,288
116,171
105,272
101,580
53,446
82,282
111,235
97,259
110,365
108,316
46,241
116,192
105,159
101,435
53,542
82,204
111,275
97,147
110,270
108,315
46,505
116,184
105,876
101,1139
53,466
82,260
111,264
97,155
110,180
108,319
46,514
116,177
105,205
101,530
53,618
82,1056
111,214
97,184
110,672
108,359
46,656
116,186
105,191
101,359
53,607
82,351
111,162
97,203
110,251
108,575
46,277
116,193
105,174
101,392
53,591
82,263
111,187
97,185
110,217
108,343
46,556
116,210
105,172
101,392
53,606
82,264
111,185
97,277
110,324
108,338
46,514
116,197
105,190
101,361
53,587
82,286
111,211
97,213
110,270
108,348
46,353
116,211
105,196
101,403
53,556
82,295
111,170
97,245
110,295
108,301
46,266
116,214
105,150
101,351
53,628
82,243
111,149
97,200
110,246
108,302
46,247
116,188
105,142
101,285
53,577
82,354
111,182
97,211
110,234
108,300
46,228
116,195
105,149
101,335
53,521
82,236
111,191
97,189
110,233
108,344
46,260
116,201
105,136
101,413
53,635
82,213
111,152
97,194
110,261
108,390
46,198
116,221
105,153
101,312
53,598
82,298
111,188
97,220
110,236
108,339
46,238
116,227
105,163
101,357
53,568
82,247
111,190
97,174
110,250
108,307
46,270
116,202
105,162
101,380
53,577
82,259
111,200
97,205
110,244
108,355
46,251
116,208
105,140
101,311
53,547
82,270
111,172
97,193
110,234
108,288
46,210
116,224
105,138
101,380
53,482
82,339
111,209
97,171
110,245
108,304
46,239
116,208
105,119
101,332
53,614
82,263
111,220
97,190
110,624
108,374
46,267
116,203
105,125
101,332
53,486
82,291
111,203
97,200
110,238
108,326
46,256
116,216
105,147
101,298
53,497
82,259
111,220
97,186
110,233
108,352
46,404
116,260
105,183
101,351
53,498
82,283
111,243
97,206
110,235
108,307
46,200
116,202
105,115
101,277
53,516
82,294
111,212
97,181
110,240
108,257
46,199
116,229
105,113
101,267
53,506
82,262
111,173
97,211
110,194
108,341
46,220
116,194
105,123
101,268
53,434
82,331
111,165
97,220
110,249
108,348
46,195
116,227
105,153
101,320
53,514
82,240
111,221
97,190
110,262
108,369
46,220
116,249
105,137
101,768
53,728
82,372
111,165
97,199
110,238
108,344
46,222
116,230
105,120
101,289
53,558
82,250
111,226
97,194
110,205
108,409
46,223
116,214
105,128
101,355
53,636
82,259
111,257
97,198
110,213
108,332
46,209
116,242
105,137
101,278
53,520
82,271
111,243
97,230
110,232
108,342
46,241
116,257
105,153
101,286
53,513
82,287
111,251
97,268
110,241
108,340
46,233
116,241
105,174
101,307
53,464
82,284
111,267
97,131
110,220
108,315
46,207
116,218
105,162
101,1200
53,1096
82,286
111,160
97,272
110,773
108,358
46,203
116,220
105,118
101,337
53,815
82,230
111,180
97,194
110,203
108,340
46,224
116,215
105,132
101,370
53,579
82,223
111,205
97,229
110,273
108,431
46,282
116,178
105,183
101,305
53,558
82,187
111,211
97,176
110,207
108,343
46,232
116,214
105,160
101,313
53,437
82,280
111,207
97,217
110,217
108,343
46,238
116,234
105,156
101,721
53,793
82,223
111,166
97,204
110,208
108,371
46,260
116,204
105,160
101,293
53,493
82,267
111,225
97,226
110,203
108,363
46,296
116,176
105,153
101,792
53,669
82,252
111,174
97,234
110,291
108,1001
46,367
116,216
105,222
101,334
53,608
82,244
111,175
97,232
110,188
108,354
46,266
116,204
105,151
101,353
53,455
82,305
111,177
97,254
110,247
108,308
46,201
116,238
105,139
101,295
53,425
82,295
111,195
97,209
110,221
108,346
46,226
116,225
105,140
101,288
53,424
82,320
111,197
97,229
110,216
108,358
46,231
116,234
105,133
101,292
53,431
82,268
111,247
97,217
110,254
108,322
46,229
116,269
105,177
101,289
53,447
82,308
111,287
97,186
110,229
108,360
46,257
116,221
105,149
101,324
53,372
82,322
111,265
97,225
110,255
108,310
46,221
116,249
105,154
101,315
53,462
82,276
111,336
97,188
110,292
108,324
46,275
116,205
105,148
101,307
53,466
82,308
111,275
97,168
110,293
108,319
46,241
116,236
105,163
101,273
53,556
82,219
111,270
97,175
110,235
108,290
46,273
116,206
105,150
101,264
53,464
82,273
111,236
97,155
110,293
108,1483
46,230
116,214
105,140
101,326
53,438
82,230
111,147
97,311
110,273
108,577
46,271
116,181
105,165
101,885
53,496
82,233
111,160
97,202
110,229
108,326
46,246
116,194
105,98
101,576
53,458
82,258
111,262
97,38
110,242
108,333
46,196
116,209
105,137
101,608
53,469
82,244
111,168
97,233
110,222
108,325
46,384
116,179
105,176
101,418
53,528
82,293
111,167
97,337
110,236
108,391
46,344
116,150
105,166
101,334
53,427
82,257
111,203
97,193
110,222
108,356
46,287
116,208
105,126
101,446
53,521
82,246
111,183
97,198
110,227
108,293
46,242
116,201
105,162
101,294
53,377
82,360
111,186
97,606
110,362
108,291
46,227
116,218
105,103
101,273
53,615
82,269
111,230
97,158
110,252
108,327
46,236
116,207
105,135
101,321
53,495
82,261
111,186
97,197
110,208
108,280
46,256
116,181
105,127
101,271
53,403
82,278
111,228
97,146
110,267
108,376
46,257
116,173
105,159
101,1695
53,664
82,267
111,192
97,184
110,240
108,369
46,270
116,134
105,158
101,256
53,522
82,264
111,151
97,308
110,239
108,314
46,210
116,206
105,135
101,243
53,488
82,289
111,169
97,207
110,225
108,301
46,223
116,186
105,151
101,245
53,829
82,254
111,163
97,175
110,226
108,288
46,267
116,196
105,148
101,219
53,426
82,275
111,219
97,192
110,215
108,302
46,220
116,236
105,114
101,298
53,402
82,284
111,209
97,202
110,233
108,274
46,219
116,189
105,132
101,1135
53,471
82,318
111,276
97,122
110,217
108,405
46,248
116,227
105,162
101,351
53,343
82,309
111,263
97,164
110,237
108,325
46,246
116,222
105,126
101,305
53,395
82,251
111,250
97,197
110,251
108,265
46,237
116,218
105,159
101,1354
53,703
82,229
111,214
97,175
110,195
108,292
46,234
116,198
105,114
101,323
53,505
82,267
111,227
97,211
110,226
108,279
46,233
116,203
105,153
101,286
53,444
82,283
111,229
97,184
110,210
108,308
46,203
116,201
105,131
101,266
53,426
82,258
111,231
97,189
110,211
108,281
46,226
116,211
105,138
101,305
53,483
82,268
111,291
97,165
110,268
108,285
46,235
116,205
105,138
101,1190
53,764
82,273
111,189
97,185
110,231
108,291
46,188
116,228
105,154
101,403
53,607
82,235
111,247
97,150
110,255
108,326
46,225
116,214
105,172
101,781
53,832
82,239
111,203
97,203
110,259
108,249
46,181
116,206
105,114
101,285
53,474
82,265
111,271
97,186
110,252
108,276
46,192
116,206
105,123
101,288
53,378
82,253
111,264
97,192
110,210
108,327
46,176
116,228
105,114
101,540
53,553
82,236
111,224
97,106
110,284
108,282
46,174
116,207
105,122
101,1067
53,511
82,313
111,270
97,250
110,293
108,309
46,337
116,238
105,199
101,355
53,585
82,296
111,270
97,157
110,177
108,438
46,280
116,218
105,136
101,259
53,497
82,272
111,214
97,209
110,251
108,585
46,165
116,223
105,146
101,234
53,473
82,268
111,198
97,218
110,212
108,234
46,244
116,178
105,133
101,248
53,418
82,1167
111,286
97,161
110,245
108,283
46,214
116,210
105,135
101,244
53,445
82,259
111,219
97,122
110,284
108,264
46,327
116,211
105,171
101,279
53,395
82,246
111,288
97,165
110,290
108,764
46,223
116,261
105,168
101,386
53,785
82,353
111,326
97,104
110,497
108,550
46,300
116,260
105,177
101,291
53,487
82,288
111,318
97,234
110,307
108,344
46,262
116,268
105,183
101,323
53,386
82,325
111,259
97,160
110,246
108,294
46,264
116,254
105,197
101,293
53,726
82,263
111,230
97,170
110,249
108,283
46,224
116,234
105,169
101,279
53,417
82,303
111,356
97,217
110,356
108,513
46,369
116,243
105,202
101,276
53,463
82,237
111,266
97,147
110,249
108,317
46,238
116,250
105,177
101,285
53,440
82,707
111,587
97,238
110,327
108,284
46,326
116,208
105,226
101,287
53,430
82,231
111,327
97,96
110,289
108,273
46,205
116,237
105,166
101,621
53,710
82,401
111,204
97,191
110,219
108,308
46,298
116,234
105,219
101,463
53,490
82,281
111,730
97,206
110,262
108,263
46,228
116,230
105,141
101,322
53,373
82,255
111,241
97,181
110,248
108,278
46,282
116,235
105,173
101,340
53,398
82,266
111,250
97,152
110,229
108,272
46,228
116,241
105,171
101,301
53,435
82,246
111,291
97,157
110,244
108,315
46,195
116,211
105,143
101,576
53,347
82,231
111,182
97,165
110,234
108,638
46,174
116,199
105,106
101,432
53,520
82,214
111,194
97,149
110,820
108,345
46,243
116,207
105,101
101,616
53,403
82,239
111,191
97,167
110,234
108,237
46,249
116,165
105,130
101,511
53,452
82,255
111,202
97,177
110,279
108,299
46,154
116,217
105,153
101,1804
53,411
82,297
111,189
97,190
110,222
108,299
46,254
116,200
105,147
101,319
53,544
82,283
111,165
97,172
110,251
108,266
46,194
116,197
105,133
101,236
53,458
82,293
111,207
97,182
110,216
108,297
46,214
116,209
105,146
101,303
53,442
82,292
111,266
97,193
110,287
108,251
46,241
116,187
105,130
101,289
53,497
82,257
111,150
97,207
110,204
108,278
46,178
116,213
105,126
101,269
53,407
82,259
111,185
97,188
110,626
108,289
46,172
116,234
105,111
101,275
53,451
82,204
111,205
97,202
110,263
108,241
46,324
116,239
105,196
101,688
53,419
82,234
111,202
97,144
110,260
108,255
46,180
116,213
105,107
101,287
53,514
82,294
111,212
97,160
110,209
108,330
46,208
116,200
105,139
101,275
53,368
82,301
111,208
97,154
110,190
108,279
46,156
116,217
105,117
101,253
53,361
82,276
111,251
97,154
110,201
108,267
46,203
116,213
105,137
101,276
53,348
82,275
111,222
97,161
110,204
108,314
46,179
116,789
105,270
101,338
53,382
82,294
111,191
97,196
110,183
108,333
46,1359
116,251
105,203
101,388
53,479
82,306
111,287
97,249
110,327
108,348
46,266
116,282
105,269
101,795
53,693
82,308
111,267
97,157
110,228
108,343
46,243
116,284
105,190
101,311
53,493
82,275
111,294
97,175
110,595
108,345
46,239
116,239
105,212
101,280
53,494
82,325
111,265
97,208
110,323
108,323
46,228
116,287
105,201
101,325
53,464
82,304
111,296
97,213
110,276
108,259
46,246
116,278
105,330
101,352
53,641
82,253
111,245
97,167
110,284
108,272
46,260
116,304
105,223
101,332
53,501
82,306
111,299
97,201
110,257
108,325
46,245
116,284
105,194
101,322
53,469
82,245
111,273
97,208
110,274
108,270
46,210
116,245
105,189
101,288
53,415
82,286
111,234
97,205
110,232
108,531
46,269
116,219
105,191
101,291
53,365
82,247
111,230
97,158
110,210
108,314
46,253
116,289
105,184
101,256
53,394
82,253
111,251
97,158
110,230
108,302
46,170
116,242
105,178
101,254
53,391
82,240
111,210
97,199
110,183
108,270
46,201
116,253
105,139
101,282
53,324
82,262
111,195
97,180
110,225
108,267
46,219
116,226
105,168
101,248
53,343
82,269
111,231
97,154
110,220
108,244
46,250
116,203
105,169
101,236
53,357
82,233
111,203
97,206
110,166
108,340
46,280
116,192
105,186
101,254
53,364
82,240
111,219
97,182
110,191
108,275
46,236
116,225
105,150
101,233
53,367
82,246
111,223
97,191
110,177
108,358
46,247
116,188
105,177
101,238
53,392
82,221
111,257
97,174
110,200
108,277
46,281
116,192
105,171
101,263
53,660
82,259
111,247
97,144
110,259
108,275
46,414
116,386
105,206
101,368
53,300
82,261
111,194
97,208
110,212
108,273
46,261
116,193
105,147
101,317
53,329
82,233
111,281
97,178
110,232
108,317
46,208
116,194
105,194
101,240
53,429
82,240
111,208
97,197
110,74
108,291
46,168
116,203
105,167
101,230
53,364
82,233
111,210
97,165
110,182
108,225
46,225
116,219
105,130
101,282
53,373
82,236
111,244
97,174
110,187
108,253
46,216
116,198
105,138
101,275
53,392
82,249
111,231
97,169
110,180
108,273
46,243
116,220
105,148
101,216
53,594
82,237
111,214
97,151
110,192
108,208
46,262
116,197
105,163
101,258
53,447
82,226
111,207
97,160
110,237
108,243
46,203
116,250
105,896
101,412
53,413
82,243
111,239
97,165
110,237
108,281
46,248
116,241
105,164
101,379
53,1279
82,252
111,176
97,207
110,199
108,293
46,240
116,222
105,167
101,296
53,400
82,272
111,284
97,282
110,329
108,345
46,305
116,232
105,147
101,295
53,385
82,248
111,246
97,215
110,214
108,374
46,247
116,211
105,151
101,265
53,401
82,250
111,198
97,182
110,212
108,516
46,175
116,216
105,150
101,245
53,373
82,264
111,265
97,178
110,230
108,459
46,211
116,199
105,108
101,772
53,610
82,337
111,611
97,565
110,366
108,356
46,340
116,233
105,122
101,366
53,539
82,884
111,199
97,214
110,283
108,291
46,269
116,224
105,136
101,434
53,923
82,699
111,183
97,205
110,267
108,302
46,278
116,200
105,182
101,451
53,712
82,664
111,96
97,250
110,216
108,318
46,223
116,218
105,156
101,273
53,612
82,464
111,199
97,208
110,221
108,298
46,197
116,220
105,110
101,266
53,510
82,363
111,229
97,163
110,284
108,293
46,339
116,244
105,246
101,285
53,500
82,298
111,276
97,200
110,317
108,260
46,201
116,280
105,153
101,325
53,519
82,300
111,237
97,208
110,252
108,283
46,203
116,251
105,143
101,304
53,412
82,283
111,215
97,215
110,221
108,328
46,216
116,243
105,198
101,264
53,413
82,328
111,250
97,196
110,234
108,311
46,216
116,251
105,152
101,252
53,394
82,717
111,175
97,219
110,238
108,257
46,179
116,232
105,110
101,272
53,443
82,319
111,141
97,211
110,221
108,330
46,177
116,257
105,93
101,314
53,408
82,286
111,208
97,181
110,231
108,540
46,224
116,194
105,136
101,273
53,372
82,221
111,235
97,153
110,304
108,222
46,245
116,188
105,173
101,323
53,539
82,248
111,240
97,165
110,328
108,269
46,214
116,239
105,136
101,236
53,477
82,297
111,178
97,182
110,274
108,316
46,237
116,237
105,101
101,282
53,941
82,410
111,176
97,195
110,285
108,305
46,232
116,218
105,125
101,200
53,399
82,272
111,242
97,172
110,258
108,330
46,168
116,240
105,121
101,284
53,386
82,282
111,252
97,186
110,257
108,348
46,164
116,219
105,125
101,207
53,382
82,263
111,215
97,209
110,222
108,322
46,365
116,198
105,174
101,247
53,432
82,273
111,223
97,146
110,219
108,765
46,243
116,182
105,159
101,240
53,418
82,329
111,243
97,164
110,272
108,298
46,218
116,209
105,124
101,237
53,387
82,250
111,254
97,169
110,274
108,250
46,235
116,232
105,163
101,225
53,426
82,331
111,347
97,228
110,337
108,366
46,241
116,263
105,201
101,339
53,499
82,371
111,239
97,222
110,246
108,322
46,259
116,229
105,193
101,245
53,428
82,225
111,247
97,201
110,241
108,360
46,258
116,223
105,155
101,282
53,374
82,274
111,224
97,215
110,235
108,1028
46,204
116,226
105,147
101,213
53,381
82,290
111,215
97,181
110,291
108,328
46,244
116,222
105,144
101,248
53,343
82,278
111,184
97,223
110,214
108,388
46,227
116,256
105,131
101,265
53,365
82,314
111,255
97,172
110,274
108,299
46,206
116,216
105,127
101,244
53,429
82,320
111,229
97,203
110,216
108,370
46,247
116,242
105,127
101,250
53,393
82,259
111,203
97,194
110,264
108,385
46,479
116,232
105,208
101,280
53,383
82,263
111,241
97,202
110,200
108,354
46,212
116,248
105,143
101,245
53,404
82,297
111,227
97,194
110,269
108,321
46,170
116,226
105,137
101,292
53,444
82,293
111,242
97,245
110,285
108,307
46,194
116,251
105,139
101,352
53,429
82,318
111,254
97,228
110,201
108,307
46,223
116,245
105,150
101,229
53,364
82,247
111,205
97,203
110,330
108,335
46,216
116,244
105,130
101,274
53,356
82,248
111,215
97,215
110,185
108,532
46,321
116,207
105,167
101,228
53,369
82,301
111,198
97,235
110,205
108,273
46,211
116,255
105,114
101,227
53,360
82,285
111,217
97,195
110,194
108,407
46,212
116,216
105,134
101,245
53,420
82,304
111,192
97,242
110,201
108,395
46,216
116,219
105,125
101,244
53,347
82,256
111,180
97,246
110,258
108,239
46,224
116,221
105,130
101,264
53,379
82,229
111,235
97,228
110,250
108,642
46,326
116,205
105,184
101,264
53,366
82,282
111,225
97,203
110,278
108,356
46,195
116,200
105,146
101,212
53,353
82,258
111,197
97,210
110,174
108,532
46,223
116,234
105,148
101,240
53,333
82,279
111,220
97,223
110,282
108,347
46,211
116,225
105,168
101,263
53,339
82,227
111,316
97,230
110,327
108,423
46,271
116,202
105,152
101,232
53,336
82,269
111,191
97,216
110,187
108,284
46,217
116,224
105,138
101,235
53,348
82,268
111,210
97,232
110,170
108,365
46,242
116,225
105,137
101,215
53,332
82,226
111,261
97,210
110,267
108,286
46,198
116,216
105,104
101,311
53,555
82,237
111,173
97,180
110,230
108,253
46,195
116,217
105,101
101,243
53,426
82,294
111,165
97,193
110,155
108,267
46,71
116,224
105,169
101,634
53,403
82,272
111,191
97,177
110,240
108,258
46,219
116,203
105,126
101,227
53,380
82,272
111,181
97,177
110,185
108,298
46,308
116,181
105,180
101,215
53,385
82,272
111,209
97,173
110,184
108,291
46,414
116,181
105,168
101,217
53,390
82,226
111,222
97,154
110,197
108,297
46,624
116,180
105,204
101,258
53,398
82,602
111,218
97,165
110,207
108,328
46,323
116,155
105,157
101,186
53,392
82,252
111,233
97,181
110,242
108,286
46,241
116,184
105,145
101,195
53,392
82,281
111,220
97,162
110,280
108,272
46,291
116,178
105,139
101,209
53,393
82,230
111,273
97,144
110,302
108,328
46,258
116,181
105,161
101,223
53,359
82,205
111,272
97,111
110,273
108,280
46,255
116,167
105,160
101,179
53,363
82,189
111,262
97,125
110,276
108,291
46,267
116,186
105,203
101,233
53,315
82,202
111,262
97,128
110,315
108,296
46,218
116,234
105,88
101,204
53,328
82,321
111,283
97,139
110,286
108,288
46,232
116,199
105,136
101,227
53,337
82,226
111,258
97,122
110,324
108,288
46,770
116,175
105,719
101,406
53,492
82,274
111,216
97,211
110,253
108,557
46,236
116,229
105,109
101,269
53,369
82,302
111,288
97,251
110,261
108,301
46,200
116,209
105,139
101,638
53,436
82,600
111,287
97,241
110,767
108,405
46,203
116,468
105,549
101,301
53,467
82,393
111,230
97,223
110,335
108,310
46,310
116,296
105,241
101,305
53,459
82,411
111,298
97,295
110,344
108,303
46,282
116,308
105,204
101,351
53,412
82,347
111,297
97,202
110,287
108,272
46,209
116,258
105,148
101,292
53,415
82,281
111,219
97,178
110,222
108,250
46,235
116,234
105,128
101,254
53,389
82,251
111,238
97,219
110,191
108,258
46,240
116,233
105,165
101,271
53,389
82,234
111,261
97,156
110,282
108,289
46,208
116,267
105,143
101,221
53,366
82,248
111,247
97,224
110,223
108,227
46,250
116,285
105,112
101,216
53,378
82,246
111,226
97,199
110,196
108,274
46,224
116,251
105,135
101,196
53,393
82,235
111,204
97,186
110,198
108,223
46,224
116,219
105,153
101,257
53,405
82,252
111,266
97,179
110,328
108,293
46,197
116,251
105,120
101,264
53,344
82,271
111,214
97,220
110,223
108,271
46,208
116,218
105,167
101,214
53,405
82,285
111,243
97,216
110,265
108,379
46,217
116,259
105,160
101,251
53,344
82,284
111,229
97,181
110,277
108,269
46,189
116,256
105,147
101,241
53,375
82,235
111,254
97,189
110,196
108,589
46,250
116,221
105,161
101,215
53,356
82,253
111,203
97,192
110,228
108,252
46,203
116,257
105,142
101,251
53,344
82,299
111,232
97,126
110,203
108,317
46,179
116,217
105,140
101,237
53,338
82,263
111,227
97,181
110,243
108,294
46,223
116,230
105,125
101,229
53,392
82,552
111,273
97,202
110,278
108,1155
46,195
116,218
105,120
101,235
53,387
82,309
111,234
97,178
110,248
108,272
46,478
116,196
105,181
101,242
53,356
82,281
111,210
97,180
110,186
108,596
46,256
116,201
105,132
101,257
53,370
82,286
111,219
97,198
110,239
108,284
46,274
116,240
105,110
101,277
53,384
82,323
111,252
97,191
110,260
108,281
46,277
116,223
105,142
101,277
53,360
82,283
111,235
97,196
110,214
108,229
46,250
116,234
105,128
101,252
53,373
82,328
111,258
97,170
110,216
108,276
46,234
116,230
105,139
101,247
53,344
82,275
111,281
97,182
110,295
108,267
46,268
116,232
105,158
101,269
53,446
82,284
111,239
97,176
110,271
108,242
46,245
116,219
105,156
101,245
53,336
82,262
111,265
97,177
110,182
108,236
46,254
116,244
105,139
101,279
53,336
82,273
111,260
97,141
110,264
108,325
46,209
116,256
105,134
101,287
53,325
82,956
111,234
97,154
110,278
108,260
46,250
116,127
105,511
101,301
53,357
82,229
111,214
97,161
110,155
108,236
46,204
116,230
105,123
101,223
53,355
82,243
111,241
97,132
110,212
108,224
46,243
116,216
105,211
101,215
53,383
82,244
111,246
97,161
110,148
108,255
