46,395
116,167
105,365
101,1331
53,1148
82,1404
111,641
97,928
110,312
108,500
46,401
116,147
105,263
101,754
53,837
82,590
111,184
97,189
110,232
108,526
46,327
116,191
105,332
101,939
53,1135
82,686
111,123
97,445
110,317
108,392
46,386
116,170
105,224
101,748
53,723
82,782
111,142
97,182
110,218
108,520
46,524
116,367
105,409
101,418
53,675
82,664
111,181
97,376
110,499
108,467
46,575
116,193
105,172
101,599
53,910
82,363
111,629
97,178
110,191
108,424
46,420
116,180
105,579
101,610
53,583
82,363
111,303
97,206
110,255
108,743
46,378
116,168
105,165
101,627
53,1297
82,574
111,177
97,136
110,251
108,374
46,594
116,170
105,154
101,589
53,650
82,266
111,136
97,280
110,434
108,417
46,288
116,235
105,156
101,463
53,679
82,306
111,169
97,221
110,224
108,385
46,311
116,226
105,198
101,460
53,641
82,324
111,651
97,139
110,215
108,398
46,535
116,159
105,654
101,276
53,580
82,308
111,190
97,204
110,227
108,396
46,371
116,346
105,300
101,454
53,1174
82,358
111,546
97,189
110,204
108,394
46,505
116,168
105,182
101,431
53,573
82,295
111,101
97,256
110,218
108,358
46,342
116,344
105,238
101,601
53,585
82,287
111,256
97,193
110,245
108,416
46,357
116,298
105,197
101,553
53,687
82,572
111,381
97,371
110,430
108,462
46,736
116,188
105,139
101,354
53,654
82,553
111,201
97,163
110,306
108,402
46,357
116,178
105,177
101,530
53,524
82,276
111,158
97,201
110,258
108,417
46,623
116,201
105,855
101,273
53,564
82,280
111,168
97,231
110,252
108,427
46,310
116,209
105,180
101,533
53,625
82,341
111,59
97,362
110,188
108,469
46,327
116,242
105,182
101,377
53,527
82,643
111,199
97,180
110,245
108,331
46,587
116,213
105,200
101,361
53,644
82,711
111,232
97,164
110,382
108,418
46,619
116,222
105,261
101,366
53,849
82,389
111,265
97,195
110,237
108,487
46,271
116,216
105,291
101,373
53,946
82,380
111,418
97,252
110,245
108,412
46,342
116,222
105,675
101,287
53,674
82,452
111,640
97,175
110,223
108,363
46,414
116,213
105,192
101,454
53,472
82,309
111,280
97,234
110,324
108,345
46,579
116,312
105,316
101,336
53,601
82,681
111,218
97,154
110,260
108,326
46,427
116,247
105,395
101,314
53,854
82,392
111,206
97,156
110,267
108,565
46,322
116,210
105,253
101,422
53,475
82,344
111,213
97,138
110,231
108,374
46,281
116,188
105,287
101,1098
53,1475
82,392
111,245
97,131
110,249
108,399
46,506
116,203
105,162
101,369
53,510
82,565
111,214
97,162
110,231
108,329
46,378
116,172
105,165
101,324
53,588
82,284
111,204
97,123
110,233
108,358
46,315
116,213
105,165
101,1031
53,532
82,489
111,254
97,177
110,224
108,349
46,263
116,195
105,198
101,477
53,517
82,368
111,234
97,170
110,207
108,327
46,370
116,215
105,187
101,314
53,600
82,364
111,196
97,164
110,231
108,376
46,543
116,172
105,182
101,335
53,587
82,279
111,232
97,158
110,206
108,289
46,306
116,201
105,191
101,337
53,589
82,340
111,201
97,116
110,288
108,480
46,726
116,205
105,234
101,310
53,677
82,296
111,208
97,182
110,215
108,387
46,477
116,212
105,155
101,463
53,558
82,338
111,176
97,151
110,226
108,399
46,446
116,203
105,209
101,317
53,622
82,342
111,211
97,159
110,699
108,354
46,283
116,225
105,147
101,494
53,464
82,293
111,207
97,143
110,223
108,379
46,309
116,267
105,175
101,385
53,526
82,293
111,210
97,143
110,240
108,348
46,330
116,315
105,149
101,451
53,738
82,680
111,237
97,137
110,218
108,303
46,378
116,211
105,180
101,529
53,474
82,277
111,182
97,201
110,234
108,411
46,314
116,346
105,183
101,383
53,1177
82,299
111,171
97,368
110,443
108,325
46,353
116,211
105,137
101,462
53,545
82,261
111,202
97,154
110,354
108,478
46,599
116,199
105,175
101,318
53,455
82,287
111,218
97,184
110,246
108,306
46,344
116,265
105,156
101,484
53,411
82,275
111,222
97,157
110,234
108,316
46,323
116,235
105,200
101,368
53,441
82,288
111,225
97,149
110,276
108,337
46,367
116,220
105,157
101,386
53,467
82,272
111,245
97,106
110,268
108,402
46,574
116,182
105,222
101,490
53,642
82,240
111,141
97,443
110,246
108,600
46,1107
116,270
105,311
101,422
53,552
82,445
111,249
97,194
110,249
108,386
46,499
116,221
105,173
101,642
53,526
82,321
111,161
97,276
110,203
108,440
46,349
116,251
105,242
101,356
53,628
82,315
111,319
97,235
110,290
108,727
46,364
116,238
105,223
101,479
53,534
82,263
111,174
97,213
110,244
108,374
46,434
116,186
105,188
101,406
53,450
82,273
111,168
97,234
110,241
108,379
46,387
116,167
105,202
101,378
53,530
82,328
111,127
97,219
110,222
108,439
46,400
116,251
105,198
101,407
53,511
82,290
111,151
97,244
110,284
108,429
46,589
116,225
105,186
101,514
53,454
82,285
111,179
97,211
110,256
108,400
46,416
116,239
105,194
101,313
53,468
82,318
111,191
97,223
110,249
108,370
46,436
116,239
105,191
101,354
53,737
82,370
111,650
97,171
110,212
108,370
46,270
116,244
105,197
101,471
53,1275
82,343
111,215
97,134
110,294
108,360
46,423
116,204
105,365
101,320
53,415
82,262
111,172
97,181
110,245
108,406
46,415
116,185
105,197
101,304
53,465
82,299
111,174
97,182
110,252
108,408
46,247
116,215
105,200
101,331
53,490
82,259
111,195
97,154
110,227
108,765
46,1236
116,305
105,1009
101,496
53,855
82,245
111,191
97,143
110,237
108,392
46,482
116,176
105,186
101,366
53,400
82,271
111,176
97,177
110,232
108,447
46,328
116,201
105,211
101,302
53,433
82,290
111,160
97,208
110,249
108,770
46,588
116,218
105,313
101,420
53,443
82,239
111,189
97,146
110,273
108,389
46,892
116,214
105,207
101,288
53,414
82,294
111,229
97,166
110,299
108,478
46,379
116,212
105,457
101,305
53,475
82,248
111,188
97,157
110,296
108,389
46,243
116,208
105,174
101,302
53,515
82,276
111,175
97,144
110,239
108,349
46,291
116,254
105,102
101,687
53,430
82,280
111,212
97,180
110,270
108,410
46,276
116,224
105,183
101,335
53,409
82,257
111,207
97,140
110,289
108,397
46,310
116,236
105,186
101,426
53,400
82,268
111,266
97,128
110,321
108,383
46,266
116,263
105,252
101,280
53,418
82,262
111,239
97,179
110,337
108,341
46,208
116,275
105,196
101,273
53,511
82,308
111,250
97,168
110,331
108,407
46,519
116,224
105,171
101,302
53,440
82,307
111,264
97,183
110,312
108,404
46,293
116,222
105,199
101,286
53,705
82,283
111,218
97,181
110,270
108,373
46,320
116,277
105,198
101,410
53,524
82,336
111,209
97,169
110,275
108,382
46,261
116,262
105,183
101,297
53,550
82,295
111,227
97,179
110,259
108,396
46,300
116,258
105,183
101,319
53,521
82,325
111,275
97,142
110,371
108,433
46,256
116,251
105,178
101,338
53,521
82,295
111,287
97,209
110,301
108,458
46,274
116,291
105,204
101,342
53,476
82,302
111,277
97,161
110,265
108,374
46,273
116,316
105,172
101,289
53,484
82,264
111,224
97,186
110,297
108,378
46,467
116,206
105,215
101,310
53,480
82,327
111,279
97,140
110,307
108,395
46,306
116,258
105,192
101,476
53,411
82,329
111,211
97,210
110,227
108,403
46,404
116,447
105,624
101,323
53,435
82,276
111,210
97,142
110,261
108,513
46,293
116,368
105,183
101,337
53,629
82,261
111,233
97,189
110,720
108,339
46,284
116,212
105,172
101,283
53,438
82,285
111,205
97,167
110,251
108,473
46,267
116,209
105,180
101,286
53,420
82,312
111,225
97,148
110,280
108,462
46,284
116,204
105,168
101,347
53,408
82,288
111,235
97,126
110,220
108,337
46,252
116,226
105,214
101,635
53,415
82,241
111,231
97,106
110,270
108,381
46,541
116,272
105,185
101,331
53,583
82,302
111,223
97,177
110,236
108,385
46,292
116,236
105,191
101,291
53,384
82,271
111,230
97,113
110,263
108,387
46,299
116,253
105,177
101,276
53,413
82,283
111,196
97,191
110,216
108,338
46,261
116,533
105,220
101,272
53,434
82,271
111,234
97,138
110,289
108,365
46,348
116,210
105,226
101,346
53,428
82,288
111,218
97,110
110,258
108,429
46,436
116,234
105,189
101,407
53,395
82,258
111,226
97,147
110,241
108,366
46,305
116,206
105,187
101,350
53,396
82,285
111,208
97,163
110,213
108,323
46,463
116,145
105,182
101,754
53,481
82,850
111,179
97,158
110,231
108,505
46,292
116,156
105,182
101,352
53,614
82,242
111,195
97,143
110,231
108,295
46,734
116,240
105,484
101,1007
53,514
82,234
111,174
97,168
110,199
108,296
46,349
116,172
105,161
101,328
53,431
82,243
111,154
97,183
110,193
108,385
46,327
116,585
105,177
101,354
53,421
82,291
111,154
97,184
110,228
108,361
46,310
116,244
105,243
101,334
53,471
82,302
111,169
97,190
110,202
108,340
46,487
116,186
105,195
101,317
53,412
82,260
111,149
97,200
110,201
108,320
46,479
116,159
105,206
101,283
53,468
82,272
111,157
97,209
110,215
108,318
46,409
116,184
105,190
101,322
53,428
82,289
111,91
97,251
110,190
108,322
46,323
116,181
105,146
101,308
53,418
82,246
111,112
97,223
110,214
108,311
46,708
116,204
105,216
101,594
53,378
82,271
111,82
97,250
110,183
108,309
46,934
116,174
105,383
101,279
53,374
82,247
111,89
97,187
110,208
108,318
46,360
116,178
105,229
101,481
53,469
82,383
111,651
97,158
110,572
108,457
46,703
116,186
105,314
101,269
53,774
82,261
111,80
97,241
110,211
108,463
46,465
116,161
105,170
101,269
53,511
82,558
111,257
97,200
110,211
108,339
46,301
116,200
105,181
101,261
53,425
82,468
111,299
97,185
110,228
108,362
46,268
116,200
105,169
101,393
53,670
82,614
111,191
97,143
110,211
108,330
46,265
116,174
105,164
101,294
53,394
82,311
111,175
97,134
110,197
108,316
46,424
116,179
105,154
101,253
53,429
82,305
111,661
97,156
110,209
108,392
46,308
116,231
105,505
101,266
53,358
82,247
111,202
97,79
110,325
108,506
46,269
116,201
105,151
101,345
53,411
82,441
111,285
97,141
110,269
108,347
46,284
116,186
105,164
101,278
53,413
82,310
111,242
97,179
110,241
108,348
46,272
116,194
105,188
101,296
53,396
82,299
111,237
97,172
110,201
108,316
46,271
116,244
105,596
101,730
53,441
82,283
111,182
97,139
110,200
108,309
46,421
116,190
105,170
101,252
53,693
82,314
111,572
97,202
110,322
108,303
46,303
116,205
105,154
101,263
53,437
82,270
111,183
97,154
110,218
108,325
46,282
116,269
105,171
101,272
53,378
82,317
111,192
97,173
110,207
108,340
46,377
116,185
105,190
101,247
53,381
82,286
111,190
97,137
110,221
108,360
46,206
116,230
105,163
101,291
53,448
82,332
111,612
97,168
110,201
108,376
46,243
116,189
105,180
101,271
53,384
82,308
111,203
97,177
110,205
108,299
46,257
116,192
105,183
101,315
53,413
82,683
111,192
97,164
110,222
108,351
46,301
116,215
105,195
101,279
53,382
82,322
111,677
97,175
110,176
108,341
46,301
116,190
105,156
101,296
53,387
82,306
111,196
97,193
110,201
108,398
46,272
116,201
105,159
101,235
53,421
82,333
111,229
97,258
110,470
108,329
46,219
116,311
105,123
101,307
53,357
82,657
111,207
97,178
110,203
108,309
46,302
116,305
105,152
101,245
53,384
82,276
111,166
97,213
110,837
108,301
46,254
116,216
105,164
101,256
53,450
82,604
111,189
97,178
110,217
108,293
46,239
116,184
105,146
101,231
53,464
82,364
111,238
97,245
110,218
108,303
46,237
116,270
105,186
101,218
53,446
82,511
111,252
97,186
110,214
108,332
46,254
116,239
105,145
101,1271
53,406
82,298
111,235
97,420
110,328
108,263
46,221
116,216
105,166
101,242
53,400
82,291
111,239
97,151
110,258
108,329
46,276
116,198
105,129
101,286
53,428
82,801
111,240
97,178
110,227
108,329
46,330
116,256
105,183
101,562
53,379
82,275
111,181
97,176
110,211
108,379
46,273
116,197
105,226
101,662
53,504
82,237
111,202
97,202
110,237
108,354
46,238
116,207
105,136
101,269
53,403
82,261
111,185
97,148
110,199
108,344
46,224
116,254
105,164
101,275
53,395
82,264
111,176
97,135
110,207
108,337
46,286
116,193
105,173
101,210
53,501
82,364
111,682
97,172
110,181
108,333
46,256
116,207
105,175
101,249
53,443
82,339
111,216
97,180
110,193
108,360
46,310
116,263
105,189
101,345
53,413
82,251
111,145
97,182
110,192
108,345
46,254
116,241
105,178
101,384
53,477
82,277
111,160
97,208
110,200
108,320
46,280
116,196
105,179
101,913
53,465
82,277
111,600
97,137
110,220
108,427
46,265
116,208
105,121
101,365
53,525
82,245
111,176
97,216
110,205
108,346
46,387
116,174
105,196
101,343
53,564
82,271
111,146
97,319
110,246
108,381
46,295
116,207
105,191
101,453
53,893
82,326
111,291
97,389
110,235
108,336
46,325
116,241
105,236
101,349
53,499
82,294
111,101
97,313
110,240
108,373
46,970
116,204
105,204
101,417
53,450
82,312
111,209
97,125
110,271
108,465
46,279
116,197
105,191
101,394
53,474
82,255
111,199
97,182
110,236
108,382
46,299
116,207
105,185
101,342
53,481
82,306
111,197
97,169
110,239
108,528
46,655
116,182
105,172
101,522
53,639
82,261
111,168
97,188
110,214
108,361
46,412
116,202
105,176
101,1306
53,441
82,254
111,276
97,62
110,433
108,543
46,287
116,184
105,150
101,399
53,484
82,273
111,211
97,204
110,259
108,317
46,285
116,203
105,292
101,316
53,463
82,317
111,676
97,228
110,304
108,405
46,298
116,220
105,148
101,373
53,470
82,332
111,686
97,183
110,269
108,415
46,297
116,212
105,206
101,349
53,430
82,310
111,224
97,173
110,193
108,319
46,276
116,190
105,192
101,334
53,447
82,285
111,225
97,164
110,245
108,351
46,246
116,245
105,204
101,368
53,441
82,281
111,286
97,279
110,254
108,302
46,283
116,178
105,164
101,328
53,399
82,235
111,196
97,170
110,224
108,349
46,252
116,1012
105,214
101,341
53,452
82,241
111,124
97,255
110,699
108,300
46,360
116,224
105,140
101,311
53,388
82,264
111,207
97,175
110,776
108,430
46,254
116,232
105,186
101,284
53,418
82,260
111,163
97,183
110,221
108,388
46,266
116,234
105,160
101,294
53,413
82,287
111,163
97,202
110,197
108,319
46,294
116,291
105,213
101,352
53,406
82,276
111,163
97,219
110,217
108,376
46,245
116,240
105,147
101,347
53,520
82,688
111,172
97,167
110,250
108,381
46,272
116,240
105,490
101,1279
53,1545
82,240
111,211
97,104
110,289
108,336
46,233
116,281
105,187
101,287
53,941
82,258
111,152
97,279
110,198
108,386
46,271
116,234
105,248
101,297
53,377
82,247
111,192
97,141
110,211
108,321
46,363
116,278
105,202
101,305
53,488
82,271
111,204
97,153
110,183
108,338
46,400
116,1859
105,179
101,904
53,392
82,251
111,189
97,141
110,228
108,347
46,279
116,189
105,203
101,284
53,376
82,266
111,168
97,187
110,196
108,345
46,405
116,185
105,754
101,309
53,452
82,274
111,174
97,185
110,192
108,371
46,304
116,211
105,207
101,500
53,402
82,258
111,184
97,166
110,186
108,350
46,291
116,191
105,175
101,297
53,413
82,249
111,201
97,138
110,204
108,355
46,357
116,179
105,173
101,349
53,791
82,286
111,195
97,184
110,175
108,460
46,314
116,364
105,193
101,325
53,633
82,670
111,137
97,184
110,173
108,318
46,298
116,181
105,163
101,368
53,622
82,346
111,510
97,200
110,187
108,316
46,289
116,230
105,160
101,410
53,614
82,299
111,249
97,153
110,199
108,295
46,251
116,228
105,203
101,451
53,483
82,242
111,181
97,198
110,232
108,399
46,720
116,193
105,167
101,546
53,445
82,267
111,221
97,831
110,256
108,483
46,314
116,201
105,154
101,501
53,473
82,260
111,274
97,224
110,246
108,340
46,411
116,193
105,162
101,369
53,672
82,266
111,239
97,172
110,226
108,323
46,272
116,212
105,714
101,416
53,735
82,234
111,180
97,152
110,207
108,376
46,301
116,216
105,158
101,387
53,580
82,273
111,227
97,162
110,209
108,354
46,264
116,213
105,179
101,424
53,449
82,218
111,224
97,125
110,266
108,339
46,275
116,228
105,190
101,375
53,559
82,266
111,254
97,157
110,231
108,331
46,264
116,206
105,146
101,456
53,533
82,311
111,213
97,148
110,231
108,372
46,254
116,234
105,185
101,356
53,421
82,231
111,254
97,99
110,354
108,582
46,272
116,221
105,160
101,372
53,529
82,277
111,206
97,180
110,169
108,351
46,269
116,240
105,242
101,386
53,495
82,241
111,238
97,134
110,262
108,320
46,264
116,220
105,174
101,342
53,468
82,248
111,216
97,169
110,240
108,374
46,343
116,272
105,253
101,418
53,434
82,228
111,284
97,87
110,363
108,649
46,740
116,172
105,180
101,394
53,525
82,251
111,179
97,224
110,262
108,476
46,272
116,210
105,134
101,434
53,406
82,223
111,187
97,167
110,404
108,413
46,1036
116,185
105,144
101,348
53,402
82,226
111,191
97,178
110,253
108,368
46,283
116,207
105,171
101,386
53,528
82,286
111,154
97,189
110,241
108,367
46,251
116,218
105,190
101,298
53,507
82,262
111,168
97,160
110,267
108,338
46,296
116,231
105,158
101,406
53,433
82,330
111,168
97,245
110,274
108,367
46,304
116,227
105,155
101,335
53,410
82,248
111,208
97,92
110,261
108,363
46,333
116,231
105,278
101,389
53,419
82,229
111,114
97,167
110,348
108,367
46,332
116,222
105,154
101,317
53,676
82,301
111,176
97,119
110,267
108,359
46,302
116,211
105,143
101,325
53,381
82,253
111,173
97,167
110,225
108,357
46,237
116,248
105,200
101,650
53,383
82,220
111,201
97,107
110,278
108,348
46,285
116,217
105,147
101,281
53,415
82,270
111,193
97,92
110,259
108,320
46,294
116,269
105,235
101,287
53,375
82,309
111,357
97,158
110,221
108,287
46,314
116,204
105,172
101,264
53,393
82,245
111,234
97,71
110,352
108,452
46,276
116,232
105,189
101,238
53,396
82,275
111,197
97,177
110,255
108,346
46,322
116,296
105,560
101,280
53,415
82,299
111,479
97,153
110,212
108,319
46,258
116,251
105,196
101,260
53,379
82,268
111,237
97,134
110,275
108,373
46,572
116,227
105,206
101,249
53,429
82,335
111,217
97,128
110,254
108,328
46,286
116,312
105,250
101,249
53,383
82,277
111,235
97,155
110,304
108,315
46,265
116,371
105,1108
101,372
53,360
82,281
111,205
97,107
110,278
108,349
46,256
116,219
105,173
101,242
53,361
82,283
111,215
97,156
110,282
108,310
46,303
116,191
105,183
101,386
53,1938
82,372
111,264
97,164
110,252
108,460
46,408
116,193
105,167
101,260
53,397
82,284
111,206
97,116
110,246
108,366
46,334
116,191
105,164
101,253
53,381
82,311
111,261
97,759
110,250
108,398
46,250
116,215
105,159
101,246
53,412
82,332
111,230
97,172
110,239
108,376
46,248
116,208
105,163
101,252
53,363
82,303
111,294
97,334
110,242
108,263
46,292
116,207
105,164
101,245
53,368
82,327
111,176
97,215
110,201
108,287
46,284
116,268
105,140
101,276
53,380
82,301
111,164
97,198
110,173
108,316
46,253
116,233
105,178
101,264
53,354
82,286
111,161
97,185
110,185
108,297
46,230
116,228
105,153
101,256
53,448
82,345
111,147
97,203
110,188
108,312
46,242
116,230
105,158
101,314
53,359
82,349
111,487
97,154
110,206
108,306
46,227
116,204
105,159
101,290
53,403
82,321
111,171
97,196
110,215
108,329
46,202
116,232
105,154
101,243
53,406
82,336
111,285
97,309
110,280
108,510
46,208
116,196
105,146
101,272
53,646
82,362
111,238
97,213
110,215
108,319
46,267
116,220
105,149
101,293
53,409
82,332
111,163
97,224
110,237
108,425
46,216
116,214
105,1604
101,1903
53,990
82,274
111,195
97,139
110,329
108,393
46,211
116,188
105,169
101,238
53,412
82,323
111,175
97,165
110,198
108,376
46,219
116,222
105,166
101,248
53,437
82,313
111,164
97,162
110,248
108,323
46,214
116,237
105,153
101,235
53,425
82,297
111,166
97,162
110,193
108,317
46,261
116,207
105,178
101,695
53,1944
82,286
111,160
97,190
110,218
108,328
46,300
116,192
105,154
101,205
53,433
82,359
111,205
97,175
110,198
108,281
46,223
116,194
105,147
101,252
53,440
82,359
111,175
97,173
110,233
108,476
46,604
116,211
105,172
101,248
53,519
82,295
111,158
97,170
110,201
108,311
46,231
116,227
105,171
101,251
53,390
82,318
111,167
97,178
110,170
108,306
46,505
116,202
105,209
101,287
53,398
82,288
111,183
97,172
110,217
108,308
46,211
116,270
105,221
101,256
53,389
82,286
111,137
97,182
110,185
108,292
46,227
116,208
105,207
101,233
53,1029
82,278
111,247
97,165
110,244
108,315
46,243
116,209
105,135
101,237
53,381
82,366
111,608
97,131
110,198
108,370
46,302
116,211
105,136
101,249
53,509
82,322
111,178
97,176
110,197
108,314
46,270
116,204
105,168
101,265
53,393
82,312
111,941
97,185
110,312
108,412
46,301
116,170
105,167
101,444
53,401
82,268
111,157
97,195
110,317
108,354
46,294
116,183
105,155
101,304
53,414
82,281
111,183
97,161
110,240
108,335
46,334
116,170
105,169
101,394
53,383
82,265
111,162
97,236
110,220
108,340
46,355
116,207
105,177
101,293
53,412
82,269
111,126
97,240
110,200
108,337
46,313
116,213
105,164
101,279
53,483
82,645
111,216
97,153
110,241
108,398
46,327
116,205
105,164
101,388
53,489
82,371
111,350
97,219
110,225
108,379
46,265
116,253
105,208
101,312
53,409
82,311
111,535
97,141
110,228
108,329
46,278
116,235
105,157
101,297
53,446
82,381
111,400
97,175
110,221
108,368
46,274
116,232
105,169
101,283
53,408
82,347
111,366
97,176
110,222
108,348
46,258
116,239
105,142
101,323
53,448
82,278
111,463
97,194
110,235
108,367
46,272
116,210
105,195
101,342
53,373
82,334
111,200
97,476
110,213
108,429
46,261
116,217
105,134
101,236
53,626
82,302
111,539
97,141
110,265
108,340
46,253
116,197
105,177
101,243
53,452
82,300
111,200
97,135
110,636
108,342
46,317
116,208
105,167
101,247
53,509
82,337
111,188
97,194
110,245
108,312
46,244
116,219
105,180
101,340
53,706
82,276
111,153
97,203
110,219
108,369
46,219
116,251
105,144
101,318
53,486
82,299
111,222
97,146
110,257
108,339
46,239
116,245
105,167
101,240
53,637
82,316
111,173
97,191
110,224
108,364
46,427
116,246
105,166
101,250
53,523
82,332
111,213
97,158
110,219
108,377
46,229
116,215
105,177
101,364
53,453
82,261
111,267
97,126
110,285
108,431
46,253
116,218
105,174
101,268
53,591
82,252
111,979
97,159
110,312
108,379
46,296
116,193
105,199
101,231
53,448
82,261
111,219
97,106
110,252
108,358
46,214
116,194
105,155
101,248
53,1000
82,239
111,248
97,127
110,287
108,416
46,281
116,223
105,215
101,275
53,405
82,219
111,239
97,89
110,267
108,336
46,215
116,251
105,189
101,292
53,406
82,221
111,230
97,109
110,259
108,356
46,197
116,232
105,145
101,254
53,383
82,225
111,229
97,113
110,240
108,292
46,831
116,155
105,167
101,318
53,439
82,233
111,202
97,115
110,262
108,447
46,321
116,217
105,147
101,255
53,430
82,234
111,199
97,91
110,223
108,339
46,229
116,177
105,171
101,235
53,578
82,256
111,250
97,60
110,317
108,469
46,187
116,229
105,882
101,1398
53,386
82,266
111,179
97,161
110,269
108,418
46,407
116,186
105,183
101,212
53,481
82,275
111,215
97,68
110,279
108,452
46,227
116,230
105,143
101,350
53,468
82,254
111,216
97,79
110,281
108,457
46,523
116,238
105,173
101,288
53,387
82,240
111,221
97,101
110,324
108,505
46,234
116,202
105,166
101,334
53,427
82,282
111,213
97,146
110,250
108,396
46,170
116,249
105,195
101,375
53,528
82,265
111,201
97,138
110,252
108,342
46,191
116,237
105,244
101,302
53,556
82,307
111,237
97,143
110,199
108,309
46,255
116,231
105,186
101,255
53,572
82,333
111,238
97,151
110,282
108,474
46,195
116,213
105,177
101,329
53,527
82,414
111,187
97,134
110,241
108,363
46,235
116,220
105,143
101,311
53,466
82,278
111,202
97,120
110,222
108,351
46,216
116,225
105,159
101,350
53,514
82,262
111,205
97,134
110,212
108,306
46,420
116,168
105,181
101,321
53,437
82,266
111,196
97,125
110,216
108,340
46,241
116,253
105,183
101,283
53,467
82,286
111,223
97,159
110,202
108,327
46,207
116,291
105,214
101,381
53,528
82,293
111,273
97,150
110,226
108,363
46,247
116,255
105,232
101,981
53,398
82,248
111,174
97,171
110,207
108,341
46,202
116,204
105,184
101,302
53,406
82,229
111,232
97,105
110,261
108,363
46,234
116,239
105,164
101,332
53,454
82,320
111,204
97,108
110,252
108,355
46,191
116,576
105,166
101,276
53,369
82,285
111,194
97,119
110,221
108,358
46,212
116,230
105,191
101,696
53,398
82,209
111,270
97,152
110,286
108,424
46,229
116,225
105,163
101,295
53,442
82,262
111,202
97,108
110,259
108,400
46,433
116,235
105,181
101,294
53,402
82,259
111,194
97,186
110,208
108,329
46,191
116,236
105,182
101,319
53,498
82,282
111,136
97,190
110,223
108,402
46,233
116,211
105,143
101,324
53,1138
82,265
111,167
97,157
110,228
108,460
46,406
116,155
105,135
101,259
53,441
82,231
111,199
97,163
110,415
108,521
46,345
116,201
105,174
101,239
53,413
82,661
111,227
97,227
110,250
108,437
46,241
116,195
105,207
101,282
53,422
82,283
111,234
97,128
110,348
108,526
46,360
116,168
105,215
101,258
53,463
82,336
111,221
97,230
110,1164
108,441
46,444
116,221
105,154
101,239
53,448
82,235
111,210
97,153
110,278
108,385
46,347
116,216
105,117
101,388
53,446
82,280
111,182
97,234
110,567
108,422
46,365
116,249
105,176
101,286
53,446
82,290
111,225
97,192
110,255
108,398
46,265
116,252
105,179
101,278
53,455
82,306
111,197
97,193
110,237
108,365
46,272
116,232
105,174
101,267
53,504
82,294
111,232
97,120
110,267
108,384
46,250
116,213
105,193
101,257
53,508
82,315
111,230
97,166
110,250
108,430
46,266
116,189
105,188
101,255
53,436
82,264
111,245
97,124
110,294
108,363
46,223
116,216
105,203
101,331
53,509
82,240
111,301
97,161
110,322
108,419
46,254
116,209
105,144
101,235
53,409
82,244
111,228
97,134
110,290
108,417
46,267
116,208
105,212
101,251
53,438
82,266
111,231
97,128
110,263
108,321
46,188
116,218
105,174
101,359
53,1040
82,239
111,179
97,199
110,287
108,379
46,227
116,218
105,195
101,307
53,403
82,263
111,247
97,153
110,250
108,320
46,281
116,184
105,328
101,280
53,2441
82,294
111,175
97,175
110,249
108,344
46,295
116,363
105,190
101,341
53,357
82,273
111,206
97,149
110,319
108,345
46,750
116,262
105,214
101,269
53,429
82,204
111,242
97,179
110,215
108,311
46,233
116,244
105,163
101,304
53,401
82,305
111,244
97,199
110,221
108,315
46,242
116,227
105,195
101,291
53,435
82,263
111,192
97,164
110,202
108,314
46,241
116,220
105,161
101,271
53,448
82,284
111,169
97,253
110,261
108,546
46,278
116,206
105,176
101,275
53,449
82,291
111,193
97,190
110,210
108,337
46,323
116,245
105,200
101,332
53,692
82,268
111,149
97,216
110,253
108,319
46,259
116,208
105,172
101,275
53,406
82,297
111,221
97,144
110,243
108,324
46,254
116,242
105,161
101,322
53,489
82,356
111,188
97,159
110,227
108,397
46,327
116,214
105,256
101,573
53,574
82,321
111,206
97,151
110,214
108,348
46,215
116,229
105,153
101,325
53,417
82,277
111,219
97,112
110,225
108,300
46,247
116,216
105,174
101,301
53,447
82,255
111,197
97,153
110,223
108,359
46,330
116,208
105,165
101,317
53,444
82,299
111,191
97,180
110,227
108,410
46,301
116,194
105,172
101,278
53,431
82,294
111,226
97,178
110,246
108,462
46,247
116,192
105,187
101,316
53,443
82,304
111,180
97,177
110,275
108,356
46,735
116,177
105,153
101,254
53,465
82,264
111,204
97,168
110,377
108,429
46,250
116,222
105,179
101,277
53,397
82,260
111,208
97,151
110,264
108,324
46,236
116,225
105,190
101,277
53,517
82,306
111,108
97,375
110,220
108,396
46,211
116,228
105,153
101,261
53,433
82,266
111,207
97,154
110,269
108,454
46,206
116,227
105,182
101,274
53,392
82,324
111,195
97,218
110,221
108,387
46,210
116,231
105,156
101,278
53,388
82,303
111,185
97,183
110,212
108,322
46,317
116,232
105,215
101,706
53,380
82,220
111,194
97,128
110,224
108,366
46,543
116,223
105,174
101,277
53,633
82,278
111,175
97,205
110,285
108,370
46,230
116,257
105,193
101,326
53,396
82,239
111,207
97,141
110,228
108,310
46,261
116,217
105,166
101,331
53,431
82,261
111,177
97,176
110,244
108,378
46,239
116,229
105,162
101,276
53,645
82,284
111,190
97,170
110,237
108,421
46,211
116,214
105,183
101,350
53,476
82,233
111,210
97,152
110,236
108,345
46,202
116,256
105,196
101,286
53,1261
82,296
111,219
97,186
110,230
108,327
46,422
116,210
105,170
101,280
53,433
82,275
111,174
97,171
110,241
108,328
46,183
116,228
105,188
101,269
53,552
82,286
111,191
97,135
110,251
108,371
46,242
116,193
105,167
101,286
53,472
82,273
111,203
97,122
110,320
108,507
46,216
116,262
105,159
101,272
53,474
82,324
111,177
97,157
110,216
108,349
46,273
116,137
105,831
101,283
53,856
82,1083
111,175
97,134
110,323
108,387
46,280
116,170
105,154
101,234
53,363
82,262
111,171
97,131
110,253
108,345
46,257
116,212
105,168
101,262
53,454
82,269
111,166
97,185
110,223
108,333
46,778
116,784
105,181
101,298
53,371
82,294
111,152
97,188
110,226
108,325
46,426
116,216
105,162
101,246
53,393
82,279
111,190
97,150
110,270
108,355
46,233
116,216
105,179
101,268
53,414
82,305
111,204
97,164
110,223
108,336
46,292
116,261
105,256
101,244
53,403
82,272
111,153
97,180
110,249
108,408
46,306
116,186
105,171
101,214
53,400
82,286
111,205
97,170
110,248
108,330
46,458
116,175
105,165
101,275
53,532
82,318
111,194
97,170
110,239
108,1072
46,233
116,240
105,151
101,225
53,400
82,298
111,234
97,126
110,261
108,339
46,221
116,254
105,224
101,288
53,439
82,237
111,194
97,141
110,277
108,350
46,399
116,219
105,141
101,228
53,412
82,233
111,187
97,187
110,208
108,306
46,245
116,229
105,139
101,229
53,400
82,277
111,232
97,105
110,277
108,338
46,189
116,225
105,192
101,222
53,488
82,281
111,238
97,181
110,395
108,463
46,208
116,253
105,257
101,350
53,355
82,238
111,134
97,173
110,264
108,343
46,222
116,204
105,164
101,237
53,416
82,299
111,204
97,146
110,228
108,351
46,292
116,199
105,170
101,229
53,425
82,224
111,351
97,329
110,334
108,597
46,195
116,244
105,183
101,257
53,433
82,247
111,196
97,187
110,320
108,380
46,287
116,270
105,168
101,246
53,398
82,278
111,244
97,111
110,407
108,451
46,207
116,262
105,192
101,225
53,424
82,253
111,216
97,183
110,247
108,294
46,227
116,272
105,170
101,291
53,422
82,294
111,272
97,141
110,323
108,468
46,225
116,250
105,215
101,277
53,407
82,246
111,91
97,353
110,197
108,335
46,204
116,306
105,437
101,339
53,359
82,238
111,166
97,215
110,284
108,362
46,258
116,615
105,132
101,255
53,347
82,246
111,185
97,213
110,233
108,373
46,256
116,257
105,176
101,271
53,460
82,299
111,182
97,226
110,244
108,370
46,310
116,228
105,156
101,221
53,375
82,243
111,214
97,141
110,328
108,286
46,206
116,253
105,150
101,255
53,382
82,250
111,143
97,233
110,215
108,294
46,184
116,281
105,267
101,322
53,417
82,275
111,80
97,321
110,223
108,330
46,223
116,234
105,202
101,231
53,402
82,242
111,667
97,140
110,691
108,500
46,184
116,243
105,174
101,249
53,417
82,269
111,105
97,291
110,237
108,339
46,202
116,236
105,173
101,262
53,412
82,290
111,230
97,207
110,224
108,287
46,182
116,314
105,354
101,304
53,352
82,239
111,129
97,263
110,225
108,322
46,259
116,226
105,162
101,239
53,1425
82,286
111,109
97,304
110,200
108,382
46,179
116,245
105,185
101,240
53,616
82,325
111,406
97,152
110,249
108,318
46,785
116,175
105,204
101,222
53,586
82,326
111,48
97,333
110,774
108,381
46,408
116,210
105,162
101,222
53,468
82,295
111,149
97,239
110,282
108,383
46,252
116,330
105,219
101,298
53,474
82,292
111,113
97,327
110,225
108,378
46,216
116,278
105,239
101,303
53,504
82,300
111,113
97,311
110,210
108,376
46,206
116,242
105,206
101,271
53,443
82,285
111,126
97,291
110,245
108,333
46,215
116,349
105,189
101,335
53,387
82,271
111,190
97,293
110,255
108,324
46,209
116,255
105,155
101,264
53,469
82,324
111,36
97,379
110,315
108,371
46,834
116,236
105,169
101,650
53,342
82,276
111,459
97,249
110,214
108,357
46,199
116,264
105,197
101,262
53,402
82,476
111,211
97,250
110,267
108,307
46,276
116,239
105,178
101,257
53,432
82,290
111,234
97,143
110,265
108,360
46,247
116,239
105,178
101,267
53,458
82,501
111,344
97,223
110,243
108,357
46,257
116,247
105,197
101,269
53,396
82,300
111,223
97,149
110,279
108,376
46,268
116,239
105,173
101,259
53,433
82,292
111,231
97,159
110,288
108,339
46,218
116,228
105,189
101,280
53,436
82,362
111,261
97,201
110,224
108,353
46,183
116,239
105,199
101,275
53,523
82,295
111,202
97,205
110,254
108,344
46,255
116,223
105,185
101,292
53,470
82,290
111,243
97,139
110,248
108,388
