46,909
116,618
105,762
101,2279
53,1993
82,1853
111,226
97,585
110,743
108,2297
46,690
116,553
105,1073
101,742
53,1816
82,868
111,1033
97,309
110,567
108,1552
46,744
116,550
105,710
101,1242
53,808
82,1221
111,262
97,676
110,1495
108,1640
46,1099
116,683
105,938
101,1162
53,1591
82,1186
111,300
97,526
110,907
108,2292
46,2772
116,556
105,508
101,284
53,829
82,666
111,384
97,337
110,499
108,1799
46,1152
116,736
105,1153
101,1404
53,844
82,710
111,484
97,355
110,1143
108,2319
46,1132
116,577
105,677
101,1741
53,1687
82,752
111,510
97,511
110,1071
108,1670
46,1014
116,676
105,1979
101,1265
53,666
82,588
111,425
97,370
110,1485
108,1761
46,1077
116,519
105,784
101,212
53,799
82,617
111,283
97,373
110,710
108,1060
46,1998
116,895
105,595
101,686
53,362
82,593
111,363
97,402
110,1067
108,1033
46,449
116,615
105,415
101,1204
53,409
82,563
111,289
97,384
110,999
108,856
46,656
116,655
105,843
101,257
53,837
82,664
111,315
97,413
110,724
108,2499
46,599
116,584
105,825
101,571
53,421
82,717
111,453
97,324
110,945
108,2060
46,921
116,700
105,593
101,208
53,708
82,602
111,239
97,389
110,641
108,1176
46,896
116,774
105,731
101,1419
53,838
82,589
111,370
97,343
110,776
108,1074
46,679
116,620
105,1006
101,1227
53,551
82,710
111,414
97,328
110,749
108,1017
46,2602
116,789
105,664
101,521
53,580
82,805
111,333
97,382
110,842
108,1268
46,703
116,439
105,475
101,363
53,634
82,652
111,297
97,384
110,583
108,671
46,445
116,557
105,786
101,408
53,692
82,701
111,264
97,417
110,690
108,709
46,1074
116,626
105,219
101,625
53,446
82,541
111,199
97,387
110,671
108,1308
46,5582
116,734
105,950
101,448
53,651
82,626
111,307
97,435
110,1011
108,976
46,1183
116,740
105,634
101,540
53,579
82,667
111,297
97,446
110,747
108,2603
46,1521
116,732
105,1630
101,2153
53,551
82,619
111,563
97,520
110,704
108,5719
46,715
116,535
105,1204
101,1546
53,758
82,637
111,723
97,1235
110,604
108,3634
46,547
116,602
105,874
101,251
53,764
82,723
111,185
97,482
110,841
108,682
46,579
116,573
105,1871
101,901
53,349
82,669
111,237
97,434
110,512
108,634
46,787
116,194
105,866
101,991
53,369
82,578
111,203
97,457
110,612
108,692
46,568
116,641
105,243
101,743
53,695
82,619
111,411
97,370
110,2355
108,1464
46,704
116,602
105,502
101,382
53,671
82,730
111,229
97,363
110,739
108,1263
46,616
116,636
105,638
101,1340
53,673
82,711
111,385
97,473
110,2312
108,1497
46,654
116,633
105,457
101,1256
53,640
82,603
111,222
97,479
110,761
108,772
46,641
116,233
105,663
101,733
53,396
82,660
111,398
97,260
110,868
108,1976
46,456
116,636
105,813
101,2249
53,1072
82,754
111,342
97,318
110,770
108,1456
46,3532
116,523
105,758
101,3654
53,717
82,598
111,306
97,424
110,648
108,2230
46,689
116,584
105,803
101,235
53,649
82,569
111,279
97,459
110,591
108,751
46,1170
116,571
105,521
101,204
53,790
82,597
111,223
97,404
110,545
108,502
46,765
116,224
105,558
101,443
53,1058
82,790
111,188
97,869
110,665
108,763
46,727
116,629
105,624
101,204
53,741
82,583
111,193
97,493
110,771
108,559
46,547
116,490
105,516
101,233
53,726
82,612
111,171
97,901
110,486
108,593
46,619
116,1457
105,679
101,317
53,1509
82,684
111,190
97,478
110,678
108,719
46,570
116,588
105,600
101,556
53,1099
82,717
111,184
97,423
110,772
108,1294
46,805
116,218
105,915
101,1643
53,970
82,2079
111,204
97,346
110,893
108,3623
46,589
116,654
105,717
101,203
53,707
82,647
111,523
97,241
110,878
108,2345
46,1369
116,185
105,836
101,460
53,842
82,1068
111,540
97,298
110,1016
108,5930
46,912
116,584
105,662
101,365
53,938
82,1473
111,516
97,414
110,1369
108,1052
46,1259
116,571
105,363
101,1062
53,806
82,744
111,516
97,369
110,767
108,723
46,725
116,621
105,877
101,681
53,5477
82,655
111,277
97,362
110,798
108,2065
46,482
116,561
105,516
101,387
53,692
82,642
111,233
97,400
110,577
108,3190
46,965
116,2780
105,674
101,595
53,798
82,785
111,610
97,234
110,648
108,1024
46,522
116,517
105,418
101,208
53,861
82,562
111,167
97,415
110,683
108,868
46,1193
116,180
105,719
101,408
53,835
82,682
111,180
97,379
110,729
108,1902
46,991
116,188
105,1139
101,1831
53,573
82,649
111,211
97,423
110,748
108,698
46,605
116,166
105,767
101,449
53,521
82,605
111,174
97,474
110,834
108,1100
46,1266
116,201
105,926
101,310
53,499
82,621
111,389
97,374
110,735
108,1243
46,556
116,256
105,702
101,345
53,707
82,631
111,181
97,451
110,782
108,689
46,668
116,1024
105,231
101,1411
53,531
82,1377
111,221
97,390
110,656
108,771
46,949
116,197
105,812
101,411
53,466
82,1339
111,196
97,453
110,542
108,1160
46,975
116,199
105,708
101,804
53,455
82,742
111,210
97,455
110,1469
108,1522
46,1120
116,312
105,892
101,506
53,454
82,746
111,233
97,473
110,696
108,1442
46,2432
116,248
105,864
101,210
53,779
82,799
111,191
97,401
110,692
108,922
46,941
116,155
105,725
101,230
53,690
82,640
111,176
97,426
110,626
108,924
46,817
116,176
105,971
101,233
53,864
82,645
111,170
97,485
110,614
108,816
46,1028
116,224
105,712
101,252
53,590
82,627
111,255
97,441
110,631
108,1345
46,1083
116,412
105,644
101,236
53,666
82,658
111,212
97,403
110,715
108,772
46,804
116,257
105,582
101,188
53,489
82,711
111,160
97,419
110,529
108,998
46,470
116,230
105,534
101,431
53,517
82,788
111,272
97,429
110,557
108,839
46,908
116,171
105,708
101,222
53,430
82,704
111,208
97,368
110,621
108,522
46,1126
116,149
105,612
101,446
53,818
82,817
111,160
97,431
110,555
108,839
46,757
116,210
105,663
101,379
53,408
82,733
111,184
97,401
110,665
108,2365
46,808
116,167
105,653
101,433
53,530
82,911
111,566
97,254
110,555
108,1175
46,945
116,194
105,945
101,231
53,597
82,1094
111,611
97,304
110,1355
108,1645
46,1052
116,205
105,640
101,373
53,543
82,778
111,638
97,190
110,696
108,1133
46,614
116,225
105,692
101,248
53,464
82,647
111,404
97,274
110,608
108,1078
46,802
116,177
105,778
101,265
53,533
82,808
111,705
97,231
110,805
108,1210
46,776
116,218
105,696
101,236
53,503
82,703
111,250
97,485
110,626
108,1083
46,653
116,181
105,656
101,536
53,572
82,592
111,202
97,387
110,563
108,1005
46,684
116,215
105,566
101,362
53,374
82,619
111,162
97,446
110,591
108,507
46,660
116,176
105,689
101,208
53,452
82,595
111,202
97,417
110,691
108,617
46,669
116,365
105,698
101,201
53,446
82,605
111,118
97,527
110,771
108,769
46,681
116,234
105,723
101,392
53,365
82,619
111,236
97,379
110,598
108,711
46,889
116,163
105,616
101,278
53,407
82,676
111,217
97,433
110,524
108,915
46,792
116,164
105,618
101,273
53,979
82,618
111,116
97,424
110,463
108,504
46,772
116,144
105,709
101,350
53,410
82,609
111,233
97,399
110,537
108,1172
46,1160
116,231
105,814
101,878
53,426
82,578
111,232
97,545
110,695
108,1133
46,584
116,264
105,910
101,3077
53,363
82,1185
111,318
97,472
110,574
108,1036
46,631
116,168
105,646
101,259
53,432
82,628
111,206
97,400
110,493
108,538
46,715
116,234
105,519
101,287
53,499
82,559
111,239
97,390
110,517
108,520
46,678
116,193
105,609
101,398
53,426
82,638
111,179
97,382
110,464
108,597
46,638
116,273
105,593
101,213
53,734
82,604
111,142
97,507
110,516
108,866
46,577
116,346
105,701
101,212
53,512
82,598
111,171
97,429
110,587
108,505
46,555
116,210
105,639
101,363
53,490
82,626
111,198
97,434
110,629
108,625
46,493
116,205
105,494
101,302
53,438
82,592
111,175
97,389
110,508
108,629
46,858
116,166
105,737
101,326
53,440
82,645
111,216
97,590
110,667
108,731
46,733
116,252
105,689
101,230
53,450
82,611
111,190
97,413
110,565
108,810
46,554
116,225
105,559
101,247
53,513
82,670
111,214
97,407
110,493
108,705
46,669
116,214
105,515
101,333
53,620
82,654
111,232
97,358
110,577
108,767
46,533
116,247
105,501
101,333
53,738
82,639
111,221
97,393
110,559
108,819
46,697
116,210
105,498
101,393
53,400
82,591
111,165
97,411
110,526
108,515
46,474
116,176
105,532
101,283
53,400
82,651
111,208
97,382
110,541
108,917
46,1445
116,251
105,556
101,302
53,388
82,609
111,201
97,395
110,803
108,614
46,1157
116,189
105,798
101,697
53,398
82,611
111,240
97,474
110,751
108,721
46,899
116,190
105,738
101,1001
53,737
82,643
111,378
97,511
110,694
108,2204
46,982
116,241
105,671
101,559
53,449
82,610
111,248
97,419
110,576
108,916
46,1005
116,189
105,663
101,294
53,698
82,637
111,367
97,427
110,874
108,1041
46,938
116,290
105,491
101,501
53,570
82,621
111,339
97,485
110,633
108,1138
46,670
116,306
105,617
101,280
53,690
82,660
111,222
97,632
110,1535
108,1926
46,814
116,743
105,526
101,389
53,1016
82,689
111,262
97,382
110,609
108,935
46,701
116,319
105,523
101,455
53,648
82,626
111,337
97,379
110,557
108,805
46,1518
116,436
105,1176
101,951
53,898
82,702
111,305
97,503
110,1162
108,2106
46,704
116,435
105,646
101,546
53,613
82,571
111,325
97,379
110,570
108,718
46,1347
116,299
105,599
101,822
53,709
82,657
111,331
97,419
110,688
108,987
46,646
116,358
105,593
101,458
53,1081
82,722
111,356
97,585
110,734
108,1129
46,944
116,324
105,506
101,388
53,856
82,836
111,519
97,461
110,625
108,659
46,1694
116,293
105,542
101,348
53,749
82,907
111,527
97,294
110,582
108,742
46,979
116,591
105,2251
101,259
53,651
82,628
111,312
97,490
110,628
108,687
46,481
116,342
105,495
101,261
53,691
82,621
111,210
97,490
110,642
108,603
46,611
116,252
105,435
101,275
53,626
82,604
111,216
97,524
110,1098
108,533
46,423
116,255
105,495
101,263
53,613
82,637
111,204
97,400
110,528
108,514
46,724
116,212
105,520
101,245
53,717
82,648
111,270
97,419
110,521
108,534
46,730
116,192
105,637
101,248
53,667
82,640
111,378
97,346
110,531
108,948
46,767
116,231
105,557
101,339
53,740
82,743
111,216
97,422
110,661
108,2217
46,1726
116,390
105,614
101,259
53,746
82,693
111,305
97,491
110,549
108,1043
46,1603
116,238
105,1029
101,785
53,571
82,624
111,262
97,422
110,508
108,720
46,683
116,279
105,592
101,617
53,665
82,657
111,279
97,468
110,532
108,810
46,549
116,213
105,493
101,337
53,661
82,574
111,235
97,470
110,498
108,693
46,964
116,280
105,344
101,331
53,630
82,577
111,277
97,375
110,545
108,510
46,760
116,187
105,714
101,353
53,3690
82,702
111,286
97,393
110,531
108,771
46,850
116,251
105,485
101,251
53,681
82,645
111,375
97,395
110,543
108,787
46,813
116,209
105,555
101,304
53,657
82,728
111,481
97,543
110,603
108,787
46,507
116,328
105,511
101,515
53,749
82,731
111,254
97,614
110,618
108,699
46,539
116,324
105,456
101,410
53,710
82,692
111,440
97,383
110,587
108,735
46,828
116,211
105,566
101,355
53,720
82,666
111,320
97,423
110,586
108,837
46,1350
116,369
105,433
101,294
53,761
82,742
111,294
97,365
110,545
108,759
46,707
116,191
105,480
101,421
53,573
82,675
111,297
97,471
110,591
108,971
46,590
116,344
105,533
101,213
53,699
82,653
111,360
97,551
110,563
108,589
46,636
116,307
105,609
101,1053
53,646
82,757
111,670
97,593
110,614
108,735
46,585
116,375
105,1071
101,502
53,616
82,583
111,252
97,398
110,523
108,1784
46,780
116,291
105,604
101,2668
53,651
82,651
111,182
97,494
110,536
108,1014
46,491
116,293
105,406
101,285
53,625
82,583
111,240
97,403
110,676
108,705
46,478
116,296
105,473
101,373
53,681
82,740
111,305
97,413
110,515
108,1229
46,455
116,259
105,437
101,352
53,690
82,791
111,624
97,518
110,1062
108,1044
46,468
116,282
105,641
101,435
53,589
82,742
111,272
97,429
110,545
108,765
46,838
116,214
105,503
101,391
53,700
82,781
111,691
97,437
110,684
108,1182
46,944
116,222
105,784
101,483
53,1077
82,652
111,422
97,380
110,542
108,618
46,562
116,337
105,490
101,385
53,659
82,704
111,352
97,428
110,507
108,922
46,1273
116,206
105,595
101,1049
53,382
82,600
111,296
97,398
110,621
108,637
46,532
116,227
105,470
101,350
53,674
82,795
111,381
97,418
110,506
108,871
46,632
116,266
105,465
101,418
53,724
82,683
111,338
97,416
110,581
108,814
46,830
116,273
105,432
101,332
53,723
82,1650
111,307
97,825
110,578
108,831
46,495
116,316
105,673
101,270
53,725
82,617
111,318
97,358
110,474
108,966
46,1079
116,190
105,927
101,797
53,1079
82,781
111,222
97,608
110,521
108,823
46,786
116,240
105,618
101,251
53,725
82,636
111,343
97,359
110,555
108,1100
46,1819
116,223
105,939
101,2218
53,774
82,742
111,714
97,298
110,1280
108,1558
46,895
116,521
105,713
101,717
53,1033
82,917
111,341
97,412
110,605
108,829
46,874
116,331
105,514
101,341
53,596
82,588
111,260
97,435
110,657
108,541
46,886
116,197
105,610
101,313
53,636
82,652
111,234
97,419
110,670
108,779
46,921
116,242
105,530
101,506
53,818
82,908
111,323
97,483
110,698
108,770
46,531
116,314
105,526
101,390
53,1183
82,705
111,262
97,444
110,706
108,1119
46,511
116,328
105,654
101,324
53,750
82,722
111,263
97,574
110,626
108,814
46,1327
116,712
105,338
101,521
53,770
82,605
111,261
97,457
110,496
108,468
46,914
116,607
105,398
101,403
53,754
82,707
111,324
97,536
110,607
108,965
46,517
116,320
105,415
101,388
53,742
82,669
111,219
97,476
110,621
108,765
46,1904
116,295
105,774
101,432
53,701
82,610
111,349
97,342
110,587
108,2185
46,1873
116,619
105,557
101,786
53,1233
82,682
111,354
97,442
110,613
108,1351
46,974
116,218
105,522
101,329
53,681
82,631
111,305
97,385
110,555
108,705
46,1412
116,297
105,603
101,716
53,694
82,646
111,229
97,412
110,575
108,979
46,1185
116,205
105,866
101,733
53,952
82,774
111,459
97,366
110,542
108,722
46,1077
116,210
105,779
101,417
53,668
82,601
111,296
97,402
110,530
108,734
46,1272
116,273
105,366
101,538
53,472
82,629
111,240
97,394
110,535
108,604
46,1113
116,203
105,462
101,362
53,811
82,1229
111,512
97,374
110,718
108,1356
46,653
116,287
105,441
101,704
53,1112
82,1000
111,391
97,398
110,654
108,1268
46,665
116,401
105,976
101,416
53,653
82,626
111,234
97,423
110,595
108,942
46,761
116,234
105,617
101,395
53,962
82,716
111,294
97,537
110,786
108,765
46,506
116,271
105,334
101,359
53,655
82,595
111,227
97,514
110,646
108,996
46,2335
116,415
105,453
101,284
53,677
82,879
111,526
97,350
110,691
108,901
46,1121
116,275
105,433
101,1101
53,1691
82,697
111,217
97,591
110,625
108,1101
46,556
116,277
105,430
101,316
53,659
82,607
111,203
97,443
110,571
108,875
46,524
116,309
105,516
101,423
53,571
82,713
111,268
97,428
110,573
108,1149
46,347
116,302
105,363
101,311
53,730
82,626
111,228
97,417
110,604
108,943
46,638
116,253
105,358
101,334
53,637
82,573
111,128
97,482
110,554
108,491
46,520
116,270
105,508
101,216
53,756
82,600
111,200
97,399
110,544
108,651
46,488
116,277
105,490
101,229
53,701
82,608
111,166
97,453
110,516
108,539
46,573
116,201
105,521
101,275
53,706
82,610
111,237
97,396
110,540
108,557
46,533
116,348
105,332
101,299
53,728
82,598
111,140
97,423
110,508
108,515
46,836
116,191
105,472
101,330
53,689
82,677
111,214
97,449
110,488
108,539
46,786
116,250
105,434
101,415
53,663
82,642
111,186
97,425
110,599
108,682
46,701
116,372
105,308
101,518
53,791
82,626
111,271
97,546
110,644
108,657
46,982
116,195
105,417
101,778
53,1475
82,656
111,470
97,366
110,548
108,721
46,556
116,418
105,591
101,2713
53,1172
82,640
111,225
97,494
110,510
108,956
46,579
116,222
105,488
101,505
53,728
82,630
111,200
97,395
110,598
108,553
46,547
116,318
105,362
101,385
53,683
82,669
111,492
97,539
110,624
108,787
46,905
116,697
105,822
101,577
53,872
82,1032
111,400
97,382
110,640
108,767
46,558
116,283
105,382
101,370
53,685
82,637
111,255
97,421
110,596
108,719
46,1006
116,259
105,448
101,828
53,977
82,822
111,379
97,473
110,957
108,1222
46,530
116,450
105,461
101,431
53,613
82,611
111,209
97,455
110,613
108,731
46,1271
116,522
105,530
101,516
53,772
82,711
111,455
97,475
110,608
108,903
46,466
116,271
105,482
101,399
53,646
82,600
111,208
97,419
110,503
108,693
46,688
116,225
105,516
101,333
53,647
82,645
111,247
97,455
110,543
108,721
46,435
116,328
105,330
101,322
53,674
82,609
111,335
97,510
110,691
108,689
46,695
116,331
105,446
101,991
53,473
82,803
111,251
97,481
110,597
108,728
46,608
116,590
105,525
101,233
53,678
82,670
111,317
97,512
110,632
108,1180
46,905
116,281
105,457
101,339
53,702
82,726
111,395
97,457
110,640
108,845
46,578
116,332
105,571
101,780
53,802
82,666
111,310
97,374
110,904
108,964
46,620
116,269
105,673
101,656
53,624
82,691
111,471
97,240
110,572
108,727
46,742
116,285
105,440
101,378
53,653
82,698
111,488
97,285
110,794
108,870
46,623
116,260
105,496
101,434
53,646
82,697
111,415
97,312
110,700
108,793
46,703
116,312
105,525
101,976
53,857
82,728
111,327
97,379
110,617
108,638
46,487
116,309
105,391
101,383
53,632
82,646
111,236
97,409
110,581
108,645
46,501
116,276
105,411
101,459
53,810
82,746
111,269
97,477
110,603
108,1054
46,1057
116,270
105,492
101,633
53,673
82,697
111,303
97,462
110,566
108,1135
46,1109
116,270
105,609
101,463
53,693
82,649
111,227
97,445
110,578
108,1159
46,746
116,243
105,643
101,400
53,933
82,734
111,339
97,374
110,613
108,1310
46,1124
116,218
105,631
101,389
53,797
82,757
111,346
97,379
110,788
108,856
46,940
116,276
105,517
101,525
53,610
82,672
111,251
97,404
110,681
108,848
46,566
116,316
105,416
101,287
53,636
82,628
111,265
97,366
110,522
108,759
46,772
116,244
105,452
101,477
53,615
82,649
111,246
97,383
110,558
108,826
46,442
116,272
105,352
101,327
53,635
82,656
111,335
97,342
110,551
108,835
46,414
116,292
105,394
101,376
53,671
82,653
111,306
97,458
110,591
108,626
46,539
116,277
105,419
101,315
53,710
82,675
111,270
97,426
110,637
108,577
46,451
116,253
105,374
101,393
53,655
82,743
111,215
97,455
110,567
108,588
46,483
116,293
105,426
101,468
53,620
82,725
111,258
97,420
110,550
108,638
46,508
116,273
105,352
101,408
53,647
82,633
111,355
97,396
110,582
108,739
46,483
116,316
105,397
101,386
53,632
82,725
111,354
97,361
110,578
108,666
46,533
116,304
105,429
101,304
53,670
82,707
111,378
97,312
110,798
108,1053
46,590
116,289
105,497
101,572
53,725
82,785
111,285
97,452
110,548
108,755
46,707
116,226
105,456
101,345
53,568
82,631
111,214
97,399
110,572
108,770
46,711
116,238
105,447
101,313
53,685
82,704
111,449
97,351
110,1005
108,746
46,965
116,309
105,773
101,1460
53,728
82,640
111,277
97,401
110,521
108,762
46,791
116,265
105,491
101,648
53,886
82,1231
111,345
97,374
110,581
108,751
46,759
116,338
105,347
101,348
53,675
82,663
111,302
97,363
110,534
108,709
46,464
116,282
105,352
101,378
53,925
82,655
111,283
97,431
110,536
108,777
46,434
116,275
105,404
101,395
53,631
82,639
111,282
97,397
110,559
108,991
46,1119
116,370
105,526
101,344
53,658
82,582
111,208
97,445
110,548
108,818
46,560
116,291
105,302
101,349
53,620
82,660
111,215
97,492
110,582
108,683
46,457
116,234
105,372
101,358
53,639
82,621
111,276
97,423
110,665
108,1355
46,461
116,268
105,370
101,649
53,1739
82,1003
111,347
97,325
110,699
108,1088
46,586
116,262
105,377
101,972
53,670
82,608
111,308
97,344
110,580
108,537
46,517
116,197
105,439
101,379
53,605
82,611
111,273
97,440
110,575
108,579
46,503
116,232
105,368
101,322
53,649
82,643
111,239
97,508
110,566
108,746
46,764
116,196
105,428
101,792
53,978
82,648
111,298
97,368
110,571
108,1070
46,765
116,710
105,616
101,368
53,695
82,674
111,279
97,369
110,547
108,662
46,608
116,228
105,524
101,543
53,675
82,667
111,413
97,306
110,647
108,850
46,373
116,260
105,406
101,510
53,719
82,873
111,487
97,397
110,729
108,1468
46,426
116,399
105,430
101,537
53,887
82,860
111,648
97,387
110,588
108,954
46,1084
116,324
105,379
101,675
53,536
82,681
111,448
97,216
110,542
108,681
46,376
116,296
105,295
101,438
53,615
82,632
111,297
97,411
110,470
108,501
46,399
116,249
105,363
101,391
53,581
82,584
111,186
97,427
110,463
108,478
46,542
116,223
105,416
101,361
53,572
82,854
111,390
97,368
110,597
108,611
46,435
116,293
105,321
101,413
53,641
82,623
111,269
97,596
110,524
108,625
46,482
116,240
105,439
101,368
53,657
82,671
111,305
97,423
110,572
108,779
46,735
116,193
105,518
101,378
53,715
82,624
111,181
97,581
110,602
108,711
46,821
116,802
105,299
101,416
53,621
82,629
111,191
97,399
110,502
108,666
46,789
116,190
105,552
101,324
53,625
82,700
111,229
97,362
110,563
108,551
46,614
116,246
105,454
101,357
53,613
82,803
111,372
97,413
110,558
108,505
46,796
116,157
105,557
101,259
53,671
82,686
111,170
97,476
110,511
108,526
46,717
116,163
105,555
101,327
53,688
82,847
111,322
97,450
110,555
108,560
46,624
116,188
105,534
101,303
53,669
82,692
111,247
97,412
110,549
108,509
46,731
116,220
105,550
101,230
53,631
82,679
111,469
97,276
110,532
108,529
46,624
116,210
105,498
101,356
53,621
82,657
111,194
97,393
110,517
108,580
46,616
116,187
105,506
101,283
53,650
82,721
111,272
97,413
110,541
108,504
46,575
116,195
105,472
101,332
53,611
82,637
111,244
97,379
110,537
108,468
46,586
116,179
105,482
101,319
53,600
82,676
111,218
97,393
110,549
108,640
46,594
116,207
105,506
101,390
53,425
82,672
111,302
97,290
110,546
108,594
46,584
116,203
105,495
101,330
53,668
82,637
111,250
97,358
110,501
108,487
46,468
116,171
105,460
101,403
53,557
82,624
111,185
97,390
110,508
108,482
46,582
116,194
105,458
101,356
53,553
82,589
111,228
97,345
110,512
108,518
46,466
116,204
105,433
101,340
53,528
82,600
111,339
97,257
110,520
108,489
46,511
116,249
105,507
101,391
53,447
82,638
111,217
97,347
110,547
108,516
46,543
116,235
105,443
101,299
53,632
82,655
111,217
97,516
110,589
108,549
46,535
116,223
105,474
101,277
53,620
82,622
111,300
97,266
110,501
108,533
46,472
116,174
105,468
101,367
53,635
82,671
111,234
97,372
110,513
108,504
46,521
116,196
105,474
101,370
53,581
82,632
111,207
97,344
110,508
108,461
46,618
116,269
105,491
101,371
53,454
82,882
111,318
97,358
110,553
108,520
46,553
116,174
105,471
101,391
53,581
82,655
111,204
97,348
110,479
108,527
46,566
116,168
105,421
101,334
53,662
82,625
111,172
97,490
110,510
108,482
46,503
116,181
105,460
101,373
53,685
82,606
111,222
97,339
110,537
108,532
46,423
116,194
105,416
101,374
53,618
82,639
111,219
97,370
110,454
108,527
46,512
116,184
105,475
101,356
53,709
82,656
111,329
97,294
110,513
108,526
46,960
116,220
105,476
101,320
53,660
82,638
111,294
97,339
110,513
108,545
46,539
116,173
105,466
101,326
53,578
82,619
111,368
97,288
110,507
108,487
46,525
116,186
105,450
101,433
53,494
82,631
111,265
97,501
110,636
108,828
46,959
116,259
105,485
101,267
53,661
82,637
111,253
97,376
110,518
108,615
46,527
116,180
105,429
101,440
53,776
82,681
111,262
97,310
110,599
108,555
46,553
116,188
105,436
101,437
53,672
82,655
111,275
97,412
110,518
108,689
46,555
116,236
105,446
101,386
53,659
82,663
111,315
97,375
110,554
108,568
46,473
116,215
105,445
101,373
53,702
82,662
111,228
97,360
110,524
108,528
46,497
116,186
105,442
101,385
53,654
82,706
111,206
97,397
110,492
108,498
46,474
116,203
105,416
101,383
53,643
82,645
111,149
97,442
110,471
108,491
46,511
116,185
105,451
101,342
53,603
82,589
111,218
97,431
110,467
108,467
46,454
116,189
105,426
101,389
53,678
82,670
111,214
97,374
110,505
108,524
46,870
116,267
105,417
101,383
53,605
82,669
111,208
97,484
110,481
108,808
46,821
116,265
105,379
101,308
53,647
82,663
111,477
97,276
110,991
108,481
46,788
116,235
105,423
101,419
53,606
82,594
111,253
97,397
110,520
108,501
46,518
116,152
105,477
101,407
53,597
82,600
111,242
97,426
110,548
108,510
46,635
116,181
105,497
101,539
53,514
82,661
111,250
97,334
110,496
108,658
46,598
116,259
105,418
101,384
53,704
82,652
111,164
97,413
110,516
108,822
46,608
116,181
105,459
101,523
53,741
82,647
111,192
97,511
110,471
108,489
46,583
116,208
105,398
101,440
53,645
82,623
111,177
97,436
110,513
108,486
46,550
116,194
105,458
101,436
53,708
82,659
111,198
97,417
110,607
108,751
46,738
116,220
105,489
101,397
53,703
82,620
111,192
97,416
110,641
108,607
46,532
116,200
105,516
101,375
53,882
82,657
111,367
97,368
110,526
108,869
46,739
116,238
105,525
101,334
53,656
82,686
111,270
97,598
110,620
108,987
46,641
116,215
105,492
101,396
53,618
82,666
111,220
97,450
110,563
108,457
46,496
116,345
105,410
101,371
53,687
82,726
111,222
97,441
110,576
108,612
46,557
116,420
105,523
101,215
53,650
82,680
111,162
97,424
110,521
108,488
46,528
116,217
105,411
101,333
53,665
82,667
111,204
97,460
110,554
108,540
46,587
116,194
105,452
101,399
53,701
82,622
111,228
97,378
110,545
108,527
46,514
116,227
105,366
101,345
53,646
82,757
111,189
97,552
110,510
108,552
46,470
116,284
105,399
101,320
53,633
82,642
111,204
97,434
110,564
108,504
46,475
116,248
105,390
101,376
53,584
82,692
111,221
97,382
110,549
108,495
46,479
116,356
105,349
101,330
53,697
82,648
111,259
97,383
110,551
108,505
46,496
116,253
105,412
101,436
53,641
82,630
111,223
97,400
110,569
108,511
46,472
116,276
105,426
101,355
53,700
82,650
111,226
97,419
110,531
108,472
46,488
116,242
105,440
101,347
53,586
82,626
111,231
97,404
110,560
108,531
46,493
116,217
105,442
101,346
53,743
82,628
111,248
97,424
110,541
108,519
46,478
116,290
105,416
101,402
53,562
82,654
111,239
97,388
110,538
108,484
46,551
116,193
105,481
101,375
53,665
82,708
111,193
97,396
110,521
108,471
46,615
116,209
105,428
101,1108
53,1132
82,698
111,341
97,516
110,799
108,1156
46,578
116,247
105,395
101,341
53,724
82,701
111,332
97,385
110,596
108,1240
46,644
116,252
105,481
101,359
53,642
82,692
111,226
97,456
110,589
108,593
46,607
116,348
105,392
101,358
53,652
82,663
111,343
97,348
110,557
108,569
46,441
116,351
105,402
101,666
53,703
82,727
111,301
97,471
110,553
108,440
46,589
116,183
105,464
101,323
53,710
82,672
111,214
97,411
110,500
108,557
46,522
116,317
105,360
101,386
53,685
82,739
111,222
97,453
110,546
108,539
46,492
116,285
105,397
101,489
53,643
82,650
111,244
97,522
110,539
108,492
46,442
116,246
105,403
101,588
53,634
82,715
111,237
97,470
110,552
108,563
46,379
116,291
105,290
101,596
53,688
82,809
111,240
97,486
110,567
108,549
46,744
116,199
105,511
101,455
53,661
82,665
111,169
97,497
110,519
108,479
46,743
116,222
105,423
101,458
53,609
82,720
111,290
97,420
110,618
108,443
46,382
116,297
105,281
101,323
53,670
82,624
111,153
97,437
110,555
108,485
46,503
116,364
105,390
101,227
53,692
82,604
111,208
97,447
110,545
108,496
46,444
116,320
105,338
101,585
53,600
82,694
111,257
97,466
110,648
108,592
46,603
116,287
105,299
101,331
53,601
82,598
111,354
97,369
110,525
108,475
46,429
116,293
105,399
101,459
53,583
82,667
111,360
97,324
110,543
108,511
46,547
116,318
105,329
101,536
53,482
82,640
111,229
97,431
110,510
108,479
46,542
116,218
105,392
101,442
53,771
82,856
111,274
97,399
110,633
108,565
46,517
116,302
105,304
101,425
53,606
82,683
111,225
97,376
110,564
108,536
46,436
116,267
105,299
101,403
53,641
82,667
111,234
97,374
110,553
108,559
46,544
116,223
105,384
101,542
53,601
82,612
111,239
97,411
110,660
108,645
46,483
116,171
105,405
101,323
53,632
82,653
111,214
97,449
110,632
108,598
46,504
116,299
105,403
101,768
53,585
82,584
111,227
97,535
110,530
108,507
46,448
116,245
105,368
101,390
53,644
82,642
111,430
97,363
110,808
108,512
46,480
116,322
105,305
101,390
53,573
82,600
111,257
97,402
110,564
108,483
46,524
116,248
105,404
101,409
53,714
82,683
111,465
97,311
110,591
108,482
46,437
116,295
105,338
101,369
53,715
82,717
111,280
97,406
110,556
108,539
46,722
116,170
105,440
101,356
53,681
82,703
111,249
97,392
110,568
108,547
46,592
116,254
105,383
101,445
53,621
82,668
111,231
97,408
110,548
108,560
46,576
116,179
105,425
101,452
53,561
82,675
111,233
97,448
110,524
108,542
46,608
116,203
105,389
101,480
53,832
82,902
111,342
97,352
110,593
108,445
46,479
116,331
105,322
101,416
53,639
82,672
111,213
97,543
110,559
108,575
46,739
116,667
105,478
101,642
53,648
82,609
111,442
97,465
110,848
108,1439
46,763
116,335
105,656
101,873
53,408
82,633
111,387
97,344
110,524
108,827
46,990
116,258
105,826
101,401
53,759
82,807
111,541
97,396
110,869
108,1574
46,1170
116,370
105,506
101,1884
53,2129
82,625
111,316
97,406
110,512
108,619
46,1315
116,239
105,430
101,358
53,727
82,828
111,590
97,277
110,671
108,1292
46,881
116,224
105,512
101,278
53,724
82,714
111,306
97,391
110,561
108,1079
46,1230
116,241
105,1112
101,391
53,2668
82,1199
111,475
97,296
110,547
108,798
46,950
116,190
105,523
101,742
53,1333
82,729
111,437
97,277
110,623
108,1523
46,650
116,251
105,404
101,372
53,1029
82,1172
111,290
97,370
110,646
108,1188
46,1772
116,348
105,439
101,2537
53,368
82,1417
111,260
97,377
110,496
108,974
46,1160
116,266
105,609
101,517
53,3970
82,1148
111,466
97,422
110,607
108,1026
46,781
116,236
105,669
101,543
53,1724
82,1216
111,608
97,181
110,600
108,844
46,649
116,332
105,432
101,621
53,687
82,694
111,362
97,498
110,644
108,1007
46,829
116,342
105,611
101,791
53,1706
82,760
111,584
97,390
110,701
108,1070
46,862
116,239
105,490
101,625
53,1043
82,1187
111,610
97,283
110,488
108,751
46,558
116,250
105,384
101,557
53,2013
82,714
111,413
97,320
110,517
108,639
46,663
116,326
105,357
101,683
53,1203
82,671
111,271
97,385
110,560
108,631
46,611
116,168
105,438
101,1430
53,1259
82,771
111,287
97,365
110,701
108,849
46,805
116,399
105,395
101,411
53,750
82,777
111,624
97,204
110,569
108,988
46,480
116,388
105,400
101,519
53,704
82,707
111,272
97,499
110,778
108,979
46,475
116,280
105,400
101,435
53,611
82,707
111,366
97,441
110,714
108,2130
46,634
116,298
105,427
101,653
53,932
82,1158
111,358
97,360
110,544
108,832
46,497
116,308
105,391
101,1085
53,741
82,688
111,243
97,353
110,517
108,636
46,555
116,233
105,448
101,662
53,1055
82,1010
111,537
97,283
110,609
108,1353
46,750
116,194
105,492
101,502
53,573
82,708
111,448
97,411
110,674
108,665
46,495
116,241
105,364
101,440
53,658
82,644
111,314
97,466
110,938
108,1105
46,960
116,194
105,888
101,1138
53,783
82,994
111,356
97,374
110,532
108,793
46,594
116,174
105,427
101,671
53,1268
82,669
111,328
97,487
110,568
108,850
46,1317
116,203
105,456
101,329
53,729
82,1117
111,426
97,395
110,564
108,1040
46,567
116,266
105,391
101,357
53,703
82,740
111,283
97,407
110,548
108,751
46,510
116,387
105,303
101,445
53,626
82,654
111,405
97,322
110,561
108,848
46,551
116,241
105,473
101,489
53,685
82,692
111,305
97,463
110,522
108,699
46,508
116,196
105,453
101,363
53,732
82,663
111,324
97,376
110,577
108,685
46,828
116,307
105,329
101,381
53,551
82,624
111,284
97,495
110,530
108,908
46,499
116,252
105,418
101,479
53,779
82,668
111,301
97,386
110,557
108,721
46,528
116,199
105,407
101,428
53,743
82,633
111,233
97,389
110,602
108,810
46,450
116,308
105,330
101,451
53,788
82,1075
111,316
97,342
110,573
108,896
46,645
116,246
105,430
101,378
53,451
82,651
111,275
97,329
110,519
108,854
46,503
116,305
105,372
101,437
53,627
82,680
111,255
97,391
110,584
108,516
46,521
116,302
105,315
101,351
53,440
82,616
111,236
97,402
110,496
108,595
46,485
116,211
105,399
101,403
53,589
82,653
111,246
97,417
110,494
108,716
46,638
116,305
105,357
101,394
53,663
82,804
111,369
97,379
110,581
108,649
46,1000
116,498
105,400
101,337
53,725
82,612
111,203
97,478
110,625
108,746
46,527
116,211
105,427
101,391
53,668
82,623
111,366
97,351
110,530
108,696
46,585
116,259
105,406
101,446
53,672
82,668
111,284
97,421
110,569
108,837
46,543
116,235
105,440
101,357
53,570
82,764
111,366
97,390
110,717
108,933
46,593
116,346
105,322
101,389
53,607
82,629
111,230
97,387
110,542
108,687
46,495
116,300
105,325
101,451
53,599
82,648
111,260
97,453
110,545
108,733
46,473
116,318
105,332
101,405
53,661
82,622
111,351
97,374
110,729
108,857
46,503
116,276
105,354
101,360
53,765
82,658
111,141
97,465
110,511
108,619
