947,47
178,17
251,34
715,14
730,23
656,56
317,15
247,31
398,0
431,45
80,36
420,47
199,17
261,34
816,14
571,23
342,56
533,15
397,31
276,0
967,45
90,36
400,47
168,17
309,34
561,14
518,23
248,56
252,15
280,31
259,0
484,45
99,36
513,47
252,17
153,34
825,14
416,23
302,56
228,15
335,31
587,0
2001,45
152,36
419,47
124,17
252,34
511,14
387,23
312,56
327,15
228,31
271,0
412,45
114,36
414,47
160,17
240,34
551,14
468,23
285,56
219,15
256,31
241,0
578,45
118,36
346,47
133,17
225,34
826,14
407,23
277,56
211,15
274,31
233,0
505,45
95,36
397,47
743,17
251,34
627,14
364,23
253,56
206,15
235,31
277,0
484,45
122,36
454,47
193,17
254,34
474,14
387,23
219,56
235,15
232,31
233,0
528,45
101,36
308,47
168,17
199,34
561,14
398,23
237,56
205,15
228,31
217,0
386,45
97,36
338,47
177,17
204,34
674,14
358,23
270,56
219,15
265,31
331,0
360,45
82,36
328,47
165,17
183,34
408,14
398,23
273,56
229,15
230,31
180,0
496,45
107,36
321,47
178,17
186,34
516,14
392,23
279,56
214,15
239,31
213,0
375,45
114,36
299,47
170,17
208,34
478,14
463,23
756,56
249,15
236,31
213,0
360,45
103,36
326,47
181,17
186,34
437,14
394,23
290,56
197,15
260,31
247,0
409,45
97,36
330,47
172,17
193,34
418,14
400,23
325,56
200,15
250,31
226,0
424,45
99,36
313,47
175,17
215,34
450,14
508,23
316,56
206,15
244,31
190,0
389,45
90,36
255,47
195,17
199,34
987,14
418,23
402,56
489,15
224,31
234,0
383,45
83,36
265,47
211,17
171,34
427,14
367,23
360,56
255,15
243,31
215,0
390,45
91,36
270,47
210,17
176,34
412,14
519,23
493,56
299,15
213,31
204,0
374,45
94,36
295,47
178,17
244,34
436,14
488,23
376,56
188,15
248,31
217,0
377,45
100,36
225,47
230,17
160,34
454,14
413,23
291,56
196,15
249,31
255,0
526,45
111,36
297,47
187,17
180,34
452,14
406,23
319,56
208,15
233,31
211,0
387,45
119,36
225,47
218,17
151,34
554,14
403,23
351,56
169,15
237,31
211,0
375,45
104,36
245,47
195,17
167,34
430,14
385,23
330,56
160,15
233,31
188,0
374,45
91,36
230,47
202,17
175,34
393,14
399,23
334,56
160,15
270,31
228,0
384,45
85,36
750,47
244,17
193,34
395,14
386,23
681,56
241,15
217,31
214,0
674,45
122,36
270,47
228,17
148,34
417,14
496,23
537,56
559,15
201,31
223,0
424,45
90,36
232,47
221,17
167,34
552,14
678,23
414,56
375,15
227,31
226,0
404,45
93,36
208,47
237,17
160,34
526,14
486,23
379,56
334,15
254,31
233,0
438,45
91,36
217,47
254,17
163,34
500,14
505,23
380,56
306,15
220,31
218,0
415,45
117,36
241,47
179,17
186,34
468,14
400,23
238,56
243,15
174,31
216,0
411,45
74,36
219,47
231,17
137,34
514,14
502,23
298,56
190,15
239,31
226,0
411,45
105,36
227,47
219,17
153,34
581,14
426,23
242,56
221,15
200,31
185,0
569,45
104,36
239,47
211,17
168,34
469,14
428,23
296,56
202,15
215,31
191,0
448,45
95,36
288,47
200,17
168,34
452,14
433,23
250,56
206,15
217,31
211,0
431,45
119,36
248,47
202,17
145,34
498,14
434,23
315,56
222,15
197,31
196,0
383,45
83,36
259,47
193,17
170,34
402,14
957,23
363,56
401,15
239,31
327,0
395,45
94,36
238,47
228,17
147,34
701,14
405,23
219,56
231,15
204,31
229,0
387,45
79,36
206,47
230,17
101,34
653,14
375,23
248,56
204,15
208,31
201,0
407,45
108,36
242,47
199,17
156,34
510,14
424,23
324,56
279,15
202,31
206,0
362,45
93,36
699,47
292,17
164,34
666,14
428,23
284,56
197,15
192,31
162,0
461,45
82,36
331,47
200,17
151,34
566,14
491,23
613,56
268,15
327,31
228,0
377,45
82,36
220,47
451,17
314,34
432,14
424,23
343,56
192,15
244,31
243,0
484,45
74,36
629,47
515,17
205,34
414,14
391,23
309,56
193,15
235,31
265,0
453,45
102,36
265,47
473,17
313,34
598,14
1020,23
413,56
345,15
252,31
202,0
398,45
91,36
440,47
256,17
167,34
495,14
459,23
273,56
252,15
252,31
247,0
405,45
96,36
633,47
292,17
208,34
367,14
739,23
440,56
221,15
250,31
224,0
380,45
92,36
404,47
236,17
169,34
626,14
426,23
294,56
217,15
237,31
210,0
392,45
80,36
372,47
324,17
194,34
371,14
469,23
318,56
210,15
252,31
255,0
547,45
100,36
609,47
201,17
185,34
1128,14
460,23
1785,56
245,15
667,31
278,0
382,45
66,36
532,47
434,17
309,34
815,14
423,23
752,56
228,15
333,31
272,0
361,45
90,36
373,47
229,17
229,34
572,14
824,23
480,56
341,15
386,31
242,0
392,45
72,36
571,47
266,17
272,34
749,14
403,23
285,56
257,15
261,31
329,0
561,45
107,36
361,47
163,17
228,34
548,14
445,23
269,56
228,15
309,31
249,0
388,45
114,36
337,47
189,17
182,34
581,14
402,23
276,56
231,15
256,31
303,0
397,45
102,36
351,47
178,17
198,34
573,14
414,23
252,56
260,15
249,31
965,0
375,45
108,36
311,47
172,17
193,34
467,14
640,23
369,56
301,15
280,31
283,0
438,45
124,36
341,47
182,17
180,34
473,14
397,23
278,56
226,15
279,31
301,0
994,45
127,36
276,47
183,17
170,34
477,14
1319,23
283,56
285,15
267,31
355,0
374,45
89,36
290,47
217,17
163,34
429,14
390,23
266,56
236,15
234,31
294,0
390,45
90,36
306,47
195,17
146,34
407,14
355,23
276,56
233,15
254,31
271,0
387,45
80,36
233,47
196,17
162,34
406,14
377,23
250,56
203,15
228,31
231,0
386,45
106,36
225,47
208,17
143,34
391,14
390,23
381,56
479,15
232,31
281,0
355,45
94,36
477,47
200,17
170,34
550,14
332,23
292,56
216,15
313,31
292,0
477,45
85,36
202,47
230,17
131,34
393,14
326,23
263,56
192,15
276,31
319,0
395,45
81,36
279,47
225,17
199,34
508,14
428,23
312,56
205,15
280,31
260,0
433,45
102,36
224,47
226,17
122,34
583,14
451,23
339,56
212,15
288,31
263,0
446,45
110,36
223,47
264,17
134,34
554,14
414,23
292,56
226,15
246,31
300,0
484,45
82,36
341,47
206,17
184,34
484,14
400,23
228,56
227,15
225,31
320,0
401,45
115,36
287,47
219,17
172,34
530,14
370,23
279,56
215,15
225,31
281,0
395,45
113,36
209,47
248,17
103,34
541,14
385,23
322,56
190,15
250,31
280,0
396,45
124,36
200,47
236,17
130,34
529,14
364,23
269,56
227,15
238,31
270,0
966,45
156,36
338,47
178,17
195,34
457,14
344,23
237,56
239,15
219,31
243,0
418,45
125,36
262,47
192,17
200,34
453,14
336,23
282,56
188,15
250,31
286,0
403,45
96,36
354,47
202,17
176,34
472,14
422,23
269,56
205,15
213,31
588,0
406,45
111,36
196,47
242,17
101,34
487,14
434,23
306,56
210,15
235,31
290,0
403,45
135,36
257,47
214,17
158,34
458,14
432,23
241,56
207,15
216,31
243,0
504,45
130,36
306,47
200,17
193,34
441,14
393,23
371,56
319,15
238,31
243,0
703,45
153,36
293,47
250,17
206,34
321,14
335,23
226,56
225,15
191,31
289,0
414,45
118,36
181,47
273,17
127,34
535,14
424,23
263,56
210,15
213,31
220,0
493,45
95,36
192,47
241,17
154,34
463,14
417,23
264,56
220,15
212,31
243,0
402,45
130,36
314,47
190,17
185,34
524,14
378,23
264,56
167,15
227,31
234,0
471,45
125,36
259,47
245,17
307,34
385,14
510,23
333,56
206,15
221,31
248,0
603,45
116,36
247,47
230,17
178,34
396,14
452,23
265,56
208,15
218,31
255,0
454,45
97,36
227,47
241,17
131,34
473,14
385,23
354,56
190,15
308,31
310,0
709,45
120,36
272,47
209,17
162,34
460,14
430,23
241,56
210,15
235,31
244,0
422,45
103,36
266,47
213,17
149,34
430,14
492,23
273,56
183,15
242,31
248,0
416,45
107,36
202,47
263,17
174,34
408,14
508,23
319,56
168,15
300,31
240,0
410,45
104,36
197,47
250,17
128,34
528,14
448,23
313,56
183,15
278,31
388,0
379,45
108,36
189,47
250,17
123,34
456,14
551,23
364,56
318,15
259,31
277,0
455,45
148,36
347,47
201,17
209,34
733,14
397,23
312,56
177,15
221,31
288,0
402,45
117,36
168,47
243,17
131,34
546,14
353,23
244,56
235,15
203,31
238,0
405,45
128,36
225,47
239,17
169,34
472,14
438,23
241,56
215,15
305,31
307,0
425,45
100,36
294,47
189,17
331,34
616,14
365,23
284,56
202,15
281,31
336,0
428,45
95,36
191,47
282,17
150,34
545,14
395,23
267,56
203,15
292,31
268,0
401,45
109,36
254,47
214,17
182,34
549,14
378,23
280,56
318,15
297,31
398,0
363,45
124,36
177,47
279,17
140,34
498,14
398,23
351,56
326,15
603,31
260,0
372,45
123,36
390,47
229,17
180,34
419,14
517,23
303,56
259,15
357,31
247,0
391,45
112,36
178,47
287,17
255,34
985,14
737,23
286,56
249,15
337,31
257,0
384,45
120,36
785,47
215,17
181,34
447,14
420,23
762,56
196,15
354,31
270,0
316,45
56,36
455,47
183,17
195,34
500,14
398,23
354,56
197,15
289,31
244,0
346,45
54,36
380,47
233,17
192,34
587,14
403,23
283,56
233,15
253,31
572,0
341,45
89,36
698,47
204,17
194,34
478,14
1177,23
519,56
366,15
260,31
289,0
494,45
78,36
412,47
199,17
227,34
429,14
416,23
356,56
212,15
289,31
681,0
426,45
117,36
478,47
347,17
188,34
589,14
389,23
424,56
196,15
266,31
391,0
421,45
93,36
377,47
213,17
170,34
529,14
528,23
441,56
344,15
364,31
278,0
366,45
79,36
311,47
191,17
194,34
519,14
442,23
348,56
230,15
308,31
257,0
861,45
107,36
283,47
208,17
161,34
521,14
426,23
313,56
217,15
350,31
301,0
386,45
79,36
266,47
210,17
172,34
454,14
572,23
344,56
173,15
243,31
265,0
515,45
85,36
277,47
194,17
143,34
456,14
448,23
718,56
256,15
257,31
278,0
348,45
78,36
256,47
204,17
151,34
422,14
849,23
504,56
262,15
269,31
280,0
399,45
74,36
233,47
201,17
164,34
501,14
407,23
299,56
207,15
235,31
247,0
393,45
80,36
226,47
202,17
131,34
530,14
393,23
284,56
185,15
253,31
280,0
386,45
52,36
199,47
215,17
138,34
537,14
407,23
362,56
198,15
317,31
273,0
354,45
74,36
210,47
227,17
144,34
497,14
402,23
379,56
181,15
283,31
275,0
355,45
75,36
347,47
201,17
185,34
642,14
368,23
264,56
221,15
205,31
240,0
382,45
62,36
245,47
204,17
145,34
494,14
393,23
399,56
241,15
246,31
265,0
354,45
81,36
231,47
235,17
158,34
509,14
392,23
449,56
236,15
241,31
230,0
352,45
78,36
220,47
211,17
142,34
541,14
444,23
418,56
376,15
252,31
232,0
389,45
91,36
229,47
215,17
142,34
544,14
448,23
311,56
194,15
214,31
243,0
439,45
94,36
256,47
211,17
179,34
527,14
434,23
307,56
205,15
236,31
243,0
524,45
73,36
274,47
188,17
166,34
484,14
423,23
467,56
172,15
282,31
274,0
359,45
57,36
204,47
208,17
142,34
535,14
1111,23
323,56
203,15
260,31
231,0
390,45
105,36
348,47
177,17
187,34
558,14
496,23
250,56
228,15
218,31
266,0
587,45
108,36
357,47
173,17
185,34
529,14
440,23
267,56
211,15
231,31
303,0
464,45
80,36
250,47
200,17
149,34
521,14
452,23
279,56
214,15
216,31
285,0
419,45
89,36
234,47
182,17
138,34
541,14
415,23
244,56
233,15
225,31
249,0
375,45
77,36
200,47
217,17
110,34
594,14
421,23
447,56
180,15
228,31
290,0
357,45
73,36
216,47
203,17
141,34
555,14
411,23
303,56
189,15
239,31
324,0
369,45
75,36
202,47
232,17
125,34
586,14
379,23
271,56
199,15
227,31
282,0
347,45
89,36
200,47
218,17
139,34
576,14
425,23
327,56
205,15
224,31
267,0
370,45
76,36
198,47
218,17
133,34
651,14
415,23
363,56
195,15
241,31
271,0
384,45
77,36
200,47
223,17
141,34
548,14
411,23
281,56
232,15
217,31
217,0
418,45
79,36
239,47
198,17
138,34
563,14
386,23
248,56
228,15
222,31
272,0
381,45
100,36
223,47
251,17
167,34
551,14
451,23
250,56
213,15
226,31
262,0
361,45
97,36
190,47
239,17
155,34
537,14
414,23
220,56
245,15
214,31
253,0
356,45
82,36
195,47
234,17
143,34
963,14
414,23
227,56
247,15
179,31
231,0
349,45
102,36
176,47
244,17
174,34
753,14
422,23
221,56
225,15
204,31
247,0
358,45
95,36
170,47
248,17
143,34
539,14
390,23
218,56
235,15
210,31
254,0
381,45
91,36
174,47
261,17
384,34
745,14
399,23
253,56
237,15
213,31
237,0
331,45
108,36
164,47
307,17
158,34
715,14
397,23
241,56
232,15
217,31
243,0
372,45
102,36
184,47
278,17
142,34
647,14
471,23
247,56
234,15
205,31
251,0
355,45
102,36
152,47
270,17
146,34
489,14
439,23
236,56
232,15
272,31
264,0
347,45
94,36
180,47
268,17
133,34
448,14
659,23
487,56
758,15
260,31
222,0
344,45
102,36
141,47
326,17
256,34
539,14
468,23
301,56
210,15
258,31
257,0
346,45
103,36
159,47
330,17
170,34
603,14
454,23
752,56
267,15
264,31
241,0
339,45
105,36
150,47
294,17
160,34
564,14
415,23
232,56
251,15
205,31
262,0
403,45
102,36
197,47
233,17
207,34
612,14
394,23
224,56
245,15
174,31
236,0
420,45
81,36
231,47
267,17
207,34
641,14
417,23
281,56
263,15
236,31
239,0
325,45
88,36
607,47
177,17
197,34
1543,14
544,23
365,56
627,15
384,31
294,0
331,45
79,36
349,47
239,17
246,34
482,14
365,23
269,56
233,15
210,31
248,0
393,45
109,36
259,47
194,17
193,34
478,14
378,23
283,56
206,15
246,31
350,0
496,45
75,36
332,47
154,17
221,34
500,14
385,23
275,56
194,15
219,31
260,0
332,45
90,36
425,47
245,17
238,34
413,14
346,23
273,56
224,15
217,31
257,0
366,45
122,36
328,47
178,17
217,34
452,14
372,23
275,56
199,15
223,31
251,0
439,45
107,36
254,47
194,17
143,34
543,14
385,23
263,56
200,15
206,31
238,0
333,45
103,36
210,47
172,17
181,34
444,14
412,23
234,56
222,15
186,31
247,0
395,45
104,36
253,47
214,17
152,34
445,14
414,23
259,56
185,15
227,31
250,0
336,45
92,36
178,47
240,17
138,34
510,14
351,23
236,56
223,15
167,31
255,0
362,45
74,36
326,47
144,17
213,34
547,14
362,23
306,56
195,15
212,31
250,0
336,45
93,36
173,47
234,17
132,34
542,14
370,23
225,56
230,15
199,31
257,0
340,45
91,36
153,47
259,17
106,34
448,14
756,23
367,56
192,15
219,31
238,0
352,45
96,36
57,47
1589,17
198,34
555,14
369,23
259,56
215,15
196,31
247,0
355,45
112,36
182,47
614,17
201,34
525,14
377,23
230,56
223,15
181,31
267,0
354,45
108,36
179,47
287,17
162,34
617,14
443,23
313,56
224,15
197,31
227,0
343,45
114,36
171,47
314,17
183,34
588,14
399,23
254,56
220,15
198,31
248,0
359,45
123,36
203,47
402,17
198,34
566,14
364,23
270,56
225,15
212,31
251,0
336,45
123,36
209,47
261,17
167,34
560,14
367,23
226,56
243,15
198,31
249,0
340,45
128,36
197,47
370,17
267,34
610,14
412,23
282,56
196,15
205,31
262,0
349,45
116,36
215,47
279,17
149,34
533,14
356,23
245,56
219,15
234,31
252,0
334,45
120,36
207,47
326,17
160,34
590,14
427,23
277,56
227,15
187,31
235,0
363,45
130,36
373,47
242,17
148,34
446,14
502,23
258,56
226,15
217,31
238,0
335,45
123,36
188,47
258,17
140,34
539,14
341,23
226,56
235,15
178,31
278,0
386,45
120,36
275,47
199,17
174,34
489,14
382,23
205,56
223,15
200,31
251,0
338,45
130,36
213,47
272,17
119,34
934,14
411,23
223,56
213,15
180,31
236,0
378,45
121,36
296,47
207,17
146,34
916,14
337,23
180,56
240,15
168,31
255,0
399,45
121,36
162,47
275,17
112,34
412,14
383,23
266,56
334,15
221,31
334,0
312,45
122,36
315,47
215,17
152,34
512,14
387,23
216,56
227,15
212,31
250,0
350,45
119,36
174,47
284,17
117,34
773,14
421,23
219,56
242,15
183,31
251,0
355,45
115,36
204,47
294,17
119,34
1035,14
362,23
211,56
227,15
197,31
242,0
355,45
117,36
202,47
260,17
134,34
790,14
392,23
234,56
193,15
205,31
266,0
361,45
124,36
216,47
243,17
153,34
630,14
392,23
240,56
220,15
211,31
237,0
352,45
126,36
236,47
228,17
163,34
378,14
388,23
293,56
383,15
234,31
247,0
312,45
109,36
232,47
253,17
218,34
533,14
368,23
262,56
235,15
214,31
232,0
344,45
130,36
256,47
259,17
185,34
486,14
400,23
246,56
238,15
194,31
259,0
331,45
123,36
215,47
250,17
164,34
548,14
339,23
247,56
212,15
200,31
225,0
395,45
115,36
281,47
272,17
143,34
595,14
359,23
230,56
239,15
204,31
274,0
352,45
137,36
218,47
273,17
159,34
574,14
370,23
224,56
231,15
196,31
252,0
355,45
124,36
208,47
278,17
166,34
548,14
360,23
248,56
238,15
185,31
258,0
339,45
117,36
391,47
217,17
172,34
493,14
379,23
226,56
204,15
240,31
312,0
343,45
147,36
319,47
235,17
141,34
605,14
362,23
251,56
207,15
204,31
308,0
335,45
130,36
212,47
259,17
131,34
434,14
410,23
227,56
205,15
197,31
274,0
356,45
132,36
266,47
227,17
197,34
451,14
390,23
254,56
247,15
203,31
241,0
353,45
122,36
231,47
290,17
172,34
542,14
337,23
260,56
234,15
209,31
271,0
362,45
115,36
203,47
271,17
239,34
468,14
356,23
204,56
266,15
176,31
253,0
492,45
121,36
460,47
209,17
150,34
466,14
371,23
221,56
229,15
169,31
260,0
376,45
102,36
195,47
238,17
130,34
431,14
362,23
217,56
217,15
185,31
235,0
360,45
110,36
303,47
188,17
168,34
725,14
327,23
168,56
236,15
142,31
228,0
393,45
144,36
243,47
228,17
144,34
466,14
357,23
184,56
236,15
167,31
215,0
407,45
132,36
476,47
212,17
159,34
443,14
380,23
280,56
173,15
241,31
223,0
344,45
82,36
361,47
295,17
254,34
529,14
353,23
262,56
198,15
197,31
219,0
318,45
101,36
382,47
189,17
197,34
494,14
389,23
202,56
172,15
221,31
214,0
363,45
97,36
464,47
191,17
190,34
525,14
348,23
256,56
235,15
178,31
196,0
334,45
98,36
268,47
256,17
176,34
441,14
401,23
293,56
205,15
218,31
223,0
343,45
100,36
454,47
180,17
267,34
704,14
412,23
290,56
156,15
240,31
202,0
341,45
105,36
254,47
234,17
176,34
472,14
417,23
265,56
190,15
233,31
199,0
323,45
99,36
235,47
268,17
167,34
370,14
367,23
296,56
206,15
211,31
220,0
339,45
88,36
222,47
218,17
140,34
566,14
379,23
234,56
222,15
177,31
208,0
381,45
82,36
324,47
181,17
168,34
483,14
354,23
193,56
250,15
161,31
257,0
399,45
131,36
334,47
173,17
192,34
401,14
355,23
227,56
241,15
163,31
261,0
337,45
115,36
261,47
208,17
142,34
323,14
368,23
220,56
219,15
184,31
258,0
352,45
94,36
319,47
200,17
145,34
416,14
433,23
260,56
199,15
218,31
263,0
342,45
105,36
344,47
165,17
187,34
674,14
375,23
297,56
420,15
216,31
242,0
318,45
124,36
233,47
232,17
139,34
315,14
367,23
250,56
218,15
238,31
257,0
316,45
137,36
319,47
215,17
139,34
442,14
407,23
246,56
213,15
227,31
247,0
318,45
124,36
207,47
236,17
144,34
456,14
516,23
788,56
286,15
237,31
528,0
311,45
108,36
212,47
230,17
130,34
324,14
405,23
406,56
250,15
217,31
251,0
364,45
132,36
241,47
212,17
132,34
322,14
357,23
264,56
235,15
249,31
254,0
310,45
126,36
316,47
208,17
141,34
448,14
655,23
519,56
231,15
278,31
279,0
331,45
125,36
251,47
186,17
125,34
335,14
353,23
323,56
269,15
310,31
279,0
327,45
119,36
209,47
241,17
101,34
337,14
382,23
253,56
221,15
197,31
221,0
362,45
102,36
228,47
221,17
117,34
343,14
430,23
361,56
256,15
218,31
285,0
401,45
123,36
289,47
176,17
166,34
329,14
1014,23
294,56
176,15
235,31
232,0
316,45
107,36
277,47
210,17
154,34
546,14
523,23
543,56
270,15
637,31
276,0
324,45
105,36
229,47
189,17
119,34
1287,14
634,23
379,56
218,15
212,31
263,0
356,45
107,36
245,47
191,17
150,34
569,14
727,23
388,56
305,15
291,31
218,0
300,45
111,36
317,47
209,17
172,34
314,14
385,23
274,56
224,15
192,31
229,0
302,45
119,36
175,47
268,17
95,34
470,14
446,23
297,56
179,15
232,31
228,0
307,45
118,36
182,47
244,17
121,34
529,14
409,23
316,56
190,15
185,31
223,0
306,45
121,36
300,47
256,17
194,34
507,14
428,23
243,56
200,15
188,31
233,0
325,45
103,36
255,47
168,17
175,34
315,14
382,23
289,56
210,15
174,31
219,0
283,45
119,36
194,47
312,17
107,34
572,14
382,23
243,56
259,15
186,31
220,0
330,45
113,36
276,47
185,17
193,34
600,14
394,23
260,56
211,15
204,31
188,0
332,45
115,36
242,47
187,17
157,34
1081,14
935,23
257,56
190,15
198,31
238,0
315,45
119,36
195,47
214,17
148,34
519,14
366,23
238,56
227,15
166,31
189,0
296,45
130,36
186,47
208,17
178,34
500,14
375,23
237,56
188,15
216,31
475,0
937,45
106,36
189,47
197,17
138,34
445,14
364,23
208,56
222,15
183,31
221,0
297,45
120,36
167,47
217,17
126,34
456,14
399,23
231,56
217,15
254,31
261,0
303,45
108,36
226,47
164,17
185,34
533,14
408,23
211,56
224,15
164,31
313,0
347,45
102,36
208,47
198,17
138,34
1486,14
963,23
320,56
378,15
182,31
230,0
376,45
97,36
254,47
197,17
147,34
301,14
368,23
203,56
218,15
151,31
249,0
284,45
134,36
235,47
216,17
149,34
447,14
404,23
230,56
207,15
147,31
252,0
1012,45
142,36
248,47
203,17
141,34
374,14
485,23
253,56
204,15
169,31
252,0
327,45
113,36
192,47
215,17
145,34
431,14
383,23
228,56
236,15
183,31
242,0
322,45
119,36
188,47
263,17
173,34
522,14
411,23
249,56
205,15
219,31
239,0
322,45
126,36
330,47
317,17
135,34
494,14
389,23
271,56
185,15
223,31
574,0
350,45
109,36
208,47
210,17
136,34
470,14
390,23
266,56
199,15
221,31
248,0
330,45
121,36
193,47
1007,17
219,34
446,14
404,23
215,56
212,15
176,31
270,0
355,45
114,36
207,47
229,17
146,34
365,14
496,23
294,56
210,15
210,31
256,0
338,45
140,36
380,47
287,17
145,34
872,14
387,23
249,56
206,15
249,31
257,0
310,45
105,36
619,47
221,17
188,34
428,14
375,23
258,56
205,15
225,31
279,0
325,45
94,36
311,47
213,17
192,34
351,14
370,23
243,56
193,15
200,31
267,0
296,45
88,36
244,47
171,17
171,34
344,14
362,23
249,56
195,15
226,31
224,0
309,45
96,36
228,47
209,17
172,34
363,14
365,23
228,56
195,15
228,31
238,0
302,45
84,36
230,47
187,17
182,34
369,14
388,23
272,56
185,15
258,31
239,0
280,45
91,36
216,47
184,17
172,34
391,14
337,23
548,56
189,15
216,31
203,0
283,45
86,36
208,47
164,17
194,34
370,14
402,23
239,56
178,15
186,31
215,0
295,45
90,36
184,47
202,17
138,34
358,14
370,23
234,56
167,15
210,31
231,0
296,45
74,36
198,47
211,17
134,34
405,14
365,23
219,56
171,15
220,31
220,0
289,45
86,36
133,47
211,17
143,34
421,14
383,23
203,56
218,15
179,31
249,0
294,45
99,36
186,47
220,17
116,34
374,14
399,23
234,56
194,15
187,31
204,0
291,45
79,36
253,47
188,17
170,34
388,14
375,23
268,56
161,15
241,31
221,0
277,45
117,36
231,47
219,17
133,34
291,14
316,23
232,56
189,15
164,31
214,0
296,45
102,36
211,47
216,17
126,34
343,14
343,23
255,56
167,15
234,31
193,0
298,45
112,36
237,47
216,17
102,34
340,14
374,23
256,56
192,15
208,31
212,0
267,45
108,36
208,47
206,17
117,34
1149,14
364,23
588,56
326,15
182,31
279,0
1165,45
165,36
278,47
158,17
137,34
360,14
366,23
219,56
265,15
200,31
293,0
342,45
106,36
226,47
187,17
151,34
308,14
384,23
260,56
207,15
202,31
244,0
291,45
125,36
176,47
230,17
130,34
306,14
392,23
240,56
220,15
184,31
236,0
292,45
134,36
208,47
231,17
111,34
338,14
338,23
271,56
196,15
215,31
213,0
344,45
101,36
217,47
257,17
129,34
337,14
398,23
215,56
203,15
215,31
219,0
334,45
98,36
219,47
193,17
150,34
339,14
463,23
295,56
766,15
258,31
303,0
342,45
106,36
222,47
209,17
134,34
330,14
454,23
279,56
371,15
261,31
290,0
316,45
110,36
280,47
239,17
148,34
363,14
394,23
236,56
187,15
187,31
210,0
305,45
108,36
164,47
249,17
94,34
390,14
348,23
241,56
203,15
201,31
243,0
287,45
104,36
225,47
254,17
126,34
1001,14
395,23
304,56
286,15
230,31
253,0
272,45
123,36
184,47
226,17
117,34
342,14
390,23
271,56
200,15
232,31
232,0
274,45
89,36
229,47
263,17
145,34
400,14
407,23
222,56
198,15
194,31
249,0
273,45
140,36
179,47
245,17
127,34
376,14
492,23
298,56
218,15
170,31
249,0
308,45
124,36
293,47
252,17
115,34
723,14
484,23
235,56
249,15
177,31
272,0
353,45
101,36
271,47
268,17
120,34
316,14
463,23
369,56
239,15
215,31
252,0
300,45
118,36
230,47
233,17
109,34
312,14
472,23
280,56
183,15
281,31
452,0
309,45
100,36
153,47
264,17
101,34
406,14
446,23
321,56
228,15
263,31
222,0
301,45
107,36
183,47
255,17
124,34
723,14
434,23
299,56
207,15
230,31
258,0
283,45
105,36
224,47
260,17
111,34
402,14
481,23
247,56
169,15
209,31
240,0
314,45
118,36
232,47
277,17
118,34
379,14
483,23
268,56
174,15
204,31
257,0
291,45
132,36
214,47
649,17
186,34
431,14
442,23
340,56
184,15
192,31
258,0
380,45
127,36
210,47
236,17
113,34
468,14
690,23
295,56
144,15
206,31
254,0
328,45
118,36
323,47
224,17
139,34
353,14
440,23
267,56
199,15
205,31
266,0
337,45
106,36
265,47
215,17
125,34
327,14
456,23
280,56
210,15
186,31
253,0
322,45
107,36
199,47
244,17
120,34
340,14
385,23
188,56
222,15
156,31
256,0
333,45
100,36
204,47
243,17
126,34
387,14
399,23
249,56
210,15
175,31
277,0
366,45
96,36
200,47
213,17
135,34
526,14
444,23
346,56
202,15
217,31
257,0
306,45
103,36
158,47
246,17
132,34
409,14
458,23
203,56
237,15
182,31
251,0
304,45
106,36
167,47
253,17
138,34
366,14
449,23
259,56
194,15
223,31
215,0
302,45
103,36
204,47
239,17
157,34
366,14
396,23
239,56
197,15
180,31
233,0
330,45
109,36
168,47
225,17
158,34
428,14
501,23
287,56
239,15
223,31
256,0
311,45
117,36
311,47
288,17
422,34
423,14
455,23
209,56
184,15
197,31
242,0
362,45
79,36
138,47
232,17
137,34
544,14
533,23
230,56
217,15
232,31
227,0
319,45
107,36
413,47
246,17
162,34
430,14
418,23
294,56
175,15
207,31
222,0
304,45
86,36
310,47
177,17
172,34
343,14
358,23
267,56
180,15
205,31
227,0
303,45
77,36
209,47
183,17
156,34
349,14
380,23
238,56
177,15
218,31
227,0
290,45
75,36
243,47
175,17
171,34
387,14
406,23
272,56
151,15
239,31
233,0
302,45
78,36
224,47
176,17
160,34
383,14
401,23
248,56
176,15
200,31
227,0
306,45
87,36
186,47
196,17
144,34
386,14
357,23
238,56
179,15
198,31
201,0
299,45
80,36
160,47
219,17
133,34
364,14
364,23
242,56
183,15
210,31
206,0
303,45
88,36
185,47
215,17
128,34
427,14
386,23
250,56
148,15
230,31
223,0
303,45
88,36
184,47
226,17
113,34
397,14
360,23
244,56
178,15
227,31
248,0
327,45
86,36
176,47
230,17
134,34
315,14
363,23
219,56
172,15
203,31
225,0
293,45
100,36
177,47
259,17
130,34
428,14
389,23
261,56
136,15
272,31
227,0
291,45
111,36
284,47
225,17
152,34
390,14
330,23
260,56
202,15
195,31
219,0
287,45
100,36
228,47
245,17
150,34
309,14
376,23
239,56
181,15
191,31
208,0
304,45
103,36
158,47
240,17
102,34
305,14
340,23
323,56
108,15
359,31
347,0
381,45
106,36
213,47
222,17
125,34
296,14
409,23
264,56
254,15
178,31
231,0
292,45
92,36
188,47
214,17
118,34
315,14
338,23
254,56
235,15
172,31
240,0
315,45
105,36
198,47
222,17
113,34
289,14
370,23
271,56
303,15
164,31
289,0
326,45
96,36
302,47
172,17
176,34
300,14
382,23
237,56
224,15
126,31
287,0
332,45
92,36
238,47
179,17
135,34
375,14
642,23
290,56
209,15
168,31
227,0
280,45
108,36
281,47
240,17
111,34
350,14
425,23
288,56
172,15
252,31
236,0
274,45
109,36
225,47
223,17
130,34
287,14
415,23
237,56
177,15
193,31
247,0
487,45
55,36
322,47
164,17
164,34
397,14
404,23
200,56
240,15
168,31
264,0
331,45
118,36
138,47
269,17
62,34
526,14
403,23
210,56
213,15
144,31
230,0
342,45
102,36
152,47
258,17
92,34
332,14
376,23
237,56
222,15
149,31
240,0
321,45
114,36
371,47
283,17
145,34
284,14
407,23
398,56
347,15
234,31
262,0
292,45
94,36
177,47
252,17
125,34
298,14
351,23
240,56
207,15
156,31
270,0
368,45
111,36
352,47
244,17
160,34
284,14
383,23
254,56
206,15
157,31
268,0
314,45
104,36
245,47
159,17
156,34
258,14
377,23
217,56
215,15
163,31
243,0
355,45
119,36
371,47
256,17
146,34
287,14
366,23
262,56
255,15
126,31
591,0
320,45
112,36
306,47
235,17
143,34
289,14
598,23
420,56
205,15
183,31
273,0
329,45
110,36
156,47
243,17
120,34
301,14
498,23
378,56
202,15
173,31
449,0
283,45
96,36
191,47
220,17
110,34
323,14
468,23
334,56
250,15
178,31
248,0
321,45
118,36
228,47
233,17
130,34
331,14
467,23
249,56
234,15
173,31
276,0
344,45
122,36
228,47
221,17
138,34
289,14
399,23
234,56
239,15
163,31
578,0
289,45
111,36
180,47
215,17
130,34
345,14
399,23
233,56
271,15
205,31
249,0
344,45
114,36
181,47
233,17
127,34
323,14
461,23
329,56
243,15
153,31
290,0
323,45
96,36
255,47
179,17
172,34
346,14
924,23
274,56
204,15
190,31
260,0
342,45
125,36
262,47
182,17
146,34
529,14
2506,23
265,56
269,15
173,31
285,0
359,45
111,36
228,47
218,17
117,34
431,14
677,23
538,56
297,15
141,31
273,0
307,45
124,36
219,47
216,17
122,34
2011,14
361,23
195,56
239,15
122,31
245,0
321,45
118,36
698,47
208,17
160,34
2250,14
344,23
238,56
233,15
173,31
245,0
356,45
117,36
244,47
211,17
134,34
515,14
382,23
215,56
237,15
171,31
267,0
367,45
99,36
216,47
199,17
142,34
963,14
412,23
393,56
239,15
178,31
241,0
292,45
105,36
362,47
244,17
139,34
973,14
1110,23
244,56
296,15
456,31
281,0
298,45
108,36
210,47
181,17
153,34
302,14
335,23
240,56
224,15
186,31
266,0
321,45
83,36
257,47
221,17
146,34
400,14
746,23
463,56
161,15
236,31
241,0
302,45
82,36
172,47
219,17
130,34
853,14
448,23
291,56
212,15
192,31
247,0
291,45
91,36
179,47
224,17
116,34
690,14
401,23
194,56
188,15
175,31
206,0
285,45
101,36
249,47
247,17
151,34
678,14
372,23
239,56
196,15
141,31
239,0
298,45
102,36
190,47
241,17
103,34
361,14
451,23
250,56
195,15
155,31
241,0
310,45
101,36
377,47
191,17
136,34
358,14
389,23
353,56
172,15
208,31
221,0
305,45
95,36
249,47
192,17
126,34
462,14
347,23
223,56
209,15
172,31
204,0
318,45
87,36
199,47
199,17
132,34
414,14
351,23
248,56
184,15
164,31
193,0
311,45
80,36
168,47
224,17
131,34
386,14
360,23
235,56
206,15
155,31
204,0
324,45
77,36
152,47
250,17
128,34
351,14
350,23
188,56
204,15
159,31
210,0
293,45
69,36
137,47
262,17
145,34
370,14
351,23
210,56
191,15
131,31
192,0
313,45
82,36
153,47
231,17
112,34
320,14
347,23
218,56
170,15
205,31
196,0
309,45
82,36
260,47
185,17
160,34
624,14
329,23
219,56
267,15
158,31
232,0
297,45
69,36
159,47
278,17
114,34
367,14
336,23
221,56
188,15
147,31
235,0
309,45
77,36
159,47
244,17
129,34
364,14
336,23
219,56
213,15
151,31
238,0
313,45
94,36
173,47
231,17
128,34
317,14
301,23
216,56
211,15
159,31
235,0
306,45
84,36
165,47
205,17
113,34
310,14
329,23
221,56
176,15
178,31
227,0
288,45
118,36
136,47
293,17
122,34
1773,14
575,23
271,56
136,15
212,31
182,0
299,45
78,36
149,47
268,17
87,34
317,14
342,23
140,56
240,15
122,31
241,0
314,45
85,36
150,47
246,17
103,34
312,14
333,23
205,56
195,15
146,31
253,0
335,45
83,36
147,47
228,17
106,34
308,14
369,23
209,56
175,15
141,31
230,0
358,45
73,36
206,47
227,17
124,34
283,14
318,23
188,56
227,15
111,31
256,0
319,45
94,36
155,47
233,17
118,34
312,14
347,23
165,56
220,15
116,31
243,0
301,45
82,36
155,47
230,17
116,34
302,14
321,23
167,56
204,15
159,31
260,0
313,45
85,36
261,47
207,17
127,34
370,14
788,23
227,56
188,15
152,31
234,0
275,45
87,36
384,47
169,17
159,34
396,14
328,23
207,56
244,15
180,31
260,0
301,45
113,36
214,47
222,17
105,34
358,14
427,23
268,56
272,15
192,31
325,0
327,45
96,36
223,47
195,17
125,34
310,14
336,23
222,56
193,15
217,31
284,0
328,45
76,36
195,47
206,17
114,34
344,14
377,23
203,56
194,15
201,31
476,0
575,45
68,36
179,47
216,17
92,34
285,14
335,23
472,56
213,15
221,31
252,0
343,45
77,36
198,47
205,17
121,34
301,14
322,23
256,56
188,15
188,31
232,0
321,45
90,36
197,47
229,17
136,34
413,14
392,23
220,56
195,15
200,31
251,0
315,45
84,36
226,47
197,17
117,34
289,14
449,23
332,56
186,15
180,31
236,0
321,45
127,36
198,47
215,17
100,34
275,14
347,23
216,56
162,15
175,31
254,0
400,45
105,36
205,47
206,17
152,34
287,14
339,23
168,56
228,15
197,31
440,0
379,45
89,36
181,47
202,17
120,34
359,14
354,23
201,56
189,15
167,31
280,0
325,45
76,36
199,47
215,17
89,34
315,14
335,23
243,56
202,15
182,31
249,0
301,45
99,36
165,47
213,17
101,34
307,14
350,23
240,56
197,15
167,31
302,0
330,45
77,36
162,47
214,17
111,34
317,14
364,23
254,56
165,15
184,31
252,0
434,45
110,36
558,47
180,17
162,34
309,14
384,23
124,56
185,15
171,31
343,0
310,45
101,36
180,47
195,17
126,34
300,14
322,23
203,56
182,15
181,31
287,0
308,45
83,36
182,47
192,17
123,34
316,14
382,23
265,56
173,15
187,31
265,0
313,45
86,36
187,47
202,17
146,34
331,14
357,23
272,56
157,15
212,31
267,0
298,45
94,36
169,47
219,17
117,34
367,14
427,23
463,56
203,15
203,31
316,0
316,45
95,36
170,47
213,17
112,34
343,14
414,23
232,56
196,15
189,31
283,0
337,45
96,36
219,47
237,17
138,34
346,14
459,23
257,56
189,15
188,31
242,0
341,45
78,36
235,47
204,17
197,34
408,14
353,23
189,56
194,15
168,31
252,0
293,45
89,36
251,47
168,17
145,34
281,14
346,23
312,56
147,15
228,31
267,0
304,45
85,36
162,47
205,17
114,34
518,14
417,23
248,56
159,15
182,31
250,0
279,45
77,36
185,47
213,17
117,34
1043,14
360,23
241,56
187,15
158,31
249,0
312,45
87,36
151,47
238,17
117,34
809,14
330,23
218,56
180,15
148,31
245,0
326,45
104,36
219,47
188,17
138,34
306,14
415,23
235,56
225,15
111,31
276,0
313,45
82,36
162,47
206,17
139,34
647,14
333,23
152,56
227,15
141,31
241,0
308,45
91,36
176,47
251,17
110,34
351,14
744,23
305,56
147,15
170,31
224,0
294,45
102,36
165,47
208,17
126,34
1014,14
350,23
156,56
210,15
144,31
263,0
318,45
101,36
