46,463
116,165
105,208
101,557
53,2722
82,534
111,450
97,267
110,241
108,488
46,454
116,177
105,1081
101,636
53,742
82,943
111,182
97,243
110,261
108,616
46,441
116,155
105,971
101,1749
53,725
82,658
111,240
97,227
110,930
108,403
46,410
116,137
105,226
101,373
53,631
82,420
111,209
97,257
110,262
108,449
46,1029
116,146
105,207
101,302
53,780
82,662
111,188
97,211
110,256
108,411
46,422
116,145
105,216
101,300
53,1014
82,720
111,244
97,215
110,292
108,503
46,377
116,150
105,237
101,500
53,740
82,650
111,193
97,243
110,247
108,429
46,339
116,140
105,232
101,1034
53,632
82,1096
111,136
97,191
110,303
108,896
46,402
116,139
105,243
101,340
53,598
82,419
111,322
97,215
110,225
108,370
46,1461
116,140
105,202
101,344
53,578
82,505
111,207
97,223
110,1455
108,370
46,307
116,158
105,241
101,297
53,689
82,533
111,199
97,210
110,242
108,345
46,376
116,145
105,274
101,1065
53,722
82,644
111,198
97,234
110,749
108,486
46,389
116,165
105,204
101,294
53,748
82,595
111,205
97,207
110,369
108,484
46,437
116,180
105,188
101,416
53,575
82,821
111,290
97,268
110,254
108,413
46,412
116,198
105,204
101,622
53,533
82,444
111,193
97,234
110,880
108,524
46,1748
116,153
105,216
101,332
53,543
82,463
111,190
97,245
110,564
108,429
46,306
116,175
105,218
101,323
53,676
82,648
111,173
97,251
110,299
108,396
46,604
116,158
105,215
101,730
53,635
82,485
111,193
97,262
110,289
108,428
46,276
116,173
105,213
101,309
53,733
82,1641
111,359
97,356
110,741
108,432
46,717
116,174
105,179
101,778
53,581
82,469
111,216
97,181
110,253
108,479
46,1146
116,162
105,239
101,740
53,473
82,399
111,201
97,198
110,715
108,495
46,408
116,133
105,284
101,319
53,579
82,453
111,215
97,199
110,912
108,488
46,386
116,454
105,321
101,616
53,791
82,469
111,177
97,258
110,688
108,460
46,588
116,199
105,194
101,389
53,501
82,428
111,247
97,204
110,268
108,424
46,349
116,148
105,220
101,858
53,1018
82,479
111,211
97,228
110,598
108,446
46,474
116,173
105,203
101,469
53,504
82,422
111,200
97,217
110,640
108,458
46,532
116,165
105,255
101,497
53,515
82,437
111,211
97,242
110,545
108,535
46,857
116,147
105,235
101,365
53,630
82,510
111,204
97,209
110,239
108,414
46,434
116,176
105,146
101,364
53,599
82,412
111,222
97,204
110,269
108,1344
46,414
116,151
105,176
101,291
53,505
82,456
111,191
97,244
110,524
108,455
46,1542
116,178
105,199
101,570
53,1034
82,817
111,214
97,355
110,675
108,453
46,580
116,183
105,166
101,451
53,783
82,521
111,225
97,193
110,242
108,434
46,413
116,238
105,263
101,649
53,691
82,479
111,206
97,234
110,259
108,424
46,579
116,147
105,175
101,286
53,503
82,375
111,218
97,179
110,217
108,468
46,1033
116,111
105,210
101,318
53,534
82,442
111,188
97,200
110,237
108,451
46,459
116,144
105,217
101,347
53,539
82,383
111,214
97,225
110,213
108,408
46,531
116,178
105,228
101,284
53,574
82,468
111,177
97,216
110,219
108,476
46,505
116,165
105,192
101,307
53,500
82,425
111,229
97,226
110,216
108,424
46,543
116,172
105,178
101,301
53,477
82,397
111,209
97,245
110,243
108,449
46,547
116,185
105,194
101,739
53,536
82,374
111,202
97,205
110,269
108,411
46,554
116,170
105,180
101,461
53,487
82,416
111,206
97,224
110,242
108,1015
46,551
116,167
105,197
101,315
53,2303
82,472
111,217
97,200
110,236
108,417
46,615
116,181
105,189
101,400
53,640
82,456
111,218
97,187
110,216
108,432
46,524
116,211
105,176
101,343
53,1264
82,350
111,209
97,200
110,211
108,426
46,681
116,181
105,228
101,514
53,496
82,346
111,301
97,202
110,260
108,497
46,579
116,157
105,210
101,444
53,555
82,366
111,202
97,200
110,254
108,408
46,408
116,166
105,187
101,324
53,484
82,447
111,207
97,195
110,266
108,450
46,463
116,180
105,199
101,381
53,809
82,666
111,211
97,617
110,346
108,421
46,560
116,177
105,228
101,479
53,490
82,336
111,237
97,206
110,241
108,424
46,446
116,171
105,200
101,740
53,587
82,473
111,222
97,194
110,213
108,466
46,417
116,105
105,270
101,554
53,1212
82,862
111,299
97,917
110,605
108,452
46,413
116,142
105,253
101,516
53,639
82,1540
111,216
97,257
110,267
108,406
46,291
116,126
105,401
101,268
53,653
82,454
111,193
97,226
110,250
108,402
46,403
116,114
105,221
101,346
53,952
82,443
111,183
97,246
110,290
108,503
46,439
116,166
105,213
101,319
53,486
82,591
111,210
97,241
110,258
108,449
46,322
116,134
105,230
101,338
53,536
82,961
111,182
97,233
110,247
108,328
46,457
116,123
105,230
101,320
53,590
82,462
111,209
97,203
110,203
108,419
46,345
116,156
105,228
101,308
53,495
82,464
111,222
97,201
110,263
108,433
46,624
116,141
105,239
101,361
53,610
82,447
111,200
97,231
110,287
108,512
46,464
116,175
105,181
101,419
53,952
82,429
111,329
97,58
110,1554
108,423
46,294
116,369
105,1359
101,748
53,531
82,308
111,194
97,238
110,265
108,401
46,429
116,135
105,209
101,287
53,449
82,431
111,204
97,217
110,234
108,410
46,336
116,178
105,180
101,1841
53,570
82,543
111,757
97,293
110,294
108,437
46,435
116,200
105,244
101,582
53,1199
82,1575
111,216
97,290
110,285
108,405
46,491
116,183
105,181
101,462
53,2075
82,459
111,226
97,235
110,838
108,426
46,491
116,154
105,213
101,284
53,516
82,426
111,200
97,355
110,571
108,575
46,419
116,219
105,148
101,575
53,619
82,469
111,181
97,312
110,247
108,426
46,329
116,168
105,189
101,311
53,478
82,400
111,203
97,271
110,246
108,425
46,437
116,214
105,145
101,337
53,499
82,375
111,208
97,266
110,229
108,408
46,292
116,152
105,234
101,335
53,520
82,485
111,228
97,247
110,228
108,1591
46,533
116,155
105,246
101,532
53,514
82,348
111,208
97,236
110,648
108,448
46,382
116,166
105,180
101,448
53,470
82,356
111,192
97,302
110,520
108,409
46,411
116,183
105,155
101,314
53,501
82,404
111,232
97,195
110,248
108,425
46,396
116,282
105,321
101,444
53,926
82,645
111,487
97,380
110,313
108,739
46,1464
116,212
105,306
101,473
53,907
82,490
111,216
97,222
110,231
108,451
46,369
116,154
105,189
101,279
53,479
82,366
111,243
97,235
110,246
108,368
46,353
116,153
105,214
101,295
53,484
82,387
111,195
97,238
110,243
108,422
46,1742
116,187
105,206
101,777
53,592
82,339
111,214
97,250
110,224
108,371
46,316
116,110
105,267
101,275
53,986
82,688
111,354
97,233
110,224
108,419
46,292
116,155
105,204
101,292
53,524
82,492
111,194
97,250
110,205
108,414
46,622
116,200
105,191
101,522
53,1114
82,778
111,178
97,237
110,230
108,403
46,428
116,200
105,172
101,303
53,479
82,434
111,201
97,255
110,234
108,380
46,383
116,176
105,225
101,369
53,583
82,1235
111,239
97,242
110,254
108,445
46,446
116,169
105,194
101,973
53,642
82,703
111,287
97,525
110,292
108,745
46,525
116,183
105,181
101,282
53,586
82,572
111,290
97,264
110,249
108,382
46,602
116,193
105,214
101,1438
53,593
82,346
111,222
97,261
110,233
108,747
46,502
116,174
105,233
101,295
53,543
82,380
111,238
97,261
110,240
108,1726
46,421
116,170
105,203
101,369
53,602
82,399
111,201
97,272
110,226
108,409
46,334
116,178
105,190
101,498
53,555
82,521
111,178
97,290
110,241
108,505
46,471
116,166
105,203
101,320
53,536
82,366
111,198
97,272
110,205
108,1739
46,398
116,169
105,184
101,357
53,532
82,414
111,208
97,254
110,215
108,455
46,430
116,174
105,173
101,336
53,528
82,412
111,229
97,258
110,231
108,423
46,378
116,172
105,195
101,615
53,536
82,428
111,199
97,250
110,232
108,475
46,528
116,199
105,136
101,375
53,526
82,354
111,196
97,254
110,226
108,384
46,419
116,144
105,196
101,471
53,537
82,440
111,201
97,261
110,244
108,423
46,419
116,155
105,204
101,391
53,540
82,403
111,280
97,240
110,214
108,436
46,927
116,248
105,185
101,470
53,615
82,393
111,227
97,255
110,218
108,564
46,402
116,171
105,200
101,308
53,494
82,403
111,232
97,230
110,235
108,407
46,606
116,132
105,212
101,364
53,513
82,367
111,253
97,230
110,208
108,451
46,388
116,178
105,178
101,316
53,500
82,414
111,266
97,288
110,248
108,806
46,744
116,177
105,235
101,461
53,481
82,747
111,203
97,261
110,297
108,464
46,427
116,184
105,220
101,1794
53,1015
82,1286
111,249
97,245
110,386
108,416
46,353
116,194
105,169
101,342
53,573
82,414
111,208
97,268
110,245
108,554
46,601
116,156
105,209
101,366
53,527
82,500
111,165
97,232
110,229
108,524
46,390
116,188
105,268
101,731
53,530
82,446
111,193
97,274
110,258
108,528
46,366
116,152
105,232
101,461
53,526
82,955
111,255
97,447
110,307
108,392
46,1001
116,164
105,1437
101,612
53,598
82,797
111,187
97,262
110,252
108,427
46,388
116,165
105,177
101,302
53,508
82,464
111,203
97,218
110,212
108,415
46,435
116,189
105,184
101,305
53,535
82,455
111,207
97,219
110,210
108,462
46,408
116,213
105,749
101,357
53,650
82,461
111,188
97,265
110,222
108,458
46,320
116,194
105,186
101,280
53,516
82,461
111,218
97,252
110,201
108,503
46,638
116,201
105,191
101,449
53,540
82,476
111,236
97,203
110,210
108,431
46,363
116,202
105,156
101,290
53,517
82,507
111,197
97,240
110,246
108,485
46,320
116,174
105,174
101,320
53,453
82,408
111,221
97,248
110,176
108,413
46,430
116,176
105,185
101,351
53,549
82,896
111,198
97,220
110,252
108,411
46,279
116,184
105,193
101,251
53,472
82,406
111,236
97,215
110,225
108,1446
46,810
116,175
105,217
101,925
53,653
82,528
111,178
97,295
110,212
108,375
46,259
116,184
105,172
101,278
53,511
82,420
111,197
97,274
110,222
108,410
46,411
116,118
105,287
101,254
53,615
82,494
111,202
97,224
110,206
108,423
46,287
116,167
105,173
101,269
53,469
82,430
111,232
97,181
110,214
108,423
46,602
116,157
105,210
101,271
53,491
82,403
111,233
97,218
110,216
108,363
46,478
116,178
105,211
101,269
53,528
82,463
111,223
97,217
110,190
108,403
46,355
116,190
105,186
101,302
53,543
82,531
111,258
97,240
110,225
108,455
46,286
116,175
105,212
101,270
53,488
82,509
111,202
97,249
110,237
108,436
46,363
116,169
105,226
101,331
53,565
82,1728
111,245
97,263
110,268
108,652
46,498
116,156
105,205
101,251
53,517
82,757
111,244
97,310
110,243
108,441
46,368
116,238
105,98
101,1169
53,1212
82,606
111,200
97,268
110,188
108,447
46,493
116,178
105,214
101,283
53,822
82,1384
111,264
97,233
110,204
108,426
46,283
116,220
105,157
101,262
53,522
82,434
111,252
97,192
110,205
108,422
46,388
116,197
105,178
101,278
53,484
82,500
111,292
97,99
110,248
108,482
46,508
116,205
105,210
101,253
53,556
82,464
111,238
97,219
110,213
108,449
46,397
116,212
105,185
101,842
53,628
82,475
111,209
97,299
110,311
108,496
46,472
116,234
105,187
101,254
53,512
82,886
111,196
97,273
110,248
108,448
46,294
116,203
105,208
101,307
53,590
82,479
111,252
97,274
110,239
108,500
46,345
116,304
105,214
101,730
53,608
82,472
111,237
97,247
110,248
108,418
46,303
116,166
105,194
101,295
53,476
82,452
111,251
97,253
110,227
108,411
46,274
116,190
105,212
101,265
53,487
82,489
111,295
97,191
110,230
108,426
46,330
116,178
105,188
101,247
53,479
82,490
111,250
97,262
110,203
108,417
46,376
116,157
105,185
101,290
53,484
82,472
111,209
97,286
110,201
108,442
46,385
116,152
105,216
101,291
53,492
82,469
111,243
97,245
110,205
108,405
46,486
116,179
105,232
101,273
53,494
82,512
111,266
97,194
110,213
108,396
46,293
116,194
105,191
101,255
53,484
82,486
111,267
97,242
110,214
108,409
46,416
116,200
105,687
101,461
53,533
82,480
111,228
97,248
110,218
108,386
46,279
116,184
105,206
101,271
53,473
82,447
111,248
97,239
110,177
108,434
46,310
116,194
105,187
101,273
53,435
82,482
111,248
97,243
110,219
108,413
46,340
116,186
105,213
101,248
53,447
82,481
111,299
97,221
110,200
108,404
46,359
116,196
105,184
101,260
53,440
82,517
111,285
97,231
110,204
108,764
46,342
116,178
105,189
101,296
53,587
82,515
111,221
97,258
110,213
108,368
46,291
116,174
105,193
101,256
53,479
82,452
111,240
97,264
110,213
108,402
46,326
116,195
105,186
101,285
53,466
82,478
111,249
97,221
110,196
108,375
46,459
116,144
105,273
101,582
53,522
82,405
111,210
97,205
110,249
108,454
46,384
116,172
105,193
101,349
53,563
82,733
111,228
97,1377
110,1114
108,459
46,408
116,186
105,180
101,418
53,551
82,442
111,197
97,248
110,239
108,448
46,304
116,143
105,220
101,583
53,561
82,437
111,197
97,260
110,229
108,436
46,315
116,155
105,178
101,346
53,482
82,404
111,209
97,245
110,237
108,477
46,390
116,147
105,181
101,321
53,559
82,377
111,201
97,235
110,236
108,406
46,305
116,139
105,182
101,1532
53,497
82,419
111,255
97,205
110,197
108,363
46,361
116,140
105,214
101,923
53,1086
82,672
111,201
97,259
110,242
108,405
46,337
116,143
105,256
101,397
53,522
82,2259
111,225
97,242
110,227
108,389
46,328
116,147
105,177
101,333
53,469
82,410
111,229
97,206
110,215
108,387
46,395
116,130
105,203
101,278
53,448
82,514
111,161
97,288
110,212
108,366
46,334
116,178
105,181
101,309
53,505
82,454
111,223
97,288
110,221
108,1366
46,291
116,166
105,183
101,269
53,473
82,475
111,212
97,263
110,218
108,435
46,365
116,150
105,149
101,290
53,454
82,411
111,214
97,222
110,208
108,436
46,448
116,180
105,164
101,296
53,632
82,560
111,203
97,237
110,216
108,484
46,359
116,183
105,188
101,269
53,429
82,415
111,197
97,253
110,196
108,422
46,1163
116,204
105,185
101,327
53,533
82,457
111,212
97,261
110,207
108,426
46,551
116,192
105,187
101,315
53,558
82,475
111,234
97,189
110,228
108,465
46,354
116,181
105,210
101,327
53,524
82,575
111,246
97,231
110,200
108,449
46,380
116,197
105,188
101,304
53,492
82,441
111,252
97,263
110,229
108,379
46,286
116,193
105,179
101,274
53,439
82,451
111,234
97,255
110,229
108,453
46,326
116,172
105,175
101,277
53,435
82,497
111,247
97,243
110,341
108,520
46,353
116,176
105,213
101,396
53,575
82,556
111,212
97,256
110,233
108,416
46,334
116,164
105,410
101,509
53,647
82,506
111,268
97,289
110,211
108,837
46,323
116,180
105,217
101,315
53,474
82,454
111,234
97,212
110,196
108,464
46,450
116,182
105,194
101,380
53,1472
82,452
111,223
97,233
110,211
108,404
46,424
116,263
105,213
101,349
53,520
82,485
111,232
97,236
110,204
108,408
46,299
116,185
105,172
101,329
53,450
82,451
111,239
97,275
110,208
108,2000
46,273
116,181
105,150
101,278
53,512
82,412
111,258
97,265
110,200
108,510
46,863
116,184
105,236
101,318
53,477
82,441
111,237
97,241
110,218
108,491
46,437
116,162
105,198
101,298
53,449
82,434
111,225
97,275
110,222
108,414
46,393
116,201
105,177
101,276
53,434
82,460
111,234
97,241
110,222
108,429
46,1459
116,239
105,227
101,322
53,504
82,509
111,187
97,254
110,216
108,415
46,356
116,185
105,202
101,255
53,419
82,430
111,237
97,239
110,225
108,406
46,390
116,182
105,162
101,263
53,444
82,385
111,234
97,238
110,229
108,493
46,597
116,249
105,191
101,366
53,492
82,456
111,258
97,251
110,205
108,388
46,426
116,191
105,163
101,293
53,476
82,478
111,214
97,262
110,207
108,406
46,392
116,170
105,201
101,324
53,437
82,432
111,247
97,236
110,259
108,422
46,956
116,168
105,210
101,341
53,456
82,413
111,244
97,248
110,228
108,427
46,376
116,186
105,224
101,487
53,501
82,524
111,216
97,273
110,223
108,482
46,536
116,242
105,158
101,323
53,470
82,428
111,232
97,261
110,207
108,448
46,371
116,171
105,211
101,297
53,453
82,497
111,213
97,298
110,289
108,419
46,366
116,186
105,193
101,299
53,441
82,424
111,244
97,234
110,224
108,423
46,372
116,167
105,187
101,323
53,469
82,406
111,250
97,220
110,248
108,414
46,375
116,184
105,207
101,288
53,445
82,440
111,226
97,274
110,221
108,423
46,378
116,173
105,200
101,254
53,434
82,446
111,225
97,240
110,208
108,386
46,333
116,209
105,198
101,349
53,501
82,522
111,254
97,234
110,217
108,539
46,432
116,160
105,194
101,277
53,498
82,1055
111,326
97,369
110,349
108,422
46,403
116,200
105,157
101,236
53,455
82,441
111,222
97,266
110,173
108,442
46,408
116,177
105,139
101,289
53,467
82,442
111,218
97,234
110,238
108,431
46,360
116,186
105,183
101,310
53,542
82,537
111,256
97,344
110,264
108,390
46,379
116,204
105,191
101,318
53,534
82,420
111,212
97,296
110,237
108,382
46,328
116,225
105,194
101,304
53,571
82,449
111,231
97,270
110,216
108,396
46,666
116,210
105,180
101,433
53,716
82,482
111,192
97,261
110,260
108,567
46,345
116,176
105,198
101,267
53,542
82,452
111,215
97,261
110,298
108,495
46,342
116,182
105,189
101,276
53,514
82,361
111,253
97,228
110,232
108,433
46,429
116,180
105,188
101,308
53,513
82,460
111,230
97,230
110,240
108,491
46,444
116,164
105,164
101,255
53,461
82,427
111,237
97,200
110,216
108,426
46,508
116,181
105,212
101,271
53,525
82,398
111,217
97,227
110,239
108,443
46,297
116,197
105,191
101,294
53,532
82,392
111,260
97,200
110,226
108,411
46,286
116,196
105,177
101,327
53,465
82,472
111,190
97,254
110,207
108,431
46,300
116,192
105,166
101,286
53,527
82,432
111,199
97,252
110,230
108,465
46,343
116,224
105,187
101,308
53,491
82,434
111,224
97,235
110,227
108,416
46,306
116,174
105,168
101,253
53,489
82,360
111,255
97,210
110,214
108,399
46,328
116,197
105,217
101,254
53,436
82,386
111,243
97,183
110,218
108,387
46,353
116,183
105,184
101,250
53,490
82,437
111,208
97,236
110,235
108,424
46,305
116,215
105,140
101,254
53,470
82,489
111,256
97,225
110,274
108,415
46,366
116,214
105,156
101,268
53,462
82,466
111,187
97,274
110,234
108,881
46,319
116,170
105,214
101,290
53,490
82,466
111,246
97,230
110,242
108,422
46,327
116,188
105,205
101,283
53,430
82,412
111,209
97,255
110,223
108,402
46,322
116,231
105,197
101,309
53,597
82,920
111,221
97,299
110,241
108,408
46,293
116,230
105,161
101,267
53,450
82,435
111,256
97,255
110,215
108,419
46,336
116,190
105,195
101,331
53,487
82,413
111,226
97,249
110,248
108,395
46,370
116,194
105,464
101,392
53,602
82,430
111,223
97,279
110,185
108,422
46,344
116,225
105,198
101,427
53,572
82,456
111,244
97,240
110,215
108,387
46,490
116,241
105,199
101,998
53,490
82,462
111,194
97,282
110,242
108,369
46,287
116,216
105,160
101,371
53,485
82,477
111,244
97,262
110,218
108,425
46,346
116,221
105,166
101,344
53,547
82,465
111,224
97,259
110,230
108,399
46,399
116,211
105,202
101,328
53,529
82,1923
111,249
97,242
110,260
108,415
46,292
116,200
105,242
101,320
53,498
82,622
111,211
97,324
110,254
108,433
46,349
116,221
105,226
101,1292
53,583
82,389
111,246
97,225
110,249
108,404
46,330
116,213
105,185
101,327
53,464
82,440
111,240
97,291
110,238
108,502
46,834
116,206
105,199
101,277
53,488
82,381
111,203
97,263
110,214
108,400
46,349
116,355
105,166
101,448
53,496
82,470
111,188
97,283
110,232
108,435
46,375
116,218
105,160
101,312
53,439
82,383
111,246
97,262
110,223
108,400
46,336
116,762
105,198
101,316
53,493
82,444
111,233
97,232
110,230
108,413
46,318
116,166
105,157
101,291
53,475
82,416
111,235
97,274
110,275
108,455
46,325
116,235
105,161
101,310
53,451
82,456
111,212
97,274
110,234
108,435
46,349
116,233
105,187
101,326
53,456
82,373
111,269
97,259
110,235
108,409
46,325
116,233
105,197
101,765
53,472
82,374
111,246
97,244
110,220
108,403
46,380
116,326
105,157
101,301
53,491
82,495
111,276
97,232
110,233
108,431
46,382
116,303
105,173
101,383
53,609
82,472
111,205
97,263
110,219
108,402
46,324
116,223
105,193
101,322
53,471
82,463
111,235
97,233
110,244
108,429
46,462
116,228
105,220
101,302
53,523
82,488
111,210
97,253
110,237
108,405
46,320
116,212
105,192
101,303
53,473
82,533
111,211
97,225
110,219
108,424
46,366
116,216
105,147
101,317
53,508
82,448
111,280
97,210
110,250
108,440
46,395
116,215
105,163
101,337
53,458
82,546
111,247
97,220
110,306
108,451
46,333
116,291
105,198
101,320
53,516
82,462
111,217
97,277
110,245
108,459
46,329
116,200
105,170
101,331
53,475
82,434
111,213
97,282
110,229
108,446
46,326
116,197
105,166
101,291
53,442
82,451
111,255
97,268
110,236
108,905
46,471
116,150
105,225
101,382
53,498
82,352
111,178
97,213
110,233
108,439
46,320
116,125
105,232
101,301
53,494
82,363
111,208
97,215
110,219
108,463
46,362
116,172
105,187
101,292
53,512
82,408
111,202
97,226
110,213
108,410
46,411
116,159
105,186
101,295
53,476
82,416
111,196
97,226
110,218
108,452
46,327
116,141
105,211
101,289
53,445
82,443
111,222
97,208
110,221
108,460
46,324
116,168
105,186
101,310
53,480
82,370
111,227
97,206
110,240
108,554
46,1371
116,171
105,190
101,277
53,521
82,1941
111,267
97,198
110,249
108,471
46,508
116,385
105,956
101,390
53,566
82,418
111,225
97,190
110,205
108,476
46,341
116,166
105,180
101,297
53,504
82,397
111,278
97,136
110,264
108,460
46,345
116,168
105,184
101,315
53,473
82,375
111,223
97,171
110,247
108,467
46,325
116,197
105,149
101,307
53,538
82,449
111,222
97,193
110,199
108,463
46,414
116,182
105,173
101,283
53,522
82,402
111,195
97,253
110,217
108,464
46,336
116,191
105,139
101,305
53,521
82,437
111,202
97,251
110,254
108,447
46,308
116,178
105,159
101,381
53,504
82,416
111,222
97,201
110,234
108,478
46,353
116,182
105,139
101,288
53,493
82,383
111,267
97,191
110,276
108,511
46,411
116,188
105,139
101,297
53,459
82,408
111,253
97,202
110,252
108,429
46,308
116,160
105,174
101,322
53,470
82,423
111,213
97,238
110,214
108,449
46,335
116,164
105,158
101,310
53,450
82,459
111,219
97,235
110,234
108,492
46,314
116,198
105,167
101,335
53,452
82,420
111,226
97,239
110,212
108,447
46,380
116,257
105,232
101,363
53,513
82,412
111,272
97,263
110,273
108,444
46,320
116,184
105,195
101,818
53,511
82,408
111,219
97,268
110,219
108,441
46,317
116,206
105,214
101,375
53,467
82,478
111,205
97,235
110,257
108,430
46,367
116,155
105,179
101,726
53,530
82,484
111,191
97,277
110,218
108,501
46,285
116,177
105,160
101,280
53,540
82,405
111,212
97,267
110,221
108,478
46,341
116,159
105,165
101,314
53,485
82,375
111,259
97,253
110,225
108,408
46,292
116,183
105,153
101,306
53,522
82,421
111,210
97,257
110,243
108,444
46,419
116,211
105,163
101,277
53,429
82,417
111,200
97,306
110,226
108,445
46,375
116,197
105,137
101,344
53,466
82,409
111,219
97,213
110,240
108,443
46,381
116,180
105,167
101,456
53,539
82,425
111,207
97,225
110,213
108,424
46,491
116,156
105,207
101,408
53,1614
82,437
111,162
97,299
110,289
108,571
46,958
116,159
105,174
101,331
53,483
82,397
111,208
97,217
110,242
108,445
46,376
116,161
105,192
101,301
53,444
82,410
111,239
97,247
110,224
108,430
46,450
116,170
105,197
101,422
53,1414
82,496
111,205
97,263
110,206
108,424
46,310
116,165
105,177
101,291
53,451
82,355
111,257
97,182
110,239
108,433
46,345
116,148
105,196
101,361
53,470
82,394
111,202
97,225
110,223
108,431
46,343
116,198
105,119
101,301
53,463
82,364
111,232
97,224
110,215
108,403
46,403
116,208
105,202
101,562
53,523
82,443
111,180
97,275
110,194
108,410
46,356
116,172
105,185
101,409
53,702
82,450
111,196
97,266
110,223
108,461
46,373
116,175
105,155
101,299
53,421
82,456
111,200
97,267
110,230
108,442
46,409
116,211
105,146
101,334
53,456
82,426
111,240
97,237
110,232
108,449
46,353
116,163
105,175
101,281
53,449
82,410
111,261
97,252
110,203
108,450
46,364
116,184
105,160
101,296
53,461
82,450
111,217
97,227
110,227
108,401
46,313
116,197
105,152
101,284
53,445
82,409
111,255
97,177
110,234
108,436
46,392
116,174
105,153
101,302
53,464
82,376
111,258
97,188
110,258
108,418
46,1537
116,176
105,199
101,321
53,471
82,412
111,212
97,253
110,208
108,426
46,373
116,170
105,175
101,327
53,474
82,490
111,266
97,281
110,228
108,432
46,300
116,246
105,194
101,305
53,443
82,417
111,204
97,258
110,224
108,392
46,332
116,186
105,139
101,316
53,464
82,359
111,235
97,218
110,217
108,458
46,325
116,167
105,152
101,321
53,483
82,363
111,205
97,249
110,244
108,414
46,323
116,212
105,164
101,318
53,479
82,401
111,200
97,249
110,213
108,441
46,498
116,134
105,204
101,362
53,538
82,517
111,207
97,217
110,232
108,432
46,372
116,154
105,197
101,323
53,505
82,394
111,212
97,217
110,281
108,522
46,468
116,150
105,189
101,293
53,501
82,380
111,250
97,171
110,242
108,517
46,559
116,198
105,139
101,282
53,498
82,428
111,223
97,252
110,209
108,415
46,366
116,160
105,188
101,309
53,455
82,451
111,222
97,240
110,306
108,1067
46,378
116,188
105,168
101,312
53,498
82,580
111,248
97,231
110,265
108,297
46,320
116,181
105,150
101,307
53,520
82,2097
111,234
97,251
110,654
108,526
46,391
116,164
105,171
101,262
53,539
82,723
111,231
97,215
110,261
108,533
46,363
116,171
105,190
101,293
53,460
82,417
111,420
97,379
110,466
108,485
46,360
116,178
105,158
101,317
53,519
82,445
111,320
97,250
110,815
108,547
46,523
116,174
105,183
101,323
53,567
82,441
111,402
97,189
110,362
108,530
46,293
116,164
105,184
101,316
53,546
82,393
111,356
97,290
110,549
108,486
46,404
116,219
105,134
101,309
53,605
82,459
111,238
97,302
110,545
108,460
46,287
116,166
105,186
101,434
53,943
82,772
111,257
97,247
110,265
108,551
46,404
116,171
105,181
101,424
53,755
82,1605
111,203
97,379
110,253
108,442
46,399
116,189
105,176
101,294
53,467
82,392
111,212
97,253
110,267
108,499
46,327
116,187
105,170
101,309
53,463
82,384
111,211
97,295
110,226
108,460
46,355
116,196
105,134
101,344
53,484
82,395
111,180
97,288
110,273
108,520
46,1320
116,149
105,190
101,323
53,500
82,442
111,190
97,302
110,234
108,485
46,303
116,190
105,168
101,331
53,536
82,445
111,179
97,274
110,226
108,514
46,465
116,239
105,228
101,780
53,678
82,455
111,194
97,280
110,235
108,498
46,327
116,218
105,159
101,301
53,475
82,437
111,209
97,324
110,247
108,500
46,386
116,201
105,126
101,332
53,476
82,454
111,206
97,292
110,230
108,447
46,313
116,161
105,176
101,350
53,434
82,392
111,250
97,180
110,272
108,489
46,384
116,185
105,211
101,332
53,1016
82,1290
111,269
97,416
110,414
108,467
46,346
116,211
105,151
101,297
53,520
82,435
111,197
97,254
110,227
108,529
46,270
116,249
105,219
101,313
53,498
82,426
111,185
97,271
110,229
108,471
46,299
116,202
105,132
101,332
53,500
82,421
111,198
97,258
110,249
108,475
46,348
116,225
105,152
101,308
53,486
82,423
111,226
97,267
110,238
108,490
46,318
116,201
105,152
101,329
53,475
82,431
111,182
97,238
110,280
108,434
46,303
116,191
105,163
101,314
53,471
82,447
111,191
97,261
110,222
108,454
46,359
116,161
105,205
101,333
53,672
82,529
111,168
97,321
110,241
108,436
46,712
116,154
105,180
101,385
53,518
82,472
111,144
97,351
110,230
108,485
46,450
116,188
105,143
101,338
53,501
82,469
111,197
97,249
110,240
108,416
46,406
116,192
105,138
101,298
53,491
82,447
111,206
97,249
110,210
108,467
46,319
116,181
105,151
101,305
53,559
82,385
111,1068
97,205
110,267
108,513
46,311
116,174
105,235
101,345
53,633
82,423
111,199
97,302
110,255
108,658
46,369
116,181
105,209
101,312
53,480
82,402
111,202
97,285
110,227
108,462
46,347
116,192
105,156
101,311
53,594
82,436
111,212
97,241
110,226
108,429
46,306
116,188
105,170
101,325
53,538
82,405
111,294
97,252
110,240
108,476
46,324
116,185
105,153
101,331
53,411
82,359
111,202
97,246
110,211
108,462
46,692
116,169
105,217
101,449
53,541
82,422
111,200
97,269
110,259
108,495
46,339
116,209
105,150
101,352
53,887
82,419
111,200
97,306
110,421
108,430
46,498
116,181
105,185
101,356
53,485
82,401
111,176
97,281
110,233
108,417
46,286
116,171
105,182
101,359
53,607
82,527
111,189
97,295
110,265
108,535
46,344
116,190
105,163
101,306
53,481
82,392
111,222
97,232
110,244
108,471
46,383
116,162
105,176
101,342
53,2146
82,393
111,188
97,270
110,234
108,490
46,416
116,1338
105,179
101,418
53,536
82,382
111,224
97,215
110,213
108,471
46,406
116,177
105,189
101,308
53,450
82,355
111,248
97,201
110,212
108,417
46,467
116,153
105,182
101,340
53,499
82,386
111,266
97,227
110,275
108,420
46,450
116,159
105,212
101,320
53,512
82,359
111,264
97,74
110,232
108,502
46,337
116,131
105,187
101,300
53,455
82,349
111,228
97,209
110,225
108,454
46,302
116,158
105,194
101,309
53,477
82,343
111,296
97,62
110,241
108,442
46,351
116,150
105,182
101,291
53,442
82,389
111,230
97,236
110,244
108,441
46,398
116,175
105,187
101,500
53,540
82,455
111,227
97,235
110,249
108,460
46,370
116,188
105,151
101,288
53,478
82,388
111,218
97,244
110,216
108,613
46,315
116,172
105,147
101,312
53,504
82,405
111,201
97,248
110,247
108,466
46,356
116,157
105,127
101,299
53,471
82,411
111,237
97,249
110,227
108,478
46,362
116,179
105,200
101,284
53,468
82,429
111,203
97,279
110,260
108,509
46,361
116,173
105,158
101,341
53,508
82,429
111,222
97,261
110,240
108,420
46,351
116,210
105,148
101,280
53,481
82,391
111,202
97,265
110,224
108,437
46,339
116,193
105,172
101,278
53,520
82,388
111,302
97,76
110,338
108,389
46,313
116,157
105,163
101,444
53,597
82,295
111,184
97,269
110,289
108,436
46,382
116,148
105,199
101,293
53,433
82,413
111,189
97,328
110,256
108,439
46,370
116,197
105,138
101,321
53,474
82,585
111,210
97,336
110,261
108,481
46,390
116,216
105,133
101,335
53,524
82,384
111,253
97,228
110,251
108,467
46,404
116,220
105,138
101,323
53,486
82,380
111,213
97,287
110,236
108,446
46,370
116,222
105,221
101,1821
53,727
82,475
111,224
97,228
110,216
108,449
46,312
116,146
105,173
101,325
53,536
82,650
111,288
97,221
110,242
108,470
46,419
116,284
105,215
101,354
53,513
82,350
111,225
97,249
110,215
108,420
46,336
116,170
105,165
101,291
53,447
82,402
111,200
97,278
110,231
108,403
46,321
116,255
105,128
101,304
53,473
82,393
111,247
97,229
110,223
108,409
46,333
116,214
105,118
101,377
53,1504
82,369
111,215
97,246
110,233
108,466
46,329
116,198
105,178
101,343
53,489
82,362
111,248
97,239
110,234
108,893
46,333
116,336
105,134
101,1175
53,576
82,438
111,182
97,299
110,228
108,453
46,250
116,223
105,105
101,403
53,359
82,623
111,179
97,276
110,316
108,440
46,313
116,231
105,125
101,318
53,494
82,398
111,248
97,233
110,223
108,448
46,419
116,229
105,180
101,372
53,503
82,472
111,186
97,273
110,221
108,468
46,353
116,205
105,167
101,312
53,434
82,415
111,219
97,275
110,210
108,455
46,445
116,249
105,79
101,413
53,517
82,458
111,217
97,260
110,229
108,438
46,369
116,184
105,146
101,320
53,484
82,461
111,215
97,280
110,215
108,426
46,344
116,199
105,149
101,298
53,414
82,425
111,235
97,267
110,216
108,476
46,348
116,191
105,168
101,335
53,435
82,411
111,250
97,240
110,219
108,429
46,363
116,353
105,170
101,344
53,517
82,396
111,212
97,302
110,211
108,434
46,352
116,240
105,104
101,499
53,731
82,439
111,193
97,270
110,242
108,458
46,370
116,236
105,144
101,552
53,549
82,392
111,176
97,311
110,217
108,507
46,345
116,166
105,208
101,289
53,482
82,407
111,187
97,293
110,195
108,439
46,371
116,183
105,138
101,325
53,449
82,450
111,209
97,304
110,218
108,446
46,340
116,184
105,136
101,330
53,418
82,377
111,233
97,208
110,211
108,426
46,355
116,205
105,145
101,326
53,418
82,402
111,222
97,233
110,208
108,415
46,342
116,173
105,142
101,354
53,392
82,384
111,225
97,255
110,202
108,406
46,361
116,143
105,187
101,303
53,429
82,391
111,220
97,241
110,201
108,448
46,335
116,159
105,170
101,361
53,391
82,340
111,269
97,195
110,205
108,392
46,383
116,196
105,175
101,310
53,428
82,362
111,231
97,231
110,212
108,423
46,374
116,206
105,183
101,288
53,442
82,383
111,173
97,307
110,208
108,425
46,346
116,196
105,158
101,323
53,400
82,449
111,188
97,301
110,215
108,431
46,655
116,207
105,210
101,326
53,490
82,379
111,217
97,246
110,198
108,408
46,415
116,171
105,304
101,769
53,543
82,392
111,188
97,289
110,218
108,417
46,352
116,221
105,170
101,319
53,470
82,345
111,245
97,211
110,194
108,413
46,336
116,178
105,158
101,312
53,391
82,404
111,205
97,275
110,214
108,422
