531,47
312,17
358,34
1237,14
672,23
1126,56
268,15
258,31
425,0
684,45
91,36
407,47
254,17
258,34
893,14
606,23
716,56
334,15
363,31
544,0
333,45
90,36
333,47
218,17
224,34
809,14
582,23
486,56
662,15
440,31
369,0
307,45
76,36
309,47
242,17
248,34
734,14
618,23
460,56
302,15
245,31
386,0
595,45
80,36
350,47
240,17
232,34
927,14
501,23
477,56
356,15
204,31
281,0
324,45
72,36
346,47
217,17
219,34
461,14
778,23
889,56
228,15
248,31
269,0
408,45
77,36
287,47
227,17
241,34
653,14
589,23
441,56
375,15
216,31
568,0
551,45
63,36
291,47
200,17
187,34
737,14
588,23
347,56
159,15
254,31
271,0
355,45
82,36
265,47
187,17
191,34
417,14
1341,23
674,56
228,15
170,31
1595,0
291,45
80,36
272,47
245,17
198,34
405,14
651,23
440,56
192,15
215,31
472,0
305,45
78,36
278,47
194,17
204,34
389,14
665,23
304,56
175,15
246,31
431,0
244,45
91,36
331,47
201,17
219,34
589,14
671,23
566,56
205,15
237,31
431,0
347,45
73,36
317,47
211,17
221,34
558,14
678,23
417,56
189,15
251,31
332,0
395,45
74,36
306,47
265,17
245,34
1014,14
561,23
297,56
178,15
247,31
309,0
303,45
84,36
242,47
228,17
213,34
792,14
567,23
442,56
137,15
273,31
285,0
298,45
72,36
308,47
261,17
228,34
375,14
609,23
453,56
180,15
274,31
311,0
281,45
82,36
407,47
250,17
256,34
314,14
641,23
524,56
210,15
239,31
329,0
434,45
82,36
270,47
210,17
237,34
522,14
607,23
438,56
215,15
225,31
349,0
395,45
83,36
279,47
251,17
217,34
551,14
553,23
340,56
178,15
257,31
284,0
290,45
81,36
602,47
231,17
222,34
468,14
591,23
349,56
180,15
250,31
280,0
342,45
85,36
325,47
220,17
223,34
396,14
690,23
576,56
217,15
236,31
263,0
434,45
91,36
297,47
231,17
236,34
337,14
553,23
355,56
185,15
240,31
269,0
285,45
81,36
273,47
226,17
245,34
431,14
567,23
371,56
168,15
258,31
297,0
307,45
86,36
273,47
218,17
220,34
482,14
588,23
348,56
209,15
238,31
288,0
320,45
87,36
336,47
273,17
202,34
547,14
660,23
392,56
180,15
278,31
291,0
331,45
97,36
271,47
219,17
209,34
318,14
800,23
411,56
155,15
274,31
279,0
277,45
85,36
255,47
252,17
241,34
1308,14
637,23
767,56
233,15
170,31
290,0
593,45
94,36
342,47
236,17
214,34
337,14
587,23
376,56
195,15
256,31
286,0
329,45
96,36
267,47
214,17
229,34
395,14
619,23
440,56
583,15
380,31
281,0
327,45
86,36
266,47
221,17
243,34
361,14
555,23
280,56
201,15
239,31
290,0
293,45
91,36
288,47
218,17
224,34
363,14
539,23
276,56
185,15
235,31
280,0
304,45
87,36
279,47
180,17
258,34
321,14
545,23
307,56
180,15
260,31
293,0
373,45
94,36
323,47
270,17
250,34
565,14
590,23
279,56
203,15
242,31
275,0
346,45
96,36
330,47
231,17
227,34
388,14
556,23
265,56
189,15
256,31
263,0
375,45
95,36
391,47
212,17
227,34
339,14
494,23
253,56
193,15
268,31
287,0
261,45
83,36
297,47
192,17
231,34
362,14
589,23
312,56
263,15
259,31
264,0
280,45
78,36
310,47
208,17
247,34
323,14
552,23
294,56
198,15
235,31
284,0
371,45
86,36
396,47
233,17
230,34
352,14
532,23
295,56
197,15
266,31
284,0
317,45
93,36
336,47
289,17
253,34
290,14
843,23
444,56
189,15
260,31
276,0
299,45
93,36
325,47
234,17
235,34
580,14
741,23
472,56
176,15
279,31
304,0
384,45
95,36
310,47
207,17
249,34
381,14
583,23
421,56
184,15
276,31
266,0
408,45
101,36
286,47
227,17
234,34
403,14
556,23
298,56
163,15
269,31
272,0
331,45
90,36
324,47
209,17
235,34
358,14
613,23
311,56
212,15
258,31
279,0
272,45
79,36
340,47
227,17
255,34
414,14
600,23
305,56
204,15
271,31
274,0
385,45
92,36
234,47
229,17
251,34
311,14
696,23
295,56
205,15
259,31
289,0
345,45
93,36
250,47
213,17
229,34
509,14
636,23
426,56
172,15
273,31
282,0
310,45
100,36
224,47
241,17
230,34
333,14
510,23
278,56
183,15
256,31
265,0
356,45
90,36
228,47
233,17
235,34
572,14
557,23
523,56
187,15
249,31
276,0
297,45
88,36
394,47
214,17
217,34
305,14
573,23
282,56
200,15
258,31
273,0
288,45
84,36
410,47
278,17
240,34
382,14
577,23
278,56
228,15
292,31
278,0
306,45
89,36
501,47
433,17
433,34
1090,14
745,23
1638,56
1821,15
334,31
298,0
316,45
89,36
408,47
275,17
260,34
402,14
762,23
963,56
317,15
341,31
657,0
326,45
92,36
305,47
249,17
246,34
322,14
660,23
493,56
298,15
314,31
411,0
312,45
78,36
387,47
295,17
236,34
704,14
669,23
540,56
335,15
327,31
275,0
310,45
74,36
360,47
257,17
240,34
313,14
793,23
503,56
230,15
257,31
294,0
290,45
68,36
330,47
239,17
249,34
376,14
609,23
541,56
402,15
270,31
265,0
328,45
76,36
425,47
274,17
244,34
425,14
593,23
306,56
274,15
160,31
304,0
292,45
64,36
275,47
274,17
214,34
342,14
565,23
285,56
247,15
237,31
269,0
1166,45
88,36
320,47
225,17
212,34
436,14
569,23
342,56
224,15
251,31
268,0
276,45
82,36
219,47
312,17
193,34
587,14
572,23
528,56
323,15
230,31
270,0
281,45
79,36
244,47
292,17
227,34
380,14
589,23
232,56
251,15
246,31
270,0
295,45
83,36
636,47
300,17
241,34
333,14
552,23
269,56
254,15
241,31
278,0
277,45
81,36
244,47
292,17
212,34
404,14
629,23
367,56
270,15
187,31
316,0
301,45
88,36
190,47
261,17
211,34
346,14
607,23
344,56
239,15
256,31
286,0
273,45
97,36
254,47
277,17
244,34
362,14
549,23
331,56
256,15
263,31
310,0
300,45
79,36
942,47
256,17
235,34
269,14
526,23
241,56
242,15
209,31
264,0
277,45
94,36
702,47
227,17
244,34
322,14
544,23
341,56
231,15
235,31
273,0
264,45
58,36
272,47
268,17
177,34
343,14
630,23
336,56
224,15
206,31
277,0
261,45
86,36
330,47
164,17
294,34
653,14
682,23
305,56
235,15
234,31
269,0
307,45
88,36
253,47
287,17
289,34
326,14
582,23
316,56
259,15
239,31
275,0
297,45
79,36
669,47
252,17
268,34
314,14
588,23
338,56
254,15
250,31
282,0
276,45
92,36
390,47
268,17
260,34
300,14
562,23
333,56
276,15
223,31
280,0
297,45
86,36
229,47
272,17
261,34
328,14
521,23
265,56
254,15
237,31
273,0
348,45
92,36
221,47
296,17
257,34
300,14
546,23
306,56
224,15
226,31
275,0
298,45
93,36
233,47
354,17
280,34
309,14
563,23
355,56
224,15
227,31
265,0
294,45
91,36
250,47
245,17
234,34
302,14
534,23
306,56
250,15
251,31
275,0
279,45
98,36
262,47
256,17
248,34
358,14
581,23
425,56
232,15
226,31
301,0
297,45
89,36
199,47
269,17
200,34
330,14
554,23
638,56
286,15
239,31
270,0
271,45
98,36
195,47
249,17
234,34
324,14
544,23
274,56
275,15
277,31
249,0
304,45
96,36
500,47
242,17
248,34
343,14
569,23
367,56
251,15
245,31
288,0
304,45
91,36
468,47
285,17
262,34
426,14
646,23
512,56
252,15
277,31
474,0
509,45
66,36
233,47
248,17
249,34
332,14
582,23
368,56
237,15
273,31
314,0
300,45
104,36
237,47
318,17
235,34
333,14
620,23
384,56
252,15
250,31
300,0
280,45
92,36
284,47
222,17
243,34
291,14
525,23
304,56
227,15
239,31
287,0
289,45
79,36
633,47
226,17
231,34
325,14
745,23
400,56
246,15
230,31
334,0
305,45
92,36
197,47
241,17
210,34
285,14
550,23
299,56
229,15
261,31
227,0
304,45
88,36
271,47
240,17
228,34
291,14
558,23
300,56
241,15
209,31
312,0
282,45
84,36
225,47
262,17
255,34
331,14
566,23
274,56
290,15
247,31
287,0
296,45
92,36
250,47
254,17
224,34
415,14
2235,23
672,56
224,15
251,31
279,0
291,45
82,36
463,47
262,17
238,34
302,14
641,23
362,56
207,15
243,31
270,0
258,45
88,36
349,47
262,17
234,34
320,14
570,23
332,56
256,15
260,31
260,0
316,45
90,36
298,47
258,17
247,34
372,14
642,23
333,56
239,15
232,31
269,0
271,45
89,36
241,47
269,17
272,34
299,14
567,23
291,56
245,15
225,31
299,0
260,45
91,36
283,47
265,17
269,34
329,14
572,23
287,56
264,15
224,31
277,0
294,45
90,36
287,47
318,17
260,34
350,14
588,23
305,56
243,15
207,31
297,0
294,45
92,36
382,47
326,17
246,34
337,14
533,23
287,56
245,15
246,31
278,0
290,45
100,36
273,47
297,17
291,34
302,14
610,23
305,56
253,15
230,31
280,0
314,45
101,36
523,47
374,17
304,34
994,14
523,23
310,56
227,15
242,31
287,0
319,45
94,36
237,47
215,17
243,34
314,14
611,23
388,56
251,15
250,31
280,0
274,45
79,36
369,47
276,17
267,34
332,14
544,23
311,56
235,15
255,31
280,0
369,45
92,36
301,47
287,17
278,34
1265,14
601,23
376,56
272,15
284,31
473,0
291,45
102,36
302,47
236,17
232,34
368,14
595,23
457,56
610,15
291,31
326,0
294,45
82,36
260,47
333,17
228,34
753,14
527,23
390,56
231,15
229,31
288,0
399,45
94,36
311,47
237,17
237,34
397,14
669,23
417,56
185,15
244,31
283,0
330,45
97,36
291,47
223,17
218,34
350,14
606,23
362,56
228,15
240,31
290,0
305,45
86,36
270,47
269,17
241,34
418,14
585,23
341,56
218,15
237,31
302,0
868,45
95,36
251,47
239,17
206,34
291,14
510,23
278,56
219,15
212,31
322,0
241,45
103,36
227,47
238,17
206,34
319,14
535,23
324,56
220,15
225,31
266,0
300,45
89,36
210,47
245,17
207,34
350,14
1728,23
321,56
214,15
205,31
295,0
302,45
93,36
214,47
244,17
222,34
307,14
526,23
280,56
214,15
231,31
270,0
272,45
83,36
272,47
238,17
227,34
356,14
635,23
380,56
202,15
234,31
255,0
270,45
84,36
230,47
238,17
191,34
338,14
518,23
296,56
226,15
203,31
275,0
2455,45
127,36
243,47
225,17
226,34
276,14
559,23
352,56
230,15
225,31
303,0
339,45
109,36
247,47
935,17
233,34
369,14
539,23
335,56
206,15
243,31
307,0
363,45
102,36
276,47
255,17
210,34
490,14
559,23
310,56
203,15
246,31
285,0
325,45
99,36
240,47
228,17
229,34
276,14
516,23
287,56
218,15
235,31
282,0
266,45
100,36
268,47
221,17
224,34
292,14
579,23
378,56
215,15
231,31
282,0
307,45
98,36
261,47
228,17
239,34
335,14
568,23
335,56
223,15
188,31
280,0
278,45
87,36
296,47
265,17
248,34
291,14
557,23
292,56
231,15
248,31
262,0
279,45
87,36
308,47
239,17
224,34
282,14
511,23
329,56
209,15
233,31
278,0
286,45
84,36
220,47
256,17
187,34
287,14
532,23
301,56
204,15
227,31
263,0
271,45
93,36
251,47
282,17
206,34
339,14
650,23
570,56
276,15
238,31
316,0
288,45
84,36
291,47
321,17
257,34
293,14
520,23
295,56
221,15
224,31
277,0
269,45
96,36
234,47
237,17
219,34
311,14
539,23
341,56
213,15
237,31
293,0
350,45
99,36
241,47
285,17
198,34
300,14
1083,23
377,56
200,15
254,31
273,0
333,45
97,36
177,47
283,17
205,34
303,14
617,23
374,56
198,15
265,31
267,0
276,45
93,36
192,47
232,17
210,34
271,14
723,23
440,56
195,15
244,31
270,0
279,45
93,36
208,47
227,17
215,34
299,14
584,23
320,56
195,15
242,31
268,0
268,45
86,36
210,47
249,17
236,34
311,14
540,23
337,56
222,15
240,31
272,0
282,45
72,36
278,47
238,17
168,34
302,14
538,23
334,56
224,15
225,31
271,0
254,45
95,36
212,47
227,17
204,34
278,14
586,23
378,56
221,15
230,31
274,0
290,45
91,36
260,47
252,17
234,34
300,14
586,23
297,56
191,15
235,31
277,0
281,45
93,36
314,47
219,17
254,34
337,14
528,23
303,56
217,15
239,31
283,0
677,45
105,36
200,47
255,17
195,34
328,14
590,23
317,56
232,15
231,31
285,0
330,45
100,36
262,47
284,17
242,34
382,14
715,23
307,56
214,15
260,31
283,0
314,45
91,36
193,47
279,17
190,34
319,14
638,23
362,56
208,15
248,31
291,0
265,45
91,36
255,47
255,17
248,34
286,14
520,23
286,56
218,15
252,31
260,0
310,45
91,36
336,47
240,17
221,34
955,14
941,23
409,56
217,15
255,31
286,0
321,45
84,36
920,47
274,17
209,34
282,14
500,23
305,56
196,15
232,31
263,0
318,45
84,36
186,47
278,17
217,34
331,14
500,23
323,56
197,15
243,31
271,0
288,45
82,36
250,47
249,17
228,34
300,14
594,23
374,56
259,15
226,31
283,0
271,45
100,36
261,47
251,17
287,34
656,14
492,23
329,56
197,15
268,31
283,0
297,45
88,36
214,47
260,17
219,34
305,14
613,23
380,56
302,15
235,31
286,0
285,45
97,36
190,47
285,17
239,34
268,14
522,23
334,56
243,15
254,31
267,0
288,45
82,36
250,47
248,17
260,34
363,14
550,23
298,56
213,15
226,31
279,0
540,45
95,36
256,47
216,17
257,34
314,14
576,23
346,56
251,15
245,31
278,0
315,45
93,36
257,47
215,17
257,34
336,14
539,23
323,56
209,15
238,31
283,0
319,45
90,36
239,47
242,17
260,34
316,14
533,23
298,56
211,15
261,31
310,0
330,45
96,36
242,47
273,17
227,34
467,14
595,23
507,56
221,15
245,31
318,0
371,45
92,36
214,47
277,17
236,34
1140,14
489,23
292,56
211,15
209,31
301,0
293,45
92,36
370,47
222,17
265,34
337,14
625,23
329,56
261,15
279,31
374,0
326,45
102,36
238,47
198,17
233,34
352,14
530,23
325,56
565,15
277,31
271,0
285,45
95,36
252,47
216,17
232,34
305,14
555,23
310,56
256,15
248,31
283,0
272,45
85,36
255,47
211,17
246,34
298,14
511,23
316,56
1185,15
364,31
323,0
291,45
89,36
434,47
272,17
258,34
1175,14
496,23
309,56
222,15
231,31
278,0
313,45
100,36
275,47
278,17
266,34
640,14
561,23
382,56
229,15
237,31
314,0
336,45
99,36
282,47
236,17
220,34
456,14
696,23
411,56
279,15
234,31
316,0
295,45
94,36
292,47
269,17
233,34
329,14
540,23
1626,56
785,15
260,31
319,0
296,45
111,36
229,47
225,17
229,34
301,14
563,23
314,56
216,15
232,31
263,0
258,45
93,36
327,47
195,17
241,34
336,14
560,23
369,56
235,15
248,31
284,0
338,45
111,36
222,47
244,17
228,34
352,14
535,23
340,56
220,15
257,31
284,0
272,45
90,36
254,47
218,17
275,34
320,14
573,23
430,56
268,15
312,31
260,0
272,45
93,36
207,47
229,17
233,34
326,14
509,23
362,56
300,15
341,31
266,0
363,45
102,36
185,47
242,17
223,34
293,14
655,23
364,56
213,15
260,31
305,0
346,45
99,36
240,47
221,17
225,34
273,14
523,23
340,56
215,15
229,31
266,0
260,45
107,36
288,47
206,17
222,34
271,14
507,23
347,56
227,15
259,31
276,0
245,45
104,36
226,47
242,17
235,34
403,14
575,23
323,56
210,15
258,31
269,0
280,45
82,36
233,47
196,17
254,34
319,14
501,23
347,56
220,15
244,31
275,0
292,45
98,36
333,47
213,17
237,34
314,14
568,23
316,56
211,15
232,31
282,0
298,45
108,36
233,47
230,17
243,34
288,14
481,23
328,56
218,15
261,31
290,0
309,45
95,36
271,47
222,17
246,34
294,14
510,23
420,56
257,15
246,31
356,0
755,45
110,36
238,47
218,17
241,34
336,14
622,23
614,56
218,15
239,31
279,0
268,45
107,36
236,47
234,17
218,34
272,14
459,23
305,56
205,15
205,31
274,0
275,45
94,36
272,47
206,17
228,34
270,14
582,23
420,56
225,15
246,31
267,0
277,45
97,36
403,47
282,17
294,34
417,14
844,23
474,56
549,15
316,31
1667,0
377,45
99,36
392,47
271,17
258,34
325,14
564,23
397,56
247,15
252,31
315,0
301,45
109,36
351,47
194,17
275,34
335,14
583,23
412,56
460,15
266,31
336,0
338,45
111,36
226,47
237,17
229,34
290,14
960,23
600,56
238,15
212,31
303,0
286,45
102,36
238,47
246,17
237,34
274,14
519,23
389,56
264,15
238,31
304,0
312,45
96,36
288,47
229,17
256,34
574,14
570,23
378,56
234,15
234,31
310,0
311,45
109,36
245,47
238,17
209,34
286,14
916,23
595,56
214,15
225,31
288,0
339,45
105,36
913,47
222,17
247,34
279,14
517,23
410,56
263,15
252,31
322,0
336,45
101,36
599,47
263,17
248,34
265,14
492,23
320,56
228,15
225,31
268,0
302,45
91,36
289,47
245,17
249,34
265,14
520,23
319,56
295,15
222,31
281,0
341,45
102,36
345,47
214,17
241,34
302,14
682,23
483,56
216,15
243,31
285,0
271,45
99,36
327,47
980,17
357,34
341,14
625,23
354,56
236,15
253,31
297,0
340,45
106,36
231,47
1610,17
247,34
317,14
526,23
308,56
235,15
238,31
303,0
271,45
108,36
333,47
226,17
264,34
295,14
549,23
368,56
233,15
239,31
318,0
286,45
96,36
228,47
216,17
253,34
311,14
608,23
389,56
210,15
247,31
302,0
325,45
95,36
268,47
262,17
230,34
301,14
509,23
329,56
226,15
216,31
297,0
284,45
79,36
223,47
232,17
247,34
299,14
557,23
370,56
227,15
234,31
277,0
259,45
84,36
466,47
235,17
251,34
306,14
539,23
293,56
225,15
224,31
285,0
276,45
103,36
260,47
287,17
290,34
298,14
607,23
426,56
234,15
219,31
283,0
310,45
101,36
347,47
257,17
273,34
326,14
530,23
374,56
236,15
240,31
287,0
274,45
105,36
286,47
238,17
261,34
315,14
613,23
453,56
230,15
237,31
282,0
308,45
88,36
446,47
226,17
241,34
400,14
603,23
407,56
244,15
237,31
310,0
342,45
106,36
304,47
224,17
237,34
293,14
546,23
308,56
238,15
263,31
290,0
340,45
108,36
346,47
265,17
226,34
845,14
788,23
403,56
236,15
207,31
306,0
286,45
106,36
247,47
245,17
232,34
287,14
579,23
403,56
245,15
227,31
294,0
293,45
85,36
236,47
246,17
231,34
322,14
512,23
399,56
354,15
231,31
266,0
286,45
88,36
1524,47
345,17
206,34
344,14
567,23
316,56
254,15
256,31
295,0
298,45
78,36
286,47
225,17
223,34
278,14
491,23
311,56
218,15
226,31
280,0
254,45
90,36
450,47
244,17
224,34
433,14
519,23
341,56
229,15
201,31
291,0
298,45
95,36
271,47
242,17
220,34
357,14
556,23
371,56
220,15
225,31
269,0
288,45
86,36
432,47
241,17
207,34
261,14
467,23
270,56
210,15
185,31
276,0
273,45
81,36
329,47
266,17
246,34
683,14
573,23
314,56
244,15
207,31
262,0
289,45
93,36
293,47
235,17
260,34
312,14
576,23
318,56
234,15
210,31
293,0
297,45
93,36
288,47
183,17
268,34
308,14
493,23
322,56
214,15
228,31
266,0
286,45
85,36
268,47
197,17
239,34
369,14
601,23
367,56
219,15
219,31
275,0
269,45
79,36
408,47
212,17
211,34
280,14
546,23
329,56
228,15
254,31
288,0
269,45
99,36
330,47
240,17
224,34
278,14
516,23
357,56
208,15
226,31
280,0
273,45
74,36
313,47
203,17
246,34
291,14
542,23
346,56
204,15
211,31
290,0
260,45
77,36
234,47
222,17
240,34
293,14
505,23
316,56
236,15
225,31
278,0
263,45
88,36
227,47
238,17
221,34
366,14
868,23
432,56
176,15
211,31
272,0
267,45
86,36
216,47
200,17
246,34
279,14
472,23
286,56
209,15
194,31
268,0
251,45
87,36
325,47
261,17
245,34
472,14
532,23
349,56
222,15
205,31
272,0
262,45
88,36
240,47
203,17
247,34
304,14
487,23
361,56
268,15
228,31
307,0
277,45
133,36
261,47
316,17
240,34
269,14
474,23
340,56
231,15
197,31
275,0
284,45
98,36
348,47
237,17
221,34
1535,14
570,23
354,56
209,15
262,31
299,0
282,45
113,36
266,47
202,17
222,34
271,14
588,23
348,56
231,15
225,31
314,0
278,45
93,36
224,47
243,17
220,34
412,14
609,23
384,56
237,15
224,31
346,0
304,45
96,36
236,47
242,17
220,34
293,14
457,23
353,56
221,15
209,31
273,0
250,45
114,36
225,47
201,17
222,34
282,14
484,23
364,56
218,15
201,31
309,0
263,45
87,36
234,47
213,17
226,34
303,14
471,23
295,56
213,15
210,31
259,0
252,45
90,36
224,47
242,17
212,34
284,14
560,23
380,56
237,15
217,31
291,0
261,45
99,36
274,47
219,17
225,34
702,14
561,23
343,56
204,15
238,31
305,0
251,45
98,36
235,47
234,17
242,34
329,14
497,23
557,56
196,15
200,31
292,0
231,45
90,36
243,47
223,17
273,34
390,14
573,23
442,56
245,15
230,31
316,0
287,45
99,36
362,47
236,17
236,34
657,14
960,23
433,56
214,15
206,31
327,0
251,45
105,36
276,47
221,17
522,34
525,14
644,23
395,56
214,15
192,31
285,0
521,45
111,36
310,47
207,17
234,34
315,14
551,23
346,56
227,15
211,31
271,0
254,45
95,36
197,47
241,17
242,34
1006,14
715,23
327,56
210,15
196,31
268,0
237,45
99,36
238,47
309,17
563,34
306,14
562,23
360,56
196,15
216,31
269,0
260,45
94,36
280,47
235,17
215,34
268,14
522,23
365,56
204,15
189,31
264,0
255,45
90,36
563,47
242,17
293,34
358,14
522,23
350,56
245,15
236,31
303,0
250,45
101,36
244,47
247,17
159,34
331,14
456,23
311,56
243,15
167,31
281,0
303,45
99,36
304,47
989,17
245,34
720,14
561,23
346,56
222,15
186,31
298,0
260,45
101,36
228,47
224,17
207,34
274,14
503,23
339,56
216,15
219,31
281,0
272,45
109,36
243,47
218,17
253,34
490,14
506,23
370,56
216,15
225,31
278,0
268,45
104,36
215,47
249,17
217,34
283,14
511,23
367,56
295,15
292,31
306,0
282,45
102,36
506,47
264,17
337,34
294,14
841,23
359,56
199,15
203,31
298,0
262,45
107,36
274,47
253,17
237,34
272,14
493,23
359,56
200,15
207,31
255,0
278,45
101,36
246,47
209,17
267,34
543,14
482,23
367,56
224,15
222,31
269,0
261,45
100,36
225,47
268,17
259,34
296,14
546,23
414,56
274,15
237,31
274,0
310,45
103,36
505,47
221,17
241,34
277,14
519,23
444,56
207,15
210,31
288,0
286,45
95,36
228,47
231,17
252,34
325,14
532,23
356,56
209,15
231,31
296,0
265,45
97,36
230,47
262,17
294,34
325,14
556,23
417,56
209,15
213,31
303,0
244,45
95,36
251,47
224,17
255,34
282,14
507,23
367,56
252,15
130,31
293,0
275,45
95,36
223,47
231,17
212,34
279,14
500,23
329,56
219,15
217,31
319,0
269,45
96,36
248,47
233,17
254,34
274,14
475,23
340,56
218,15
227,31
302,0
272,45
103,36
314,47
263,17
236,34
363,14
513,23
249,56
239,15
257,31
267,0
247,45
88,36
246,47
216,17
233,34
313,14
540,23
275,56
575,15
278,31
231,0
244,45
86,36
285,47
246,17
269,34
367,14
575,23
281,56
238,15
234,31
268,0
256,45
92,36
262,47
245,17
259,34
314,14
574,23
297,56
235,15
254,31
260,0
264,45
85,36
301,47
248,17
1088,34
461,14
542,23
313,56
224,15
232,31
278,0
262,45
89,36
547,47
262,17
239,34
305,14
501,23
300,56
239,15
253,31
274,0
286,45
94,36
297,47
209,17
258,34
296,14
569,23
289,56
233,15
231,31
274,0
285,45
103,36
255,47
1354,17
226,34
716,14
487,23
329,56
227,15
246,31
271,0
281,45
100,36
317,47
221,17
239,34
282,14
482,23
267,56
231,15
220,31
279,0
268,45
96,36
241,47
209,17
264,34
302,14
568,23
352,56
242,15
232,31
261,0
267,45
102,36
522,47
234,17
221,34
308,14
811,23
832,56
468,15
770,31
1008,0
302,45
116,36
236,47
246,17
237,34
665,14
514,23
319,56
219,15
265,31
282,0
244,45
103,36
219,47
229,17
219,34
304,14
619,23
376,56
194,15
255,31
271,0
263,45
91,36
194,47
243,17
232,34
305,14
570,23
311,56
224,15
281,31
277,0
267,45
103,36
238,47
233,17
214,34
293,14
500,23
302,56
224,15
286,31
258,0
294,45
100,36
258,47
231,17
226,34
303,14
555,23
389,56
183,15
268,31
278,0
253,45
97,36
214,47
249,17
199,34
298,14
543,23
352,56
197,15
264,31
273,0
255,45
102,36
220,47
220,17
221,34
294,14
543,23
323,56
205,15
266,31
275,0
275,45
103,36
233,47
214,17
223,34
297,14
538,23
281,56
220,15
258,31
275,0
271,45
103,36
262,47
210,17
240,34
331,14
540,23
326,56
240,15
232,31
274,0
265,45
103,36
245,47
229,17
231,34
273,14
555,23
272,56
231,15
268,31
271,0
286,45
111,36
268,47
228,17
264,34
268,14
544,23
287,56
217,15
231,31
269,0
256,45
99,36
228,47
202,17
238,34
287,14
559,23
313,56
213,15
272,31
1937,0
318,45
113,36
193,47
226,17
239,34
265,14
497,23
354,56
214,15
277,31
300,0
256,45
102,36
251,47
254,17
202,34
337,14
556,23
317,56
186,15
255,31
301,0
269,45
98,36
244,47
240,17
907,34
469,14
854,23
326,56
198,15
235,31
270,0
245,45
91,36
212,47
200,17
206,34
294,14
470,23
278,56
209,15
243,31
266,0
267,45
102,36
304,47
229,17
223,34
251,14
498,23
295,56
211,15
251,31
275,0
255,45
109,36
205,47
215,17
217,34
299,14
535,23
310,56
248,15
248,31
310,0
325,45
116,36
258,47
222,17
249,34
286,14
535,23
303,56
237,15
231,31
278,0
300,45
112,36
257,47
225,17
253,34
421,14
575,23
279,56
230,15
266,31
282,0
262,45
98,36
229,47
229,17
243,34
286,14
541,23
362,56
258,15
224,31
272,0
251,45
119,36
242,47
241,17
220,34
270,14
559,23
866,56
231,15
222,31
315,0
272,45
97,36
250,47
220,17
195,34
292,14
514,23
299,56
275,15
244,31
274,0
272,45
107,36
204,47
199,17
227,34
291,14
533,23
334,56
215,15
237,31
289,0
265,45
109,36
228,47
206,17
225,34
255,14
561,23
367,56
213,15
266,31
265,0
303,45
103,36
232,47
202,17
229,34
256,14
502,23
314,56
239,15
219,31
280,0
274,45
98,36
411,47
290,17
249,34
843,14
561,23
358,56
254,15
201,31
287,0
284,45
78,36
254,47
191,17
246,34
287,14
502,23
338,56
217,15
212,31
291,0
293,45
109,36
277,47
177,17
242,34
293,14
500,23
338,56
208,15
254,31
303,0
258,45
98,36
251,47
209,17
225,34
290,14
511,23
340,56
232,15
224,31
286,0
248,45
95,36
222,47
194,17
235,34
269,14
530,23
383,56
223,15
249,31
283,0
268,45
105,36
209,47
213,17
226,34
278,14
474,23
363,56
194,15
271,31
288,0
241,45
87,36
250,47
204,17
225,34
276,14
533,23
382,56
220,15
218,31
282,0
243,45
105,36
205,47
196,17
198,34
294,14
553,23
309,56
216,15
239,31
283,0
266,45
102,36
223,47
230,17
243,34
281,14
856,23
426,56
209,15
251,31
295,0
273,45
104,36
236,47
206,17
226,34
278,14
556,23
384,56
226,15
205,31
292,0
310,45
86,36
228,47
201,17
215,34
313,14
586,23
437,56
222,15
230,31
261,0
250,45
87,36
232,47
203,17
189,34
281,14
547,23
346,56
227,15
231,31
298,0
260,45
95,36
251,47
205,17
234,34
267,14
515,23
401,56
265,15
180,31
312,0
298,45
101,36
257,47
202,17
278,34
293,14
508,23
293,56
254,15
218,31
294,0
300,45
82,36
438,47
210,17
246,34
299,14
557,23
332,56
197,15
244,31
308,0
301,45
105,36
224,47
249,17
244,34
309,14
634,23
435,56
225,15
216,31
317,0
284,45
92,36
222,47
236,17
238,34
286,14
583,23
341,56
235,15
210,31
286,0
274,45
96,36
253,47
229,17
218,34
316,14
571,23
314,56
249,15
207,31
277,0
283,45
99,36
297,47
226,17
228,34
287,14
599,23
394,56
204,15
249,31
281,0
266,45
96,36
275,47
235,17
224,34
384,14
668,23
456,56
223,15
228,31
293,0
306,45
75,36
276,47
246,17
243,34
361,14
627,23
329,56
263,15
232,31
304,0
241,45
101,36
224,47
205,17
229,34
301,14
589,23
346,56
258,15
221,31
283,0
278,45
100,36
362,47
493,17
285,34
565,14
736,23
314,56
260,15
197,31
273,0
267,45
100,36
310,47
246,17
354,34
379,14
568,23
317,56
273,15
199,31
278,0
344,45
100,36
298,47
716,17
386,34
334,14
574,23
348,56
289,15
255,31
320,0
2884,45
81,36
222,47
240,17
264,34
613,14
541,23
341,56
218,15
220,31
289,0
283,45
103,36
207,47
224,17
250,34
265,14
490,23
299,56
206,15
238,31
282,0
286,45
103,36
245,47
228,17
248,34
5040,14
558,23
393,56
212,15
190,31
285,0
284,45
103,36
228,47
237,17
215,34
282,14
521,23
320,56
219,15
216,31
292,0
301,45
107,36
242,47
184,17
204,34
262,14
506,23
354,56
211,15
230,31
302,0
261,45
97,36
239,47
211,17
237,34
314,14
548,23
340,56
235,15
255,31
312,0
291,45
108,36
270,47
202,17
249,34
282,14
484,23
282,56
256,15
217,31
305,0
278,45
101,36
210,47
221,17
241,34
278,14
484,23
290,56
231,15
225,31
278,0
255,45
97,36
268,47
242,17
231,34
289,14
588,23
439,56
249,15
255,31
311,0
338,45
99,36
248,47
249,17
237,34
277,14
476,23
321,56
259,15
225,31
299,0
276,45
105,36
252,47
207,17
236,34
308,14
665,23
374,56
218,15
209,31
268,0
255,45
90,36
219,47
244,17
283,34
283,14
532,23
366,56
252,15
208,31
271,0
274,45
97,36
236,47
216,17
268,34
553,14
631,23
310,56
259,15
223,31
276,0
275,45
99,36
279,47
205,17
229,34
270,14
525,23
340,56
248,15
204,31
265,0
267,45
95,36
195,47
196,17
226,34
297,14
604,23
589,56
201,15
238,31
288,0
271,45
106,36
296,47
248,17
696,34
2215,14
530,23
360,56
214,15
234,31
280,0
296,45
112,36
265,47
216,17
238,34
285,14
496,23
352,56
250,15
213,31
291,0
278,45
90,36
206,47
234,17
234,34
263,14
509,23
322,56
249,15
253,31
293,0
268,45
99,36
279,47
210,17
232,34
298,14
503,23
288,56
248,15
265,31
285,0
251,45
91,36
223,47
199,17
259,34
257,14
503,23
337,56
240,15
229,31
293,0
274,45
109,36
211,47
311,17
277,34
336,14
542,23
331,56
224,15
238,31
264,0
250,45
81,36
252,47
251,17
239,34
795,14
552,23
389,56
271,15
227,31
287,0
256,45
99,36
299,47
193,17
251,34
359,14
517,23
368,56
254,15
249,31
331,0
325,45
106,36
291,47
203,17
260,34
295,14
583,23
524,56
225,15
236,31
306,0
294,45
105,36
289,47
200,17
242,34
333,14
529,23
358,56
265,15
232,31
299,0
252,45
103,36
221,47
224,17
231,34
265,14
546,23
347,56
245,15
249,31
295,0
769,45
121,36
288,47
226,17
232,34
233,14
498,23
332,56
221,15
241,31
280,0
300,45
97,36
297,47
238,17
242,34
305,14
512,23
398,56
200,15
250,31
308,0
272,45
116,36
232,47
242,17
245,34
259,14
482,23
347,56
241,15
201,31
296,0
299,45
103,36
211,47
217,17
248,34
284,14
466,23
341,56
207,15
232,31
286,0
279,45
102,36
203,47
226,17
253,34
263,14
518,23
375,56
226,15
225,31
281,0
277,45
76,36
176,47
221,17
201,34
258,14
484,23
341,56
238,15
232,31
288,0
249,45
105,36
193,47
229,17
221,34
254,14
469,23
335,56
243,15
252,31
288,0
283,45
83,36
293,47
314,17
243,34
299,14
496,23
324,56
239,15
243,31
292,0
287,45
105,36
225,47
235,17
252,34
261,14
503,23
318,56
246,15
231,31
269,0
250,45
96,36
277,47
243,17
231,34
272,14
465,23
309,56
264,15
241,31
267,0
350,45
111,36
307,47
217,17
222,34
267,14
487,23
301,56
240,15
240,31
286,0
286,45
103,36
249,47
238,17
274,34
283,14
904,23
363,56
242,15
266,31
288,0
283,45
103,36
266,47
218,17
258,34
314,14
575,23
297,56
244,15
224,31
291,0
297,45
95,36
254,47
219,17
196,34
358,14
682,23
362,56
227,15
241,31
279,0
319,45
87,36
255,47
215,17
228,34
287,14
492,23
293,56
245,15
215,31
252,0
239,45
95,36
308,47
228,17
253,34
297,14
577,23
314,56
234,15
197,31
283,0
269,45
90,36
237,47
206,17
240,34
272,14
511,23
328,56
213,15
246,31
296,0
239,45
87,36
307,47
196,17
234,34
291,14
558,23
328,56
225,15
230,31
271,0
266,45
88,36
750,47
254,17
659,34
741,14
520,23
502,56
211,15
191,31
276,0
280,45
91,36
254,47
199,17
226,34
291,14
959,23
496,56
216,15
213,31
299,0
255,45
107,36
684,47
235,17
262,34
314,14
520,23
269,56
225,15
182,31
1944,0
255,45
82,36
335,47
287,17
205,34
291,14
545,23
306,56
224,15
191,31
271,0
236,45
97,36
253,47
198,17
225,34
272,14
479,23
261,56
211,15
194,31
267,0
247,45
90,36
195,47
225,17
258,34
333,14
477,23
282,56
237,15
225,31
311,0
268,45
95,36
241,47
173,17
265,34
278,14
478,23
271,56
221,15
243,31
277,0
696,45
103,36
238,47
186,17
245,34
294,14
514,23
270,56
243,15
202,31
273,0
250,45
91,36
226,47
218,17
214,34
268,14
502,23
316,56
245,15
195,31
285,0
289,45
86,36
211,47
211,17
227,34
264,14
526,23
337,56
231,15
200,31
285,0
289,45
109,36
256,47
209,17
219,34
263,14
509,23
276,56
249,15
192,31
269,0
242,45
102,36
222,47
210,17
218,34
275,14
489,23
344,56
200,15
215,31
273,0
250,45
95,36
246,47
380,17
239,34
363,14
535,23
294,56
251,15
216,31
279,0
269,45
92,36
248,47
186,17
235,34
256,14
466,23
246,56
231,15
184,31
284,0
264,45
86,36
584,47
216,17
225,34
262,14
462,23
284,56
236,15
172,31
274,0
271,45
94,36
237,47
218,17
231,34
274,14
480,23
280,56
227,15
167,31
284,0
252,45
80,36
425,47
244,17
220,34
261,14
502,23
271,56
258,15
216,31
288,0
236,45
102,36
274,47
210,17
232,34
357,14
496,23
254,56
246,15
231,31
273,0
261,45
92,36
239,47
231,17
236,34
270,14
502,23
288,56
225,15
213,31
272,0
250,45
103,36
266,47
207,17
236,34
286,14
475,23
282,56
250,15
232,31
303,0
277,45
95,36
256,47
254,17
231,34
278,14
514,23
326,56
232,15
223,31
281,0
274,45
112,36
212,47
200,17
251,34
280,14
471,23
320,56
212,15
212,31
294,0
238,45
101,36
299,47
259,17
282,34
259,14
443,23
283,56
228,15
181,31
277,0
246,45
100,36
624,47
214,17
254,34
253,14
457,23
280,56
228,15
193,31
277,0
251,45
103,36
255,47
205,17
220,34
245,14
462,23
366,56
219,15
232,31
281,0
254,45
102,36
257,47
196,17
244,34
246,14
447,23
292,56
235,15
220,31
291,0
243,45
109,36
216,47
277,17
196,34
272,14
528,23
326,56
199,15
220,31
272,0
242,45
114,36
232,47
205,17
241,34
293,14
546,23
357,56
211,15
213,31
284,0
269,45
105,36
235,47
214,17
226,34
246,14
462,23
300,56
237,15
187,31
268,0
256,45
112,36
231,47
201,17
243,34
266,14
476,23
294,56
233,15
202,31
267,0
247,45
98,36
320,47
268,17
218,34
256,14
490,23
288,56
226,15
190,31
297,0
227,45
106,36
241,47
183,17
227,34
261,14
689,23
308,56
228,15
207,31
285,0
244,45
102,36
282,47
186,17
243,34
251,14
475,23
251,56
257,15
224,31
311,0
238,45
107,36
275,47
195,17
227,34
252,14
1108,23
848,56
235,15
213,31
315,0
261,45
110,36
258,47
169,17
236,34
267,14
493,23
305,56
210,15
169,31
276,0
238,45
102,36
227,47
181,17
233,34
257,14
535,23
310,56
255,15
178,31
255,0
237,45
103,36
238,47
206,17
269,34
273,14
500,23
278,56
257,15
210,31
267,0
255,45
108,36
322,47
221,17
237,34
247,14
461,23
276,56
216,15
244,31
271,0
267,45
112,36
298,47
219,17
215,34
260,14
513,23
216,56
271,15
231,31
262,0
245,45
107,36
1840,47
175,17
264,34
450,14
505,23
261,56
229,15
190,31
300,0
239,45
114,36
1277,47
224,17
254,34
242,14
450,23
293,56
226,15
207,31
281,0
244,45
112,36
236,47
196,17
223,34
251,14
533,23
298,56
235,15
267,31
263,0
608,45
117,36
237,47
201,17
230,34
262,14
474,23
301,56
219,15
225,31
266,0
298,45
105,36
305,47
210,17
257,34
357,14
685,23
296,56
230,15
223,31
279,0
259,45
117,36
