46,658
116,270
105,231
101,2033
53,752
82,410
111,712
97,106
110,650
108,2163
46,570
116,245
105,249
101,2412
53,620
82,353
111,242
97,346
110,476
108,1196
46,1241
116,527
105,324
101,1178
53,1092
82,1652
111,653
97,659
110,734
108,1069
46,824
116,289
105,287
101,1042
53,592
82,549
111,832
97,418
110,344
108,1072
46,570
116,282
105,338
101,961
53,840
82,636
111,370
97,407
110,483
108,906
46,648
116,296
105,243
101,1306
53,1082
82,492
111,902
97,454
110,422
108,685
46,513
116,323
105,307
101,878
53,663
82,489
111,507
97,336
110,396
108,562
46,707
116,396
105,295
101,1237
53,1077
82,533
111,573
97,313
110,460
108,528
46,598
116,255
105,948
101,1081
53,1825
82,583
111,429
97,311
110,361
108,357
46,556
116,964
105,329
101,939
53,482
82,450
111,431
97,409
110,294
108,466
46,521
116,223
105,282
101,996
53,561
82,713
111,390
97,315
110,712
108,402
46,830
116,311
105,253
101,768
53,461
82,452
111,321
97,338
110,515
108,387
46,386
116,297
105,252
101,842
53,899
82,499
111,371
97,363
110,332
108,477
46,567
116,279
105,204
101,745
53,743
82,438
111,230
97,421
110,346
108,416
46,449
116,288
105,274
101,872
53,793
82,572
111,267
97,362
110,426
108,715
46,553
116,142
105,257
101,1063
53,655
82,424
111,247
97,630
110,348
108,1406
46,731
116,207
105,268
101,930
53,656
82,415
111,262
97,321
110,324
108,541
46,462
116,189
105,247
101,884
53,530
82,371
111,458
97,738
110,548
108,624
46,468
116,226
105,309
101,776
53,641
82,437
111,284
97,409
110,391
108,433
46,435
116,235
105,261
101,811
53,471
82,386
111,242
97,260
110,467
108,513
46,486
116,249
105,270
101,846
53,489
82,379
111,483
97,238
110,303
108,486
46,390
116,244
105,258
101,580
53,581
82,424
111,272
97,322
110,459
108,433
46,388
116,240
105,267
101,826
53,546
82,377
111,267
97,280
110,390
108,622
46,413
116,246
105,292
101,781
53,587
82,369
111,268
97,296
110,287
108,656
46,515
116,229
105,438
101,860
53,549
82,362
111,251
97,305
110,504
108,444
46,452
116,279
105,238
101,834
53,541
82,401
111,276
97,344
110,503
108,465
46,455
116,239
105,279
101,788
53,885
82,338
111,245
97,431
110,396
108,474
46,419
116,200
105,244
101,792
53,502
82,345
111,237
97,289
110,433
108,404
46,519
116,210
105,289
101,931
53,735
82,383
111,245
97,292
110,455
108,447
46,420
116,233
105,301
101,960
53,644
82,391
111,257
97,294
110,473
108,475
46,474
116,243
105,274
101,546
53,811
82,354
111,263
97,307
110,415
108,460
46,388
116,217
105,276
101,815
53,468
82,341
111,246
97,300
110,486
108,451
46,441
116,213
105,292
101,617
53,423
82,649
111,679
97,255
110,370
108,489
46,413
116,169
105,314
101,666
53,452
82,370
111,255
97,253
110,494
108,632
46,402
116,228
105,269
101,806
53,432
82,419
111,254
97,278
110,476
108,544
46,399
116,216
105,272
101,805
53,449
82,356
111,290
97,280
110,454
108,432
46,407
116,236
105,290
101,1032
53,410
82,385
111,261
97,258
110,536
108,435
46,373
116,236
105,221
101,722
53,414
82,325
111,715
97,262
110,352
108,391
46,400
116,216
105,236
101,851
53,644
82,403
111,247
97,287
110,427
108,540
46,454
116,237
105,346
101,757
53,408
82,368
111,253
97,291
110,363
108,835
46,350
116,271
105,245
101,736
53,470
82,380
111,238
97,273
110,412
108,599
46,454
116,228
105,297
101,1887
53,600
82,343
111,239
97,484
110,384
108,398
46,469
116,332
105,218
101,818
53,472
82,368
111,242
97,261
110,389
108,434
46,450
116,243
105,240
101,704
53,606
82,390
111,264
97,363
110,614
108,615
46,436
116,230
105,259
101,791
53,1175
82,470
111,517
97,458
110,258
108,556
46,539
116,281
105,232
101,580
53,472
82,390
111,243
97,278
110,390
108,506
46,401
116,275
105,245
101,766
53,475
82,354
111,222
97,286
110,406
108,610
46,802
116,286
105,774
101,450
53,525
82,349
111,230
97,282
110,458
108,433
46,890
116,274
105,696
101,483
53,507
82,247
111,250
97,442
110,317
108,523
46,394
116,235
105,1169
101,899
53,503
82,326
111,213
97,291
110,398
108,428
46,577
116,317
105,277
101,1587
53,974
82,470
111,570
97,299
110,422
108,2650
46,864
116,220
105,246
101,674
53,1034
82,752
111,258
97,468
110,265
108,966
46,379
116,326
105,340
101,1179
53,1522
82,489
111,287
97,344
110,604
108,647
46,421
116,327
105,718
101,722
53,1167
82,728
111,610
97,350
110,602
108,638
46,474
116,246
105,752
101,1055
53,645
82,533
111,494
97,289
110,600
108,479
46,367
116,274
105,278
101,1224
53,458
82,487
111,506
97,282
110,250
108,565
46,546
116,299
105,401
101,1454
53,528
82,413
111,383
97,169
110,541
108,395
46,407
116,292
105,286
101,766
53,885
82,481
111,269
97,448
110,197
108,563
46,472
116,255
105,359
101,572
53,758
82,462
111,235
97,389
110,221
108,548
46,620
116,233
105,309
101,592
53,518
82,471
111,480
97,301
110,294
108,533
46,485
116,276
105,324
101,550
53,639
82,511
111,331
97,282
110,282
108,566
46,839
116,280
105,716
101,1266
53,1015
82,499
111,240
97,357
110,289
108,538
46,695
116,264
105,243
101,1133
53,857
82,640
111,261
97,291
110,254
108,614
46,491
116,220
105,279
101,1267
53,1357
82,654
111,533
97,290
110,260
108,602
46,387
116,269
105,293
101,1129
53,613
82,530
111,242
97,317
110,275
108,537
46,474
116,233
105,287
101,1040
53,483
82,456
111,196
97,330
110,292
108,1764
46,448
116,285
105,269
101,688
53,597
82,407
111,394
97,225
110,239
108,473
46,453
116,227
105,272
101,579
53,665
82,438
111,216
97,322
110,256
108,590
46,429
116,237
105,305
101,558
53,1641
82,463
111,197
97,338
110,273
108,564
46,485
116,268
105,430
101,689
53,466
82,400
111,238
97,296
110,261
108,543
46,422
116,261
105,363
101,1046
53,578
82,407
111,244
97,321
110,257
108,851
46,445
116,243
105,261
101,936
53,519
82,388
111,249
97,313
110,280
108,978
46,455
116,246
105,300
101,1099
53,492
82,391
111,223
97,311
110,304
108,599
46,638
116,315
105,325
101,877
53,503
82,432
111,363
97,283
110,248
108,942
46,456
116,232
105,267
101,1012
53,819
82,434
111,282
97,515
110,242
108,600
46,733
116,332
105,275
101,1266
53,527
82,509
111,305
97,345
110,249
108,657
46,735
116,206
105,791
101,786
53,477
82,489
111,264
97,306
110,345
108,876
46,503
116,209
105,337
101,1069
53,473
82,859
111,423
97,278
110,284
108,701
46,405
116,278
105,293
101,1087
53,513
82,502
111,276
97,329
110,266
108,571
46,465
116,235
105,296
101,1043
53,595
82,552
111,397
97,250
110,257
108,881
46,410
116,247
105,250
101,771
53,624
82,476
111,256
97,354
110,286
108,568
46,456
116,240
105,281
101,614
53,765
82,563
111,224
97,342
110,243
108,584
46,519
116,252
105,254
101,665
53,682
82,411
111,252
97,367
110,253
108,689
46,405
116,283
105,254
101,721
53,705
82,409
111,235
97,324
110,258
108,614
46,381
116,279
105,213
101,643
53,1173
82,603
111,216
97,349
110,231
108,592
46,1280
116,240
105,359
101,531
53,566
82,410
111,257
97,348
110,276
108,508
46,454
116,198
105,272
101,712
53,1695
82,427
111,226
97,887
110,231
108,537
46,473
116,249
105,235
101,467
53,569
82,332
111,329
97,376
110,261
108,1507
46,696
116,505
105,247
101,886
53,750
82,398
111,414
97,294
110,242
108,571
46,430
116,204
105,241
101,1440
53,595
82,418
111,248
97,303
110,261
108,593
46,412
116,233
105,226
101,489
53,930
82,450
111,242
97,306
110,223
108,568
46,427
116,186
105,478
101,1489
53,871
82,475
111,273
97,357
110,510
108,965
46,419
116,264
105,458
101,705
53,703
82,403
111,276
97,332
110,276
108,495
46,367
116,256
105,233
101,1630
53,1313
82,412
111,225
97,355
110,260
108,774
46,367
116,309
105,275
101,460
53,636
82,395
111,281
97,340
110,279
108,491
46,447
116,247
105,237
101,831
53,573
82,352
111,252
97,307
110,248
108,492
46,486
116,232
105,233
101,438
53,545
82,410
111,250
97,313
110,306
108,540
46,500
116,259
105,233
101,696
53,779
82,468
111,252
97,311
110,246
108,584
46,637
116,231
105,275
101,416
53,551
82,396
111,489
97,266
110,245
108,552
46,527
116,204
105,253
101,813
53,638
82,391
111,246
97,359
110,261
108,486
46,1394
116,221
105,256
101,1399
53,847
82,446
111,637
97,582
110,333
108,835
46,681
116,1132
105,454
101,1702
53,622
82,386
111,244
97,512
110,421
108,548
46,548
116,252
105,239
101,1127
53,1118
82,484
111,486
97,657
110,910
108,719
46,790
116,211
105,242
101,1511
53,1176
82,613
111,768
97,669
110,393
108,623
46,959
116,240
105,261
101,1118
53,1017
82,737
111,377
97,389
110,547
108,708
46,1266
116,342
105,259
101,1110
53,519
82,589
111,625
97,397
110,367
108,572
46,401
116,274
105,248
101,624
53,485
82,452
111,263
97,459
110,339
108,490
46,420
116,356
105,279
101,512
53,484
82,451
111,520
97,276
110,267
108,435
46,547
116,224
105,218
101,819
53,409
82,357
111,486
97,256
110,384
108,308
46,1853
116,323
105,220
101,818
53,514
82,529
111,536
97,390
110,497
108,335
46,441
116,242
105,268
101,588
53,1145
82,756
111,350
97,454
110,549
108,379
46,452
116,233
105,254
101,608
53,548
82,460
111,600
97,322
110,392
108,283
46,477
116,271
105,765
101,926
53,534
82,429
111,380
97,315
110,221
108,473
46,378
116,239
105,220
101,600
53,537
82,403
111,315
97,271
110,367
108,293
46,373
116,271
105,276
101,1000
53,559
82,421
111,552
97,349
110,380
108,507
46,375
116,234
105,677
101,819
53,467
82,437
111,369
97,319
110,278
108,678
46,357
116,296
105,253
101,595
53,1264
82,577
111,407
97,325
110,372
108,585
46,710
116,275
105,303
101,870
53,396
82,422
111,322
97,414
110,301
108,491
46,399
116,288
105,239
101,1042
53,466
82,378
111,528
97,304
110,361
108,955
46,404
116,305
105,395
101,924
53,516
82,394
111,514
97,337
110,469
108,413
46,332
116,263
105,202
101,1191
53,464
82,405
111,304
97,263
110,404
108,892
46,419
116,311
105,231
101,830
53,428
82,458
111,341
97,343
110,365
108,631
46,529
116,268
105,302
101,915
53,945
82,613
111,487
97,1112
110,263
108,366
46,515
116,250
105,194
101,943
53,1060
82,461
111,509
97,333
110,390
108,397
46,944
116,254
105,251
101,786
53,522
82,431
111,463
97,597
110,359
108,385
46,608
116,282
105,239
101,475
53,489
82,466
111,378
97,982
110,373
108,414
46,554
116,277
105,296
101,625
53,487
82,434
111,384
97,360
110,328
108,459
46,394
116,267
105,270
101,606
53,764
82,464
111,357
97,567
110,349
108,414
46,474
116,224
105,247
101,1475
53,438
82,390
111,353
97,365
110,197
108,398
46,437
116,254
105,224
101,528
53,518
82,373
111,318
97,291
110,332
108,326
46,427
116,207
105,213
101,449
53,538
82,404
111,354
97,300
110,306
108,371
46,478
116,266
105,290
101,549
53,1307
82,413
111,530
97,313
110,375
108,602
46,687
116,243
105,273
101,986
53,415
82,357
111,347
97,289
110,277
108,372
46,406
116,235
105,222
101,632
53,658
82,343
111,223
97,370
110,210
108,396
46,571
116,294
105,264
101,416
53,431
82,459
111,464
97,564
110,390
108,445
46,401
116,280
105,303
101,570
53,458
82,363
111,397
97,292
110,345
108,827
46,559
116,288
105,323
101,424
53,468
82,368
111,339
97,307
110,341
108,357
46,447
116,214
105,429
101,1217
53,1092
82,392
111,259
97,293
110,367
108,435
46,405
116,226
105,278
101,474
53,470
82,592
111,556
97,325
110,336
108,466
46,391
116,258
105,259
101,616
53,452
82,359
111,400
97,298
110,334
108,1051
46,386
116,250
105,269
101,1018
53,1818
82,457
111,606
97,332
110,398
108,465
46,424
116,215
105,241
101,862
53,644
82,465
111,574
97,284
110,409
108,387
46,2055
116,287
105,268
101,1166
53,686
82,455
111,361
97,297
110,367
108,550
46,385
116,277
105,246
101,755
53,508
82,440
111,436
97,333
110,378
108,384
46,376
116,266
105,243
101,587
53,452
82,409
111,336
97,307
110,411
108,404
46,417
116,285
105,259
101,825
53,486
82,489
111,336
97,299
110,849
108,556
46,470
116,233
105,282
101,876
53,461
82,481
111,432
97,349
110,356
108,723
46,415
116,302
105,200
101,1052
53,806
82,468
111,318
97,284
110,455
108,455
46,458
116,212
105,319
101,930
53,422
82,360
111,331
97,239
110,310
108,914
46,631
116,854
105,411
101,847
53,453
82,352
111,284
97,255
110,347
108,678
46,605
116,307
105,310
101,548
53,569
82,374
111,246
97,770
110,516
108,539
46,1038
116,306
105,312
101,753
53,572
82,435
111,562
97,531
110,319
108,527
46,520
116,234
105,269
101,904
53,1749
82,524
111,278
97,409
110,336
108,444
46,476
116,274
105,302
101,503
53,482
82,424
111,257
97,460
110,226
108,483
46,511
116,281
105,343
101,496
53,430
82,375
111,884
97,584
110,311
108,560
46,601
116,228
105,232
101,488
53,502
82,502
111,378
97,303
110,505
108,382
46,522
116,241
105,751
101,650
53,974
82,554
111,357
97,297
110,519
108,393
46,479
116,263
105,746
101,974
53,533
82,404
111,542
97,287
110,281
108,491
46,618
116,356
105,254
101,1052
53,473
82,376
111,334
97,305
110,430
108,296
46,759
116,241
105,226
101,469
53,479
82,391
111,223
97,458
110,217
108,516
46,387
116,235
105,281
101,463
53,446
82,363
111,232
97,326
110,295
108,902
46,458
116,247
105,509
101,609
53,660
82,356
111,233
97,408
110,251
108,407
46,425
116,242
105,338
101,540
53,756
82,453
111,198
97,523
110,599
108,442
46,550
116,248
105,461
101,1208
53,831
82,453
111,241
97,295
110,310
108,451
46,455
116,308
105,380
101,849
53,879
82,532
111,258
97,331
110,1109
108,523
46,453
116,352
105,207
101,552
53,478
82,435
111,251
97,348
110,298
108,522
46,468
116,312
105,272
101,532
53,501
82,408
111,249
97,366
110,336
108,427
46,407
116,255
105,293
101,797
53,543
82,469
111,217
97,301
110,321
108,451
46,419
116,278
105,240
101,614
53,496
82,421
111,187
97,375
110,280
108,501
46,433
116,270
105,219
101,465
53,471
82,391
111,216
97,304
110,279
108,525
46,386
116,257
105,223
101,522
53,426
82,386
111,240
97,333
110,287
108,465
46,463
116,204
105,258
101,477
53,495
82,386
111,323
97,123
110,622
108,412
46,424
116,247
105,357
101,679
53,662
82,451
111,358
97,190
110,679
108,521
46,830
116,250
105,249
101,481
53,1087
82,519
111,536
97,267
110,423
108,529
46,490
116,263
105,216
101,601
53,1169
82,477
111,231
97,366
110,287
108,432
46,419
116,249
105,224
101,547
53,470
82,457
111,196
97,412
110,347
108,461
46,506
116,233
105,273
101,419
53,443
82,441
111,243
97,299
110,338
108,426
46,425
116,282
105,215
101,499
53,478
82,425
111,337
97,661
110,294
108,397
46,385
116,299
105,278
101,1853
53,506
82,416
111,218
97,349
110,291
108,839
46,349
116,294
105,217
101,758
53,671
82,380
111,220
97,392
110,356
108,470
46,825
116,254
105,280
101,1253
53,579
82,450
111,237
97,484
110,282
108,703
46,446
116,314
105,253
101,721
53,504
82,434
111,225
97,375
110,335
108,476
46,538
116,297
105,352
101,713
53,898
82,555
111,221
97,517
110,244
108,503
46,452
116,244
105,285
101,459
53,457
82,388
111,192
97,366
110,268
108,857
46,781
116,277
105,286
101,862
53,711
82,399
111,279
97,399
110,317
108,488
46,424
116,251
105,308
101,434
53,482
82,554
111,341
97,311
110,362
108,359
46,600
116,367
105,434
101,363
53,446
82,484
111,420
97,349
110,325
108,663
46,896
116,424
105,275
101,657
53,1529
82,420
111,211
97,506
110,339
108,618
46,531
116,296
105,378
101,633
53,1269
82,444
111,239
97,384
110,434
108,601
46,430
116,264
105,351
101,707
53,530
82,458
111,233
97,385
110,279
108,610
46,434
116,282
105,401
101,651
53,546
82,469
111,320
97,305
110,336
108,425
46,384
116,251
105,635
101,687
53,560
82,400
111,210
97,439
110,265
108,608
46,410
116,328
105,316
101,732
53,1531
82,424
111,201
97,369
110,341
108,646
46,417
116,276
105,276
101,461
53,530
82,407
111,241
97,440
110,209
108,556
46,408
116,370
105,256
101,486
53,586
82,437
111,232
97,371
110,264
108,545
46,377
116,279
105,227
101,555
53,492
82,400
111,215
97,400
110,215
108,516
46,408
116,336
105,258
101,544
53,741
82,423
111,336
97,294
110,260
108,530
46,363
116,313
105,400
101,1454
53,527
82,373
111,198
97,416
110,241
108,1590
46,445
116,334
105,250
101,581
53,552
82,403
111,227
97,368
110,258
108,514
46,418
116,275
105,293
101,564
53,655
82,437
111,217
97,361
110,242
108,886
46,398
116,313
105,267
101,1174
53,497
82,453
111,1054
97,618
110,260
108,705
46,515
116,244
105,344
101,480
53,1034
82,527
111,622
97,320
110,468
108,618
46,1063
116,241
105,271
101,706
53,634
82,453
111,515
97,343
110,370
108,594
46,780
116,298
105,286
101,644
53,530
82,522
111,360
97,372
110,311
108,372
46,480
116,238
105,277
101,450
53,612
82,502
111,488
97,543
110,344
108,354
46,996
116,284
105,271
101,468
53,501
82,467
111,355
97,288
110,374
108,334
46,450
116,718
105,306
101,882
53,662
82,445
111,393
97,319
110,298
108,711
46,507
116,364
105,498
101,701
53,1274
82,513
111,343
97,310
110,387
108,575
46,590
116,353
105,329
101,520
53,467
82,501
111,228
97,372
110,328
108,437
46,489
116,357
105,252
101,617
53,995
82,557
111,353
97,311
110,346
108,475
46,527
116,247
105,1071
101,780
53,631
82,368
111,339
97,327
110,344
108,450
46,974
116,332
105,264
101,565
53,564
82,385
111,239
97,343
110,283
108,458
46,525
116,243
105,462
101,1021
53,615
82,344
111,230
97,332
110,354
108,446
46,546
116,219
105,1074
101,692
53,531
82,417
111,576
97,402
110,423
108,465
46,451
116,245
105,284
101,444
53,458
82,480
111,369
97,301
110,446
108,371
46,587
116,279
105,278
101,778
53,977
82,461
111,378
97,293
110,300
108,597
46,671
116,330
105,804
101,603
53,506
82,381
111,303
97,298
110,345
108,514
46,536
116,259
105,363
101,811
53,552
82,391
111,250
97,307
110,288
108,560
46,448
116,239
105,403
101,585
53,834
82,497
111,304
97,386
110,375
108,353
46,505
116,344
105,274
101,610
53,502
82,455
111,315
97,359
110,346
108,357
46,410
116,278
105,260
101,498
53,484
82,399
111,339
97,318
110,357
108,574
46,439
116,300
105,288
101,539
53,521
82,438
111,338
97,307
110,371
108,406
46,468
116,683
105,841
101,772
53,574
82,368
111,291
97,264
110,368
108,510
46,422
116,210
105,404
101,598
53,518
82,401
111,332
97,326
110,394
108,372
46,436
116,238
105,208
101,1605
53,714
82,411
111,241
97,353
110,470
108,381
46,499
116,261
105,290
101,539
53,904
82,419
111,437
97,377
110,422
108,362
46,667
116,299
105,317
101,600
53,492
82,420
111,263
97,366
110,377
108,375
46,592
116,361
105,407
101,769
53,1214
82,476
111,338
97,340
110,487
108,528
46,543
116,278
105,337
101,682
53,524
82,475
111,264
97,444
110,451
108,348
46,495
116,272
105,348
101,510
53,493
82,492
111,348
97,928
110,382
108,430
46,504
116,283
105,306
101,470
53,511
82,467
111,331
97,347
110,363
108,416
46,789
116,355
105,352
101,522
53,613
82,400
111,228
97,360
110,367
108,659
46,665
116,399
105,440
101,712
53,605
82,430
111,233
97,488
110,457
108,665
46,752
116,464
105,834
101,898
53,794
82,365
111,244
97,858
110,383
108,391
46,624
116,244
105,433
101,675
53,1116
82,405
111,275
97,509
110,339
108,841
46,499
116,329
105,364
101,538
53,543
82,472
111,398
97,330
110,406
108,564
46,500
116,299
105,342
101,495
53,490
82,400
111,300
97,333
110,300
108,370
46,453
116,244
105,345
101,522
53,487
82,362
111,259
97,363
110,282
108,439
46,569
116,318
105,313
101,929
53,1029
82,597
111,312
97,279
110,359
108,419
46,461
116,335
105,372
101,841
53,773
82,504
111,265
97,394
110,359
108,471
46,676
116,775
105,423
101,567
53,554
82,374
111,395
97,362
110,327
108,675
46,477
116,263
105,438
101,692
53,708
82,503
111,688
97,369
110,386
108,441
46,472
116,231
105,361
101,444
53,1274
82,645
111,315
97,332
110,287
108,771
46,466
116,256
105,440
101,883
53,642
82,431
111,272
97,464
110,410
108,347
46,1041
116,290
105,310
101,639
53,497
82,491
111,292
97,311
110,300
108,415
46,1089
116,121
105,502
101,1154
53,532
82,401
111,234
97,472
110,298
108,694
46,452
116,277
105,263
101,575
53,454
82,431
111,252
97,308
110,305
108,430
46,490
116,233
105,298
101,405
53,555
82,419
111,244
97,310
110,389
108,1613
46,458
116,295
105,293
101,567
53,1251
82,745
111,256
97,791
110,385
108,859
46,655
116,273
105,339
101,516
53,470
82,513
111,309
97,314
110,356
108,426
46,468
116,279
105,247
101,714
53,595
82,396
111,283
97,907
110,385
108,607
46,510
116,200
105,259
101,618
53,513
82,453
111,812
97,439
110,480
108,417
46,521
116,248
105,263
101,655
53,516
82,463
111,447
97,356
110,399
108,608
46,463
116,348
105,286
101,663
53,543
82,509
111,679
97,352
110,336
108,379
46,531
116,217
105,305
101,640
53,506
82,502
111,610
97,543
110,404
108,391
46,527
116,263
105,290
101,624
53,1520
82,554
111,303
97,457
110,326
108,472
46,428
116,227
105,293
101,534
53,483
82,417
111,322
97,309
110,415
108,363
46,460
116,258
105,320
101,626
53,991
82,567
111,254
97,349
110,298
108,368
46,820
116,229
105,259
101,1055
53,614
82,463
111,258
97,315
110,338
108,601
46,724
116,395
105,291
101,667
53,766
82,407
111,244
97,332
110,555
108,664
46,509
116,245
105,264
101,519
53,437
82,547
111,634
97,281
110,401
108,394
46,471
116,234
105,404
101,788
53,706
82,442
111,253
97,524
110,242
108,774
46,464
116,499
105,246
101,649
53,1020
82,558
111,260
97,496
110,230
108,575
46,484
116,291
105,247
101,597
53,507
82,381
111,243
97,344
110,318
108,463
46,510
116,184
105,255
101,583
53,1683
82,462
111,251
97,331
110,425
108,448
46,1390
116,390
105,295
101,734
53,576
82,435
111,276
97,553
110,324
108,536
46,651
116,438
105,219
101,655
53,493
82,451
111,624
97,571
110,311
108,454
46,482
116,255
105,325
101,609
53,508
82,632
111,268
97,435
110,252
108,535
46,531
116,245
105,382
101,607
53,518
82,459
111,254
97,363
110,258
108,449
46,496
116,287
105,313
101,573
53,1116
82,537
111,238
97,460
110,281
108,543
46,1242
116,216
105,372
101,632
53,507
82,448
111,235
97,546
110,388
108,598
46,586
116,281
105,270
101,565
53,530
82,401
111,242
97,456
110,235
108,550
46,512
116,256
105,262
101,586
53,543
82,425
111,762
97,422
110,288
108,557
46,444
116,216
105,245
101,759
53,616
82,415
111,244
97,344
110,334
108,559
46,541
116,218
105,253
101,513
53,1089
82,557
111,228
97,355
110,375
108,452
46,503
116,196
105,399
101,2069
53,1140
82,516
111,235
97,395
110,467
108,680
46,497
116,224
105,323
101,680
53,802
82,465
111,263
97,390
110,316
108,359
46,452
116,240
105,282
101,573
53,498
82,464
111,291
97,323
110,286
108,557
46,445
116,275
105,274
101,472
53,490
82,395
111,278
97,334
110,294
108,454
46,502
116,281
105,261
101,602
53,597
82,375
111,249
97,370
110,315
108,444
46,426
116,236
105,306
101,429
53,563
82,573
111,265
97,350
110,271
108,361
46,411
116,266
105,292
101,434
53,511
82,327
111,240
97,300
110,292
108,476
46,420
116,335
105,300
101,461
53,487
82,361
111,246
97,325
110,314
108,446
46,766
116,445
105,305
101,605
53,646
82,410
111,231
97,353
110,356
108,455
46,474
116,271
105,280
101,540
53,487
82,350
111,221
97,323
110,272
108,836
46,436
116,243
105,285
101,476
53,548
82,330
111,239
97,384
110,529
108,386
46,493
116,234
105,256
101,619
53,898
82,436
111,247
97,350
110,296
108,924
46,473
116,234
105,366
101,529
53,1103
82,541
111,271
97,398
110,340
108,470
46,435
116,285
105,270
101,458
53,515
82,343
111,263
97,332
110,338
108,443
46,650
116,221
105,225
101,556
53,489
82,385
111,215
97,346
110,279
108,486
46,412
116,246
105,573
101,697
53,654
82,466
111,245
97,314
110,265
108,456
46,421
116,295
105,268
101,597
53,511
82,394
111,297
97,319
110,296
108,891
46,865
116,282
105,270
101,610
53,489
82,403
111,252
97,354
110,400
108,1024
46,469
116,254
105,359
101,571
53,528
82,482
111,260
97,323
110,340
108,812
46,559
116,250
105,289
101,618
53,893
82,548
111,256
97,333
110,280
108,426
46,670
116,280
105,323
101,565
53,469
82,430
111,261
97,376
110,388
108,667
46,465
116,249
105,337
101,515
53,479
82,424
111,224
97,352
110,394
108,591
46,509
116,260
105,284
101,823
53,636
82,393
111,249
97,350
110,361
108,420
46,450
116,231
105,279
101,754
53,1563
82,481
111,290
97,395
110,490
108,389
46,440
116,255
105,290
101,566
53,447
82,418
111,298
97,554
110,359
108,362
46,849
116,697
105,258
101,683
53,591
82,510
111,730
97,404
110,397
108,464
46,419
116,242
105,259
101,518
53,514
82,385
111,240
97,522
110,286
108,485
46,436
116,268
105,229
101,488
53,509
82,393
111,228
97,316
110,279
108,444
46,429
116,308
105,194
101,607
53,610
82,349
111,231
97,304
110,281
108,455
46,462
116,230
105,303
101,505
53,464
82,408
111,224
97,343
110,288
108,408
46,360
116,236
105,227
101,451
53,498
82,332
111,221
97,384
110,202
108,457
46,436
116,239
105,250
101,532
53,539
82,347
111,228
97,418
110,324
108,445
46,384
116,345
105,219
101,473
53,487
82,372
111,358
97,285
110,299
108,434
46,485
116,254
105,273
101,460
53,460
82,400
111,404
97,305
110,316
108,386
46,440
116,259
105,255
101,458
53,427
82,380
111,223
97,324
110,325
108,386
46,363
116,266
105,273
101,442
53,427
82,367
111,453
97,314
110,285
108,397
46,400
116,276
105,237
101,1689
53,850
82,467
111,361
97,286
110,314
108,645
46,429
116,265
105,258
101,445
53,440
82,376
111,238
97,331
110,403
108,389
46,414
116,227
105,296
101,474
53,457
82,378
111,260
97,359
110,379
108,416
46,510
116,328
105,222
101,534
53,560
82,483
111,350
97,455
110,346
108,314
46,422
116,263
105,940
101,1510
53,815
82,399
111,209
97,499
110,504
108,362
46,486
116,272
105,272
101,579
53,646
82,412
111,225
97,357
110,318
108,519
46,452
116,263
105,347
101,521
53,490
82,369
111,260
97,360
110,335
108,437
46,384
116,235
105,278
101,646
53,824
82,510
111,175
97,834
110,254
108,672
46,446
116,261
105,303
101,510
53,508
82,448
111,377
97,432
110,437
108,325
46,397
116,330
105,300
101,435
53,506
82,408
111,345
97,541
110,352
108,308
46,418
116,295
105,470
101,883
53,640
82,416
111,298
97,474
110,354
108,422
46,432
116,270
105,262
101,594
53,504
82,340
111,230
97,351
110,302
108,459
46,437
116,267
105,325
101,496
53,450
82,378
111,251
97,362
110,318
108,460
46,1433
116,261
105,201
101,566
53,1625
82,420
111,257
97,566
110,357
108,366
46,409
116,327
105,318
101,542
53,472
82,401
111,330
97,366
110,329
108,391
46,412
116,307
105,288
101,503
53,974
82,711
111,288
97,345
110,410
108,659
46,397
116,219
105,283
101,529
53,544
82,395
111,271
97,357
110,294
108,391
46,397
116,246
105,304
101,442
53,444
82,376
111,673
97,346
110,446
108,360
46,385
116,221
105,303
101,480
53,438
82,320
111,350
97,277
110,359
108,510
46,583
116,240
105,288
101,448
53,458
82,319
111,227
97,323
110,413
108,348
46,531
116,314
105,373
101,481
53,560
82,368
111,214
97,466
110,420
108,485
46,464
116,279
105,505
101,608
53,556
82,403
111,234
97,340
110,538
108,325
46,712
116,272
105,744
101,1577
53,1296
82,728
111,215
97,335
110,434
108,372
46,475
116,369
105,242
101,451
53,457
82,325
111,211
97,297
110,230
108,1209
46,410
116,460
105,354
101,639
53,452
82,368
111,212
97,332
110,242
108,453
46,404
116,227
105,273
101,370
53,465
82,294
111,169
97,333
110,240
108,710
46,378
116,237
105,242
101,472
53,512
82,328
111,222
97,296
110,246
108,465
46,428
116,266
105,290
101,456
53,445
82,337
111,260
97,511
110,385
108,305
46,416
116,246
105,245
101,506
53,432
82,285
111,196
97,311
110,249
108,468
46,432
116,290
105,247
101,402
53,458
82,298
111,224
97,253
110,211
108,474
46,355
116,196
105,290
101,442
53,411
82,270
111,243
97,279
110,205
108,653
46,448
116,197
105,542
101,505
53,582
82,329
111,203
97,389
110,234
108,450
46,390
116,265
105,236
101,799
53,559
82,316
111,232
97,277
110,263
108,460
46,464
116,265
105,356
101,485
53,463
82,319
111,207
97,338
110,223
108,567
46,387
116,250
105,312
101,422
53,421
82,302
111,176
97,282
110,186
108,414
46,384
116,278
105,261
101,400
53,443
82,266
111,325
97,342
110,512
108,309
46,309
116,249
105,219
101,380
53,465
82,277
111,226
97,270
110,229
108,408
46,347
116,233
105,245
101,409
53,1154
82,420
111,234
97,276
110,258
108,402
46,383
116,225
105,225
101,524
53,402
82,289
111,214
97,294
110,237
108,620
46,456
116,252
105,214
101,1640
53,2991
82,1428
111,666
97,291
110,567
108,607
46,1158
116,343
105,224
101,570
53,617
82,397
111,254
97,290
110,322
108,585
46,668
116,252
105,242
101,1335
53,461
82,624
111,1115
97,394
110,587
108,658
46,442
116,252
105,327
101,547
53,605
82,513
111,540
97,481
110,581
108,478
46,646
116,369
105,226
101,624
53,614
82,874
111,1186
97,513
110,462
108,622
46,506
116,230
105,278
101,648
53,1871
82,570
111,477
97,399
110,490
108,414
46,1493
116,411
105,1439
101,806
53,636
82,678
111,548
97,569
110,522
108,783
46,486
116,288
105,322
101,583
53,519
82,559
111,463
97,483
110,425
108,375
46,513
116,324
105,345
101,579
53,562
82,595
111,458
97,468
110,528
108,386
46,475
116,269
105,308
101,487
53,432
82,429
111,541
97,431
110,450
108,378
46,442
116,247
105,482
101,663
53,522
82,426
111,431
97,350
110,433
108,515
46,581
116,258
105,256
101,546
53,500
82,462
111,319
97,310
110,387
108,405
46,650
116,268
105,356
101,484
53,509
82,411
111,707
97,501
110,324
108,648
46,411
116,272
105,326
101,497
53,1035
82,585
111,442
97,357
110,433
108,391
46,432
116,207
105,333
101,515
53,459
82,428
111,243
97,311
110,424
108,377
46,456
116,275
105,246
101,493
53,491
82,461
111,410
97,394
110,293
108,386
46,453
116,254
105,893
101,505
53,618
82,401
111,469
97,302
110,391
108,642
46,474
116,253
105,346
101,469
53,527
82,425
111,546
97,378
110,391
108,588
46,413
116,215
105,243
101,1807
53,655
82,373
111,215
97,294
110,461
108,345
46,439
116,229
105,306
101,546
53,640
82,438
111,404
97,254
110,422
108,898
46,1127
116,301
105,286
101,491
53,568
82,621
111,496
97,277
110,368
108,459
46,524
116,244
105,292
101,991
53,1226
82,530
111,249
97,358
110,454
108,696
46,452
116,238
105,320
101,545
53,492
82,368
111,403
97,300
110,334
108,392
46,402
116,412
105,174
101,543
53,604
82,497
111,372
97,321
110,447
108,385
46,448
116,263
105,332
101,461
53,747
82,432
111,268
97,307
110,293
108,383
46,456
116,265
105,344
101,658
53,507
82,422
111,392
97,306
110,442
108,458
46,458
116,277
105,611
101,957
53,743
82,477
111,292
97,320
110,407
108,838
46,368
116,241
105,419
101,660
53,582
82,361
111,337
97,294
110,391
108,428
46,421
116,251
105,688
101,617
53,986
82,508
111,282
97,423
110,308
108,506
46,439
116,240
105,288
101,475
53,547
82,367
111,360
97,284
110,396
108,363
46,420
116,265
105,306
101,665
53,472
82,434
111,373
97,289
110,354
108,366
46,434
116,234
105,328
101,631
53,1047
82,476
111,250
97,298
110,409
108,374
46,518
116,249
105,291
101,491
53,572
82,338
111,223
97,320
110,463
108,389
46,437
116,237
105,318
101,407
53,457
82,330
111,205
97,311
110,291
108,415
46,434
116,236
105,328
101,473
53,471
82,369
111,210
97,314
110,291
108,456
46,424
116,236
105,318
101,441
53,499
82,324
111,226
97,312
110,237
108,397
46,402
116,224
105,329
101,384
53,454
82,231
111,239
97,294
110,261
108,452
46,440
116,224
105,288
101,933
53,957
82,350
111,193
97,303
110,240
108,432
46,408
116,279
105,307
101,492
53,521
82,288
111,225
97,309
110,252
108,510
46,771
116,300
105,260
101,401
53,451
82,294
111,223
97,294
110,316
108,539
46,460
116,258
105,278
101,512
53,453
82,307
111,222
97,275
110,266
108,470
46,387
116,256
105,320
101,359
53,436
82,307
111,1014
97,423
110,335
108,735
46,389
116,264
105,243
101,431
53,513
82,306
111,223
97,304
110,227
108,428
46,317
116,275
105,248
101,428
53,428
82,301
111,204
97,293
110,227
108,900
46,448
116,211
105,710
101,507
53,535
82,343
111,237
97,341
110,282
108,437
46,411
116,265
105,251
101,827
53,1157
82,574
111,232
97,346
110,248
108,461
46,523
116,203
105,317
101,447
53,430
82,309
111,208
97,309
110,256
108,437
46,874
116,338
105,263
101,475
53,606
82,332
111,212
97,990
110,295
108,503
46,621
116,200
105,250
101,402
53,422
82,345
111,228
97,951
110,193
108,516
46,513
116,307
105,340
101,389
53,579
82,288
111,241
97,578
110,403
108,817
