46,725
116,700
105,328
101,913
53,666
82,564
111,586
97,535
110,335
108,419
46,590
116,286
105,248
101,479
53,613
82,457
111,274
97,326
110,605
108,567
46,452
116,268
105,252
101,418
53,610
82,373
111,239
97,331
110,268
108,400
46,417
116,220
105,231
101,392
53,1027
82,486
111,296
97,395
110,397
108,359
46,464
116,266
105,240
101,453
53,519
82,413
111,448
97,308
110,318
108,412
46,475
116,207
105,226
101,369
53,558
82,355
111,279
97,251
110,287
108,604
46,959
116,253
105,248
101,452
53,670
82,351
111,269
97,317
110,491
108,498
46,496
116,290
105,219
101,434
53,610
82,477
111,749
97,553
110,374
108,466
46,749
116,278
105,305
101,1285
53,1015
82,392
111,529
97,574
110,319
108,396
46,384
116,272
105,216
101,678
53,650
82,397
111,268
97,641
110,437
108,434
46,444
116,322
105,425
101,550
53,2240
82,583
111,317
97,515
110,309
108,521
46,484
116,309
105,345
101,459
53,658
82,483
111,289
97,382
110,482
108,390
46,437
116,395
105,342
101,531
53,677
82,357
111,320
97,367
110,274
108,382
46,328
116,312
105,252
101,504
53,524
82,339
111,266
97,349
110,233
108,360
46,349
116,320
105,221
101,510
53,720
82,366
111,224
97,364
110,229
108,378
46,343
116,289
105,219
101,485
53,666
82,402
111,200
97,349
110,250
108,372
46,390
116,300
105,215
101,519
53,626
82,407
111,246
97,362
110,284
108,314
46,366
116,378
105,304
101,614
53,569
82,382
111,290
97,324
110,232
108,596
46,360
116,1394
105,324
101,1340
53,977
82,556
111,219
97,344
110,264
108,688
46,452
116,321
105,276
101,405
53,599
82,246
111,317
97,321
110,232
108,410
46,332
116,310
105,559
101,559
53,581
82,299
111,282
97,401
110,272
108,395
46,320
116,352
105,245
101,471
53,591
82,637
111,280
97,517
110,276
108,348
46,315
116,297
105,195
101,492
53,508
82,369
111,879
97,301
110,369
108,418
46,326
116,290
105,196
101,512
53,691
82,400
111,1421
97,667
110,355
108,557
46,522
116,286
105,199
101,500
53,584
82,260
111,616
97,321
110,288
108,332
46,458
116,293
105,194
101,484
53,555
82,308
111,250
97,292
110,241
108,438
46,408
116,321
105,257
101,403
53,527
82,288
111,269
97,332
110,250
108,375
46,344
116,319
105,210
101,500
53,524
82,272
111,310
97,320
110,263
108,363
46,316
116,311
105,258
101,407
53,551
82,410
111,201
97,314
110,339
108,358
46,395
116,296
105,229
101,435
53,633
82,290
111,242
97,290
110,191
108,372
46,322
116,317
105,205
101,480
53,733
82,358
111,219
97,334
110,185
108,673
46,379
116,237
105,222
101,430
53,525
82,946
111,321
97,253
110,231
108,363
46,311
116,336
105,320
101,633
53,677
82,397
111,207
97,303
110,233
108,380
46,326
116,616
105,241
101,787
53,592
82,373
111,257
97,358
110,213
108,392
46,323
116,411
105,273
101,475
53,652
82,895
111,159
97,315
110,238
108,367
46,528
116,383
105,257
101,426
53,564
82,349
111,167
97,321
110,227
108,579
46,587
116,290
105,209
101,625
53,472
82,303
111,245
97,291
110,210
108,791
46,439
116,318
105,185
101,510
53,576
82,383
111,322
97,288
110,260
108,404
46,306
116,329
105,199
101,424
53,576
82,633
111,237
97,341
110,232
108,391
46,311
116,307
105,261
101,487
53,582
82,292
111,243
97,347
110,216
108,368
46,491
116,232
105,216
101,548
53,750
82,501
111,160
97,477
110,387
108,504
46,358
116,235
105,206
101,410
53,484
82,264
111,236
97,314
110,197
108,498
46,655
116,280
105,236
101,457
53,663
82,923
111,181
97,310
110,241
108,724
46,527
116,316
105,343
101,481
53,903
82,444
111,244
97,351
110,233
108,473
46,302
116,321
105,234
101,464
53,520
82,311
111,224
97,360
110,267
108,575
46,327
116,312
105,262
101,372
53,575
82,467
111,666
97,312
110,330
108,621
46,331
116,279
105,204
101,416
53,770
82,327
111,239
97,301
110,237
108,703
46,390
116,321
105,231
101,439
53,635
82,433
111,194
97,317
110,229
108,477
46,612
116,253
105,211
101,428
53,762
82,322
111,243
97,361
110,268
108,459
46,362
116,558
105,276
101,540
53,558
82,410
111,348
97,360
110,304
108,551
46,659
116,323
105,243
101,525
53,666
82,381
111,246
97,284
110,323
108,522
46,676
116,281
105,279
101,437
53,1095
82,932
111,241
97,322
110,399
108,422
46,487
116,266
105,249
101,477
53,3742
82,521
111,209
97,330
110,281
108,539
46,1424
116,336
105,267
101,885
53,724
82,421
111,517
97,423
110,377
108,1235
46,614
116,279
105,217
101,526
53,678
82,361
111,263
97,285
110,346
108,624
46,379
116,334
105,171
101,481
53,612
82,285
111,338
97,284
110,347
108,444
46,398
116,697
105,271
101,504
53,545
82,364
111,314
97,543
110,342
108,595
46,401
116,279
105,291
101,1009
53,2050
82,568
111,609
97,352
110,311
108,776
46,465
116,290
105,232
101,454
53,2655
82,667
111,234
97,348
110,295
108,397
46,442
116,278
105,264
101,415
53,1270
82,395
111,346
97,413
110,327
108,397
46,1498
116,315
105,309
101,454
53,977
82,458
111,286
97,292
110,298
108,373
46,361
116,331
105,263
101,516
53,1827
82,591
111,322
97,359
110,319
108,457
46,1059
116,282
105,428
101,640
53,782
82,562
111,443
97,393
110,524
108,518
46,566
116,307
105,304
101,473
53,702
82,467
111,298
97,350
110,287
108,517
46,388
116,286
105,279
101,473
53,633
82,773
111,316
97,366
110,202
108,463
46,429
116,566
105,292
101,589
53,709
82,463
111,348
97,435
110,555
108,443
46,491
116,335
105,341
101,421
53,664
82,393
111,255
97,334
110,336
108,576
46,272
116,274
105,251
101,451
53,1022
82,553
111,1868
97,461
110,288
108,426
46,499
116,278
105,320
101,357
53,724
82,507
111,327
97,348
110,337
108,538
46,389
116,303
105,294
101,479
53,695
82,491
111,464
97,562
110,460
108,431
46,327
116,270
105,249
101,472
53,890
82,561
111,270
97,373
110,342
108,476
46,347
116,339
105,303
101,480
53,736
82,512
111,479
97,641
110,432
108,409
46,370
116,345
105,287
101,463
53,694
82,517
111,353
97,417
110,618
108,474
46,392
116,372
105,420
101,392
53,646
82,487
111,484
97,638
110,438
108,522
46,463
116,305
105,257
101,446
53,780
82,358
111,335
97,408
110,419
108,871
46,703
116,275
105,258
101,444
53,738
82,410
111,355
97,265
110,284
108,440
46,326
116,306
105,252
101,468
53,574
82,579
111,358
97,440
110,397
108,388
46,413
116,324
105,262
101,394
53,695
82,711
111,309
97,386
110,314
108,561
46,583
116,258
105,314
101,471
53,2279
82,582
111,306
97,333
110,280
108,461
46,1526
116,343
105,254
101,1034
53,783
82,613
111,331
97,362
110,303
108,535
46,691
116,308
105,455
101,505
53,610
82,422
111,293
97,404
110,340
108,537
46,577
116,347
105,329
101,533
53,608
82,368
111,348
97,285
110,318
108,461
46,361
116,317
105,230
101,596
53,745
82,381
111,358
97,355
110,297
108,463
46,373
116,352
105,539
101,650
53,605
82,401
111,277
97,323
110,279
108,429
46,761
116,267
105,206
101,453
53,865
82,382
111,275
97,351
110,267
108,395
46,435
116,334
105,226
101,614
53,718
82,303
111,312
97,322
110,316
108,341
46,414
116,288
105,242
101,476
53,651
82,327
111,307
97,337
110,262
108,458
46,441
116,272
105,289
101,457
53,540
82,301
111,359
97,241
110,244
108,509
46,395
116,248
105,268
101,445
53,699
82,375
111,287
97,360
110,245
108,530
46,633
116,310
105,445
101,405
53,657
82,288
111,292
97,343
110,301
108,360
46,411
116,302
105,209
101,431
53,632
82,266
111,320
97,353
110,255
108,483
46,456
116,273
105,270
101,470
53,540
82,362
111,254
97,343
110,279
108,531
46,406
116,311
105,218
101,410
53,511
82,373
111,382
97,319
110,314
108,479
46,383
116,280
105,542
101,521
53,600
82,433
111,238
97,346
110,261
108,416
46,330
116,320
105,320
101,350
53,768
82,350
111,315
97,334
110,299
108,505
46,388
116,281
105,292
101,411
53,491
82,330
111,323
97,318
110,727
108,361
46,288
116,333
105,276
101,433
53,581
82,369
111,276
97,320
110,264
108,546
46,294
116,360
105,1134
101,436
53,595
82,424
111,282
97,320
110,332
108,556
46,510
116,321
105,328
101,469
53,572
82,367
111,295
97,322
110,326
108,565
46,708
116,372
105,395
101,432
53,584
82,396
111,314
97,349
110,318
108,520
46,503
116,319
105,130
101,484
53,712
82,364
111,405
97,402
110,505
108,434
46,342
116,283
105,219
101,467
53,632
82,316
111,266
97,320
110,482
108,413
46,436
116,265
105,223
101,446
53,544
82,400
111,271
97,367
110,509
108,377
46,343
116,290
105,197
101,392
53,691
82,362
111,275
97,300
110,312
108,620
46,356
116,282
105,234
101,454
53,512
82,294
111,255
97,313
110,223
108,387
46,336
116,342
105,310
101,503
53,597
82,333
111,234
97,308
110,246
108,445
46,367
116,489
105,317
101,655
53,617
82,364
111,300
97,257
110,257
108,595
46,414
116,270
105,263
101,439
53,532
82,316
111,265
97,273
110,191
108,459
46,426
116,295
105,269
101,503
53,512
82,331
111,285
97,316
110,181
108,522
46,337
116,256
105,245
101,406
53,485
82,227
111,310
97,925
110,312
108,413
46,398
116,277
105,235
101,448
53,749
82,486
111,314
97,360
110,285
108,413
46,397
116,295
105,401
101,476
53,620
82,466
111,318
97,418
110,311
108,456
46,418
116,354
105,628
101,669
53,819
82,500
111,301
97,287
110,346
108,482
46,385
116,301
105,290
101,516
53,696
82,430
111,329
97,368
110,256
108,618
46,409
116,300
105,261
101,467
53,626
82,403
111,395
97,495
110,444
108,446
46,522
116,280
105,310
101,485
53,615
82,359
111,1911
97,333
110,288
108,395
46,448
116,342
105,255
101,428
53,550
82,338
111,317
97,332
110,328
108,594
46,482
116,294
105,341
101,507
53,573
82,612
111,705
97,277
110,300
108,618
46,416
116,239
105,236
101,422
53,779
82,288
111,384
97,171
110,440
108,463
46,330
116,274
105,258
101,412
53,486
82,290
111,302
97,452
110,655
108,489
46,376
116,256
105,241
101,441
53,518
82,350
111,422
97,173
110,351
108,527
46,344
116,302
105,231
101,532
53,572
82,319
111,357
97,217
110,335
108,482
46,283
116,279
105,305
101,458
53,510
82,315
111,338
97,318
110,284
108,432
46,458
116,281
105,276
101,478
53,659
82,397
111,298
97,210
110,308
108,410
46,539
116,307
105,186
101,489
53,547
82,349
111,348
97,286
110,287
108,457
46,323
116,297
105,261
101,465
53,538
82,286
111,328
97,257
110,234
108,441
46,503
116,268
105,273
101,489
53,587
82,641
111,294
97,384
110,213
108,447
46,439
116,301
105,257
101,523
53,586
82,404
111,363
97,259
110,333
108,474
46,362
116,302
105,246
101,467
53,793
82,353
111,305
97,505
110,495
108,436
46,310
116,363
105,297
101,472
53,530
82,379
111,289
97,297
110,353
108,413
46,334
116,347
105,378
101,619
53,586
82,331
111,339
97,287
110,309
108,444
46,410
116,314
105,233
101,609
53,563
82,300
111,343
97,228
110,358
108,396
46,396
116,313
105,232
101,535
53,588
82,302
111,315
97,286
110,422
108,498
46,719
116,313
105,217
101,508
53,569
82,391
111,298
97,289
110,404
108,504
46,312
116,628
105,313
101,515
53,587
82,369
111,388
97,237
110,460
108,522
46,315
116,341
105,406
101,532
53,733
82,372
111,321
97,290
110,747
108,495
46,378
116,525
105,291
101,461
53,571
82,334
111,391
97,193
110,374
108,452
46,783
116,370
105,286
101,466
53,649
82,420
111,473
97,325
110,376
108,498
46,356
116,578
105,355
101,789
53,571
82,446
111,562
97,340
110,321
108,546
46,517
116,349
105,725
101,574
53,716
82,317
111,352
97,330
110,353
108,485
46,363
116,286
105,326
101,510
53,585
82,373
111,420
97,275
110,427
108,542
46,459
116,309
105,260
101,456
53,898
82,339
111,368
97,305
110,390
108,383
46,419
116,297
105,264
101,481
53,609
82,246
111,372
97,342
110,324
108,451
46,430
116,277
105,220
101,471
53,542
82,257
111,355
97,295
110,317
108,409
46,357
116,407
105,343
101,438
53,503
82,305
111,307
97,289
110,265
108,471
46,832
116,367
105,322
101,444
53,643
82,442
111,325
97,285
110,292
108,449
46,302
116,295
105,260
101,457
53,683
82,232
111,288
97,361
110,300
108,396
46,409
116,320
105,282
101,400
53,535
82,240
111,303
97,365
110,378
108,437
46,438
116,233
105,201
101,407
53,524
82,283
111,288
97,281
110,276
108,458
46,482
116,225
105,248
101,413
53,609
82,402
111,291
97,348
110,265
108,493
46,534
116,243
105,273
101,535
53,897
82,376
111,198
97,323
110,263
108,386
46,515
116,325
105,224
101,535
53,1325
82,483
111,215
97,438
110,694
108,362
46,395
116,262
105,840
101,558
53,641
82,300
111,271
97,304
110,298
108,464
46,369
116,254
105,197
101,505
53,631
82,419
111,242
97,335
110,278
108,411
46,297
116,514
105,265
101,648
53,695
82,395
111,308
97,281
110,465
108,693
46,499
116,278
105,241
101,438
53,670
82,400
111,264
97,320
110,293
108,421
46,386
116,478
105,282
101,517
53,697
82,628
111,293
97,315
110,273
108,437
46,394
116,339
105,335
101,477
53,707
82,421
111,235
97,320
110,280
108,489
46,533
116,264
105,300
101,431
53,724
82,399
111,305
97,245
110,292
108,416
46,383
116,342
105,336
101,463
53,736
82,701
111,362
97,288
110,309
108,385
46,336
116,345
105,317
101,441
53,855
82,400
111,241
97,344
110,353
108,389
46,444
116,288
105,213
101,411
53,688
82,402
111,275
97,265
110,282
108,701
46,695
116,527
105,344
101,498
53,768
82,416
111,258
97,273
110,287
108,412
46,538
116,273
105,313
101,457
53,933
82,457
111,269
97,355
110,382
108,462
46,542
116,356
105,332
101,366
53,633
82,376
111,309
97,339
110,355
108,465
46,507
116,321
105,300
101,400
53,787
82,564
111,392
97,414
110,521
108,565
46,521
116,293
105,303
101,429
53,630
82,436
111,411
97,240
110,300
108,538
46,513
116,480
105,484
101,560
53,727
82,353
111,349
97,311
110,322
108,521
46,636
116,404
105,363
101,370
53,1248
82,471
111,414
97,287
110,343
108,488
46,523
116,320
105,253
101,1145
53,776
82,697
111,323
97,344
110,322
108,526
46,407
116,326
105,319
101,426
53,651
82,456
111,339
97,334
110,387
108,567
46,634
116,278
105,307
101,462
53,2122
82,522
111,280
97,355
110,455
108,583
46,537
116,284
105,241
101,511
53,678
82,377
111,350
97,274
110,327
108,416
46,649
116,260
105,283
101,651
53,693
82,433
111,250
97,336
110,273
108,539
46,684
116,255
105,303
101,440
53,821
82,376
111,869
97,214
110,478
108,444
46,415
116,406
105,398
101,423
53,828
82,510
111,238
97,355
110,293
108,497
46,346
116,443
105,420
101,395
53,794
82,428
111,249
97,352
110,340
108,652
46,386
116,293
105,329
101,454
53,612
82,367
111,266
97,309
110,354
108,470
46,380
116,289
105,322
101,401
53,722
82,598
111,396
97,156
110,434
108,453
46,365
116,458
105,341
101,397
53,695
82,354
111,246
97,378
110,417
108,550
46,446
116,174
105,362
101,451
53,649
82,429
111,313
97,332
110,296
108,532
46,365
116,307
105,469
101,467
53,621
82,578
111,301
97,325
110,367
108,470
46,376
116,298
105,270
101,422
53,504
82,349
111,310
97,371
110,366
108,782
46,489
116,341
105,288
101,452
53,582
82,389
111,282
97,346
110,331
108,444
46,533
116,281
105,355
101,411
53,722
82,382
111,299
97,345
110,299
108,637
46,485
116,226
105,267
101,364
53,646
82,448
111,325
97,264
110,328
108,445
46,587
116,275
105,262
101,387
53,1023
82,386
111,370
97,242
110,557
108,749
46,508
116,226
105,242
101,392
53,1205
82,435
111,250
97,290
110,307
108,501
46,504
116,322
105,378
101,469
53,1061
82,436
111,280
97,271
110,313
108,470
46,424
116,247
105,203
101,375
53,692
82,280
111,289
97,203
110,287
108,463
46,375
116,494
105,368
101,408
53,646
82,398
111,263
97,271
110,336
108,435
46,407
116,408
105,273
101,387
53,675
82,269
111,422
97,324
110,363
108,509
46,359
116,310
105,243
101,446
53,582
82,297
111,269
97,253
110,466
108,542
46,323
116,321
105,338
101,481
53,681
82,365
111,419
97,237
110,378
108,798
46,357
116,260
105,253
101,462
53,702
82,299
111,358
97,172
110,469
108,508
46,417
116,315
105,226
101,426
53,924
82,399
111,323
97,340
110,456
108,553
46,968
116,445
105,298
101,530
53,864
82,693
111,258
97,269
110,316
108,467
46,417
116,268
105,246
101,3559
53,764
82,385
111,375
97,287
110,388
108,415
46,401
116,282
105,222
101,1507
53,1257
82,914
111,238
97,147
110,394
108,394
46,359
116,308
105,210
101,464
53,786
82,299
111,321
97,229
110,303
108,436
46,1667
116,342
105,277
101,350
53,754
82,344
111,343
97,309
110,347
108,329
46,429
116,252
105,284
101,506
53,635
82,397
111,307
97,248
110,298
108,647
46,338
116,292
105,269
101,407
53,734
82,314
111,254
97,305
110,232
108,390
46,364
116,320
105,230
101,406
53,686
82,341
111,228
97,287
110,294
108,501
46,362
116,549
105,363
101,499
53,841
82,396
111,290
97,324
110,236
108,444
46,386
116,321
105,287
101,667
53,1145
82,469
111,273
97,338
110,276
108,415
46,254
116,298
105,313
101,363
53,607
82,400
111,258
97,312
110,228
108,392
46,378
116,479
105,288
101,426
53,662
82,375
111,282
97,315
110,191
108,416
46,333
116,491
105,529
101,1667
53,687
82,384
111,265
97,261
110,197
108,480
46,356
116,349
105,293
101,462
53,634
82,393
111,355
97,455
110,420
108,397
46,329
116,465
105,371
101,559
53,619
82,360
111,493
97,87
110,686
108,440
46,329
116,331
105,381
101,528
53,640
82,269
111,292
97,310
110,298
108,598
46,329
116,326
105,281
101,494
53,578
82,413
111,306
97,357
110,273
108,417
46,395
116,224
105,275
101,421
53,527
82,355
111,320
97,324
110,316
108,327
46,305
116,685
105,540
101,517
53,574
82,352
111,236
97,351
110,277
108,412
46,1038
116,266
105,263
101,445
53,691
82,331
111,265
97,402
110,384
108,445
46,378
116,318
105,333
101,448
53,690
82,381
111,291
97,329
110,300
108,373
46,385
116,536
105,466
101,514
53,581
82,416
111,278
97,387
110,388
108,422
46,473
116,323
105,341
101,417
53,888
82,459
111,263
97,310
110,283
108,380
46,470
116,251
105,261
101,475
53,538
82,350
111,306
97,313
110,234
108,399
46,295
116,298
105,265
101,441
53,822
82,345
111,285
97,342
110,299
108,464
46,398
116,168
105,292
101,434
53,622
82,327
111,311
97,241
110,311
108,395
46,398
116,215
105,294
101,418
53,557
82,330
111,273
97,244
110,270
108,364
46,422
116,170
105,227
101,350
53,574
82,323
111,292
97,223
110,323
108,422
46,425
116,198
105,310
101,483
53,615
82,425
111,262
97,350
110,491
108,454
46,439
116,327
105,302
101,548
53,667
82,299
111,318
97,694
110,472
108,407
46,347
116,344
105,336
101,461
53,618
82,323
111,319
97,286
110,345
108,375
46,325
116,333
105,297
101,554
53,518
82,348
111,290
97,325
110,377
108,357
46,332
116,376
105,260
101,511
53,642
82,256
111,312
97,288
110,325
108,451
46,340
116,304
105,327
101,457
53,583
82,414
111,558
97,360
110,339
108,403
46,416
116,327
105,212
101,411
53,584
82,349
111,290
97,373
110,376
108,368
46,416
116,304
105,303
101,381
53,567
82,334
111,307
97,326
110,301
108,333
46,375
116,346
105,261
101,398
53,820
82,327
111,257
97,354
110,282
108,370
46,573
116,443
105,432
101,491
53,603
82,366
111,358
97,385
110,325
108,387
46,748
116,214
105,406
101,577
53,605
82,448
111,272
97,326
110,337
108,448
46,385
116,301
105,279
101,457
53,588
82,332
111,307
97,322
110,347
108,487
46,383
116,291
105,291
101,463
53,582
82,526
111,308
97,287
110,320
108,369
46,510
116,346
105,348
101,488
53,565
82,394
111,350
97,324
110,397
108,466
46,290
116,251
105,251
101,414
53,567
82,298
111,308
97,316
110,636
108,314
46,442
116,358
105,277
101,446
53,519
82,242
111,306
97,347
110,569
108,381
46,449
116,245
105,358
101,420
53,510
82,385
111,307
97,301
110,305
108,366
46,365
116,287
105,236
101,380
53,502
82,314
111,305
97,283
110,377
108,389
46,376
116,339
105,307
101,389
53,465
82,387
111,338
97,427
110,540
108,446
46,431
116,264
105,228
101,386
53,471
82,290
111,300
97,269
110,323
108,373
46,359
116,567
105,360
101,352
53,513
82,709
111,281
97,278
110,316
108,414
46,368
116,233
105,246
101,355
53,489
82,283
111,261
97,281
110,351
108,353
46,1770
116,408
105,309
101,491
53,526
82,303
111,288
97,290
110,416
108,628
46,492
116,318
105,247
101,455
53,676
82,452
111,313
97,353
110,293
108,422
46,361
116,303
105,225
101,472
53,584
82,344
111,239
97,349
110,317
108,455
46,415
116,510
105,329
101,367
53,571
82,363
111,270
97,317
110,319
108,771
46,443
116,267
105,231
101,399
53,607
82,349
111,11
97,741
110,313
108,709
46,364
116,292
105,245
101,394
53,571
82,360
111,324
97,288
110,284
108,536
46,372
116,309
105,248
101,417
53,865
82,398
111,281
97,294
110,252
108,499
46,384
116,262
105,256
101,349
53,581
82,331
111,292
97,265
110,264
108,384
46,329
116,343
105,275
101,421
53,545
82,366
111,250
97,267
110,238
108,660
46,381
116,261
105,219
101,417
53,632
82,321
111,250
97,233
110,249
108,400
46,377
116,293
105,219
101,1728
53,1031
82,540
111,245
97,260
110,243
108,362
46,401
116,284
105,199
101,373
53,571
82,278
111,231
97,261
110,215
108,417
46,351
116,262
105,236
101,326
53,554
82,271
111,292
97,243
110,345
108,496
46,413
116,265
105,219
101,343
53,881
82,378
111,216
97,273
110,215
108,451
46,319
116,504
105,335
101,479
53,551
82,299
111,260
97,261
110,257
108,500
46,374
116,351
105,324
101,386
53,633
82,390
111,258
97,298
110,383
108,4706
46,254
116,276
105,167
101,532
53,562
82,250
111,293
97,163
110,321
108,508
46,346
116,629
105,480
101,406
53,526
82,318
111,280
97,168
110,243
108,471
46,691
116,276
105,240
101,397
53,539
82,302
111,278
97,213
110,227
108,485
46,358
116,298
105,264
101,365
53,462
82,298
111,313
97,137
110,236
108,559
46,398
116,311
105,216
101,474
53,493
82,231
111,298
97,197
110,291
108,413
46,469
116,281
105,202
101,374
53,608
82,249
111,292
97,221
110,261
108,447
46,356
116,307
105,188
101,1114
53,2569
82,375
111,223
97,262
110,219
108,467
46,780
116,255
105,388
101,321
53,555
82,324
111,315
97,234
110,254
108,569
46,374
116,257
105,252
101,382
53,599
82,390
111,363
97,121
110,354
108,413
46,585
116,293
105,351
101,453
53,1097
82,370
111,349
97,211
110,272
108,453
46,375
116,340
105,332
101,422
53,520
82,564
111,342
97,328
110,332
108,456
46,396
116,579
105,407
101,809
53,602
82,313
111,356
97,203
110,319
108,580
46,338
116,385
105,336
101,371
53,652
82,350
111,353
97,264
110,410
108,543
46,346
116,420
105,358
101,340
53,501
82,371
111,303
97,233
110,300
108,450
46,324
116,558
105,336
101,418
53,600
82,383
111,359
97,206
110,335
108,457
46,433
116,329
105,306
101,488
53,926
82,390
111,264
97,312
110,251
108,483
46,405
116,320
105,304
101,1508
53,1614
82,412
111,296
97,475
110,304
108,383
46,468
116,487
105,372
101,1675
53,893
82,998
111,318
97,279
110,316
108,527
46,332
116,345
105,311
101,469
53,771
82,342
111,298
97,303
110,358
108,467
46,335
116,379
105,289
101,468
53,548
82,410
111,243
97,310
110,244
108,538
46,326
116,330
105,391
101,424
53,714
82,407
111,292
97,310
110,348
108,383
46,393
116,396
105,325
101,487
53,1209
82,523
111,322
97,421
110,323
108,420
46,432
116,381
105,344
101,464
53,744
82,443
111,306
97,318
110,293
108,538
46,601
116,273
105,327
101,556
53,584
82,456
111,322
97,276
110,294
108,570
46,511
116,399
105,384
101,447
53,766
82,456
111,323
97,331
110,250
108,511
46,502
116,337
105,414
101,501
53,647
82,562
111,308
97,318
110,322
108,450
46,359
116,333
105,308
101,448
53,971
82,600
111,257
97,316
110,327
108,402
46,363
116,341
105,260
101,436
53,621
82,559
111,292
97,362
110,338
108,451
46,1352
116,503
105,375
101,383
53,883
82,476
111,290
97,330
110,497
108,683
46,429
116,346
105,300
101,471
53,1118
82,575
111,290
97,333
110,268
108,455
46,337
116,314
105,221
101,459
53,616
82,264
111,295
97,214
110,271
108,448
46,336
116,349
105,223
101,376
53,830
82,385
111,210
97,356
110,253
108,405
46,434
116,308
105,295
101,392
53,650
82,345
111,312
97,217
110,344
108,499
46,405
116,320
105,239
101,461
53,596
82,314
111,330
97,209
110,335
108,475
46,404
116,928
105,710
101,624
53,813
82,429
111,280
97,423
110,398
108,320
46,460
116,755
105,279
101,580
53,653
82,434
111,505
97,399
110,376
108,443
46,407
116,417
105,400
101,497
53,652
82,438
111,299
97,305
110,366
108,588
46,511
116,371
105,369
101,601
53,679
82,329
111,306
97,316
110,966
108,528
46,382
116,255
105,173
101,386
53,622
82,392
111,307
97,282
110,242
108,368
46,366
116,244
105,179
101,359
53,583
82,345
111,185
97,271
110,246
108,331
46,256
116,268
105,201
101,398
53,689
82,363
111,261
97,208
110,234
108,345
46,317
116,269
105,281
101,411
53,634
82,320
111,270
97,210
110,224
108,1358
46,360
116,269
105,207
101,360
53,652
82,205
111,193
97,273
110,216
108,389
46,369
116,248
105,269
101,370
53,515
82,386
111,221
97,215
110,270
108,413
46,355
116,333
105,282
101,439
53,624
82,315
111,230
97,255
110,234
108,372
46,373
116,305
105,358
101,505
53,533
82,444
111,216
97,270
110,264
108,389
46,391
116,284
105,304
101,431
53,615
82,345
111,253
97,258
110,256
108,439
46,412
116,240
105,282
101,477
53,622
82,324
111,316
97,151
110,292
108,341
46,376
116,326
105,215
101,365
53,734
82,287
111,242
97,283
110,309
108,402
46,324
116,305
105,134
101,408
53,797
82,291
111,355
97,241
110,252
108,376
46,378
116,261
105,226
101,412
53,568
82,325
111,178
97,267
110,252
108,370
46,325
116,577
105,316
101,652
53,604
82,320
111,257
97,240
110,283
108,417
46,377
116,314
105,248
101,410
53,466
82,307
111,261
97,246
110,263
108,415
46,402
116,384
105,241
101,1666
53,938
82,367
111,236
97,248
110,202
108,392
46,356
116,303
105,176
101,383
53,651
82,310
111,307
97,303
110,273
108,407
46,446
116,202
105,239
101,396
53,630
82,429
111,290
97,256
110,281
108,430
46,404
116,280
105,203
101,360
53,516
82,271
111,240
97,237
110,212
108,340
46,395
116,283
105,222
101,395
53,482
82,269
111,289
97,212
110,225
108,402
46,519
116,310
105,223
101,358
53,511
82,251
111,241
97,229
110,254
108,414
46,504
116,1150
105,375
101,480
53,564
82,277
111,324
97,184
110,372
108,394
46,232
116,803
105,410
101,546
53,1328
82,338
111,211
97,247
110,287
108,342
46,440
116,378
105,243
101,434
53,491
82,326
111,225
97,198
110,242
108,369
46,306
116,375
105,427
101,627
53,646
82,425
111,282
97,255
110,273
108,402
46,401
116,340
105,309
101,494
53,526
82,490
111,274
97,349
110,392
108,480
46,398
116,318
105,279
101,388
53,909
82,457
111,234
97,242
110,286
108,343
46,486
116,281
105,235
101,401
53,564
82,418
111,234
97,250
110,258
108,360
46,410
116,446
105,325
101,400
53,757
82,464
111,249
97,265
110,230
108,362
46,522
116,387
105,281
101,396
53,600
82,339
111,222
97,281
110,182
108,396
46,471
116,529
105,292
101,427
53,607
82,380
111,266
97,223
110,285
108,381
46,345
116,318
105,251
101,407
53,521
82,394
111,244
97,247
110,273
108,446
46,380
116,459
105,281
101,416
53,580
82,321
111,252
97,153
110,296
108,420
46,410
116,327
105,247
101,395
53,574
82,253
111,221
97,268
110,293
108,374
46,372
116,366
105,249
101,384
53,484
82,343
111,236
97,232
110,408
108,456
46,374
116,326
105,212
101,397
53,510
82,289
111,259
97,265
110,213
108,404
46,487
116,307
105,249
101,343
53,491
82,375
111,244
97,308
110,277
108,406
46,358
116,393
105,293
101,367
53,555
82,262
111,570
97,295
110,284
108,396
46,328
116,328
105,227
101,350
53,517
82,278
111,330
97,236
110,310
108,400
46,380
116,306
105,245
101,414
53,527
82,336
111,247
97,277
110,138
108,360
46,319
116,762
105,358
101,464
53,539
82,366
111,286
97,375
110,335
108,376
46,734
116,462
105,531
101,587
53,547
82,374
111,352
97,409
110,338
108,405
46,449
116,343
105,328
101,402
53,720
82,425
111,258
97,354
110,165
108,418
46,522
116,296
105,278
101,365
53,518
82,466
111,281
97,319
110,352
108,489
46,627
116,348
105,247
101,383
53,694
82,405
111,272
97,325
110,361
108,538
46,383
116,281
105,320
101,433
53,572
82,337
111,267
97,290
110,343
108,448
46,392
116,327
105,233
101,395
53,547
82,290
111,243
97,324
110,860
108,441
46,361
116,279
105,256
101,344
53,488
82,209
111,328
97,275
110,216
108,470
46,521
116,415
105,280
101,383
53,512
82,328
111,302
97,263
110,307
108,409
46,507
116,294
105,257
101,386
53,465
82,391
111,299
97,244
110,284
108,377
46,401
116,274
105,215
101,527
53,1907
82,676
111,284
97,290
110,244
108,665
46,343
116,337
105,250
101,453
53,1936
82,524
111,249
97,285
110,244
108,438
46,364
116,387
105,318
101,477
53,1435
82,504
111,395
97,347
110,313
108,707
46,624
116,341
105,228
101,471
53,919
82,424
111,294
97,268
110,296
108,470
46,412
116,319
105,307
101,417
53,769
82,480
111,290
97,291
110,230
108,600
46,439
116,306
105,289
101,431
53,631
82,430
111,340
97,353
110,334
108,500
46,434
116,626
105,339
101,530
53,820
82,465
111,347
97,253
110,267
108,450
46,447
116,364
105,261
101,441
53,763
82,415
111,253
97,412
110,249
108,1122
46,472
116,314
105,257
101,442
53,693
82,357
111,271
97,387
110,899
108,473
46,407
116,304
105,224
101,415
53,563
82,382
111,275
97,292
110,259
108,728
46,380
116,315
105,271
101,429
53,522
82,281
111,380
97,356
110,526
108,544
46,472
116,152
105,337
101,754
53,1522
82,520
111,205
97,353
110,295
108,430
46,352
116,478
105,377
101,507
53,679
82,374
111,364
97,324
110,325
108,438
46,367
116,387
105,362
101,464
53,580
82,373
111,362
97,264
110,427
108,459
46,354
116,327
105,274
101,389
53,553
82,387
111,282
97,265
110,302
108,433
46,338
116,397
105,297
101,411
53,900
82,375
111,270
97,359
110,251
108,612
46,472
116,352
105,333
101,391
53,511
82,336
111,313
97,234
110,309
108,657
46,460
116,346
105,286
101,393
53,638
82,276
111,354
97,418
110,666
108,515
46,397
116,287
105,237
101,385
53,480
82,339
111,301
97,281
110,349
108,423
46,447
116,280
105,259
101,416
53,536
82,581
111,404
97,178
110,327
108,400
46,386
116,302
105,227
101,392
53,649
82,345
111,296
97,328
110,301
108,462
46,397
116,314
105,263
101,429
53,690
82,330
111,268
97,309
110,273
108,414
46,409
116,317
105,258
101,400
53,524
82,337
111,323
97,188
110,317
108,425
46,353
116,285
105,298
101,406
53,786
82,312
111,342
97,295
110,349
108,411
46,456
116,373
105,255
101,417
53,580
82,421
111,341
97,370
110,362
108,1316
46,443
116,254
105,297
101,1236
53,856
82,434
111,241
97,325
110,263
108,375
46,300
116,466
105,309
101,393
53,527
82,310
111,296
97,265
110,329
108,368
46,326
116,288
105,264
101,385
53,503
82,319
111,329
97,541
110,519
108,477
46,401
116,505
105,321
101,448
53,647
82,404
111,703
97,445
110,339
108,394
46,361
116,334
105,281
101,505
53,767
82,461
111,304
97,294
110,409
108,507
46,362
116,471
105,365
101,934
53,820
82,454
111,541
97,268
110,320
108,347
46,394
116,370
105,290
101,404
53,874
82,417
111,312
97,305
110,307
108,420
46,399
116,339
105,296
101,415
53,759
82,350
111,326
97,316
110,309
108,450
46,415
116,257
105,291
101,442
53,612
82,334
111,354
97,356
110,315
108,417
46,487
116,294
105,285
101,438
53,612
82,415
111,277
97,361
110,305
108,309
46,418
116,315
105,322
101,772
53,1081
82,579
111,311
97,366
110,305
108,348
46,483
116,352
105,255
101,458
53,611
82,412
111,307
97,300
110,283
108,343
46,386
116,316
105,264
101,413
53,530
82,324
111,323
97,261
110,347
108,397
46,440
116,271
105,239
101,451
53,553
82,386
111,321
97,382
110,390
108,447
46,309
116,307
105,276
101,406
53,596
82,375
111,475
97,235
110,373
108,391
46,529
116,285
105,338
101,510
53,612
82,316
111,274
97,279
110,233
108,364
46,408
116,319
105,297
101,433
53,533
82,383
111,393
97,902
110,347
108,459
46,502
116,294
105,305
101,486
53,490
82,371
111,328
97,318
110,324
108,367
46,618
116,316
105,262
101,479
53,687
82,439
111,410
97,447
110,362
108,338
46,354
116,338
105,230
101,433
53,633
82,402
111,295
97,330
110,368
108,423
46,415
116,304
105,247
101,460
53,890
82,395
111,206
97,365
110,312
108,373
46,366
116,354
105,215
101,548
53,589
82,346
111,281
97,289
110,306
108,421
46,455
116,305
105,260
101,457
53,521
82,410
111,302
97,315
110,303
108,413
46,394
116,288
105,297
101,396
53,519
82,309
111,345
97,379
110,365
108,473
46,429
116,587
105,240
101,528
53,633
82,360
111,332
97,331
110,337
108,464
