46,367
116,225
105,216
101,914
53,798
82,850
111,176
97,202
110,360
108,471
46,354
116,200
105,243
101,884
53,619
82,1074
111,204
97,193
110,1294
108,492
46,395
116,220
105,283
101,884
53,542
82,820
111,245
97,203
110,359
108,349
46,377
116,198
105,279
101,880
53,957
82,645
111,216
97,186
110,322
108,650
46,446
116,251
105,289
101,557
53,600
82,687
111,242
97,207
110,325
108,369
46,368
116,182
105,282
101,776
53,640
82,606
111,298
97,212
110,334
108,379
46,340
116,220
105,280
101,978
53,839
82,266
111,260
97,233
110,577
108,458
46,482
116,210
105,249
101,744
53,568
82,594
111,226
97,214
110,301
108,365
46,427
116,198
105,277
101,1225
53,530
82,533
111,245
97,1221
110,267
108,385
46,388
116,223
105,296
101,556
53,510
82,728
111,189
97,188
110,276
108,363
46,332
116,176
105,265
101,613
53,472
82,268
111,184
97,188
110,289
108,569
46,392
116,222
105,270
101,382
53,553
82,334
111,226
97,210
110,302
108,333
46,370
116,196
105,254
101,497
53,498
82,310
111,213
97,199
110,323
108,623
46,340
116,209
105,260
101,457
53,697
82,267
111,211
97,207
110,322
108,628
46,343
116,231
105,254
101,502
53,527
82,363
111,208
97,248
110,380
108,449
46,342
116,223
105,235
101,403
53,561
82,393
111,192
97,225
110,256
108,491
46,361
116,212
105,237
101,466
53,494
82,278
111,193
97,221
110,281
108,620
46,370
116,199
105,255
101,1371
53,515
82,325
111,220
97,218
110,216
108,791
46,361
116,210
105,267
101,466
53,515
82,343
111,189
97,252
110,302
108,480
46,438
116,214
105,287
101,513
53,488
82,249
111,208
97,242
110,216
108,454
46,345
116,198
105,240
101,428
53,463
82,225
111,190
97,336
110,251
108,442
46,383
116,209
105,248
101,441
53,466
82,204
111,206
97,242
110,214
108,389
46,386
116,193
105,246
101,366
53,453
82,238
111,218
97,204
110,252
108,409
46,337
116,226
105,243
101,376
53,472
82,238
111,201
97,231
110,208
108,408
46,748
116,177
105,232
101,396
53,441
82,211
111,163
97,237
110,186
108,389
46,306
116,232
105,245
101,289
53,437
82,236
111,184
97,222
110,248
108,475
46,358
116,190
105,257
101,310
53,401
82,241
111,211
97,235
110,221
108,426
46,346
116,183
105,234
101,266
53,380
82,207
111,200
97,221
110,232
108,449
46,418
116,217
105,260
101,365
53,533
82,243
111,206
97,229
110,209
108,428
46,420
116,187
105,254
101,296
53,452
82,326
111,218
97,239
110,247
108,441
46,322
116,196
105,241
101,433
53,486
82,237
111,204
97,248
110,203
108,517
46,378
116,205
105,255
101,370
53,477
82,252
111,215
97,227
110,237
108,448
46,347
116,181
105,236
101,274
53,433
82,281
111,219
97,193
110,202
108,486
46,336
116,178
105,255
101,326
53,418
82,226
111,177
97,235
110,261
108,454
46,377
116,224
105,237
101,409
53,629
82,242
111,189
97,252
110,249
108,484
46,334
116,205
105,210
101,361
53,419
82,215
111,230
97,239
110,240
108,436
46,353
116,185
105,236
101,336
53,393
82,202
111,185
97,233
110,221
108,488
46,390
116,190
105,242
101,379
53,411
82,200
111,225
97,238
110,245
108,449
46,368
116,219
105,229
101,362
53,386
82,207
111,177
97,270
110,177
108,428
46,386
116,228
105,236
101,683
53,391
82,223
111,200
97,231
110,155
108,401
46,326
116,197
105,256
101,328
53,422
82,231
111,253
97,231
110,216
108,432
46,373
116,237
105,250
101,394
53,476
82,296
111,241
97,191
110,281
108,410
46,370
116,209
105,261
101,399
53,385
82,222
111,215
97,215
110,232
108,489
46,412
116,265
105,281
101,430
53,484
82,243
111,186
97,256
110,145
108,543
46,345
116,218
105,201
101,441
53,416
82,247
111,201
97,254
110,270
108,443
46,1111
116,232
105,239
101,424
53,426
82,241
111,207
97,223
110,217
108,746
46,396
116,211
105,239
101,361
53,379
82,244
111,209
97,280
110,236
108,433
46,352
116,181
105,234
101,365
53,497
82,258
111,193
97,276
110,265
108,410
46,395
116,188
105,256
101,348
53,388
82,202
111,218
97,231
110,214
108,459
46,372
116,177
105,289
101,720
53,420
82,257
111,217
97,261
110,319
108,393
46,664
116,280
105,373
101,830
53,726
82,953
111,253
97,268
110,331
108,609
46,454
116,295
105,368
101,663
53,586
82,567
111,264
97,241
110,322
108,425
46,420
116,262
105,323
101,404
53,530
82,275
111,238
97,264
110,390
108,513
46,441
116,267
105,323
101,581
53,451
82,286
111,236
97,266
110,265
108,470
46,382
116,202
105,285
101,343
53,431
82,247
111,215
97,238
110,264
108,618
46,430
116,224
105,262
101,366
53,449
82,240
111,221
97,272
110,255
108,469
46,417
116,202
105,253
101,382
53,437
82,239
111,227
97,227
110,260
108,474
46,393
116,223
105,272
101,390
53,475
82,246
111,240
97,212
110,240
108,476
46,383
116,208
105,287
101,412
53,460
82,242
111,252
97,228
110,260
108,445
46,424
116,223
105,253
101,395
53,475
82,252
111,250
97,227
110,226
108,511
46,432
116,227
105,286
101,427
53,508
82,239
111,209
97,270
110,301
108,446
46,428
116,207
105,297
101,416
53,495
82,277
111,256
97,280
110,321
108,427
46,438
116,219
105,281
101,435
53,485
82,242
111,243
97,230
110,312
108,438
46,402
116,195
105,303
101,409
53,461
82,251
111,235
97,245
110,307
108,459
46,424
116,224
105,239
101,443
53,517
82,255
111,213
97,259
110,274
108,452
46,429
116,222
105,220
101,436
53,458
82,267
111,227
97,224
110,298
108,446
46,418
116,205
105,279
101,418
53,474
82,267
111,244
97,261
110,323
108,469
46,445
116,241
105,281
101,462
53,469
82,276
111,223
97,274
110,343
108,411
46,423
116,228
105,254
101,412
53,451
82,261
111,235
97,240
110,309
108,443
46,444
116,247
105,246
101,413
53,450
82,254
111,230
97,258
110,284
108,430
46,434
116,228
105,303
101,434
53,489
82,270
111,223
97,300
110,324
108,410
46,630
116,258
105,274
101,462
53,478
82,275
111,235
97,275
110,314
108,472
46,403
116,249
105,301
101,460
53,480
82,277
111,225
97,279
110,327
108,499
46,435
116,244
105,275
101,829
53,431
82,258
111,227
97,281
110,273
108,465
46,427
116,246
105,285
101,404
53,465
82,273
111,263
97,289
110,281
108,511
46,438
116,196
105,325
101,395
53,435
82,249
111,228
97,276
110,371
108,1378
46,826
116,283
105,284
101,411
53,448
82,293
111,256
97,289
110,304
108,481
46,486
116,244
105,303
101,397
53,439
82,255
111,257
97,306
110,218
108,572
46,449
116,262
105,264
101,424
53,493
82,253
111,231
97,281
110,287
108,522
46,461
116,222
105,270
101,466
53,463
82,294
111,221
97,246
110,331
108,571
46,474
116,225
105,257
101,425
53,458
82,245
111,218
97,288
110,317
108,544
46,438
116,257
105,303
101,402
53,432
82,251
111,235
97,297
110,243
108,531
46,451
116,214
105,311
101,417
53,402
82,248
111,254
97,264
110,257
108,518
46,427
116,213
105,293
101,426
53,418
82,254
111,254
97,289
110,198
108,512
46,457
116,273
105,279
101,438
53,421
82,255
111,245
97,276
110,286
108,496
46,478
116,220
105,281
101,485
53,435
82,257
111,262
97,300
110,322
108,557
46,478
116,230
105,261
101,503
53,431
82,254
111,245
97,293
110,320
108,503
46,440
116,298
105,271
101,454
53,495
82,253
111,241
97,293
110,313
108,488
46,477
116,227
105,259
101,478
53,436
82,251
111,287
97,313
110,241
108,545
46,476
116,234
105,274
101,460
53,416
82,273
111,251
97,260
110,378
108,480
46,464
116,246
105,285
101,436
53,452
82,245
111,297
97,280
110,251
108,517
46,443
116,213
105,299
101,472
53,430
82,312
111,253
97,304
110,377
108,434
46,434
116,201
105,267
101,457
53,484
82,274
111,203
97,319
110,311
108,506
46,470
116,194
105,300
101,442
53,458
82,262
111,251
97,292
110,351
108,443
46,454
116,204
105,332
101,473
53,409
82,273
111,226
97,305
110,303
108,479
46,452
116,211
105,319
101,446
53,393
82,252
111,250
97,303
110,301
108,452
46,498
116,237
105,288
101,428
53,445
82,277
111,233
97,282
110,431
108,447
46,486
116,190
105,346
101,400
53,439
82,288
111,216
97,299
110,330
108,483
46,482
116,201
105,325
101,488
53,485
82,268
111,201
97,256
110,355
108,575
46,462
116,236
105,285
101,436
53,464
82,264
111,237
97,277
110,307
108,480
46,518
116,251
105,254
101,935
53,558
82,810
111,350
97,370
110,263
108,496
46,595
116,244
105,295
101,1069
53,548
82,548
111,470
97,460
110,344
108,501
46,446
116,255
105,210
101,404
53,508
82,343
111,338
97,259
110,622
108,430
46,398
116,211
105,276
101,340
53,400
82,283
111,213
97,255
110,317
108,419
46,470
116,221
105,226
101,398
53,541
82,293
111,235
97,255
110,355
108,625
46,400
116,198
105,238
101,353
53,408
82,290
111,236
97,225
110,309
108,586
46,396
116,210
105,233
101,331
53,417
82,262
111,232
97,224
110,285
108,410
46,389
116,237
105,269
101,358
53,486
82,592
111,292
97,514
110,325
108,449
46,376
116,215
105,534
101,368
53,403
82,244
111,201
97,246
110,256
108,427
46,390
116,1152
105,870
101,304
53,397
82,252
111,211
97,302
110,452
108,379
46,440
116,213
105,373
101,388
53,393
82,254
111,224
97,247
110,303
108,408
46,431
116,222
105,248
101,389
53,397
82,259
111,230
97,258
110,283
108,400
46,379
116,229
105,244
101,367
53,358
82,241
111,243
97,229
110,287
108,467
46,384
116,205
105,238
101,368
53,405
82,249
111,208
97,227
110,331
108,473
46,406
116,202
105,249
101,401
53,416
82,344
111,207
97,216
110,312
108,422
46,368
116,209
105,199
101,406
53,419
82,283
111,193
97,266
110,274
108,397
46,411
116,218
105,229
101,393
53,411
82,223
111,235
97,228
110,340
108,607
46,461
116,209
105,200
101,364
53,365
82,231
111,201
97,244
110,337
108,419
46,416
116,195
105,254
101,1280
53,593
82,293
111,239
97,222
110,309
108,391
46,406
116,193
105,257
101,370
53,451
82,257
111,227
97,214
110,310
108,417
46,376
116,217
105,204
101,397
53,373
82,221
111,214
97,252
110,300
108,442
46,441
116,202
105,258
101,396
53,426
82,232
111,238
97,201
110,406
108,436
46,412
116,208
105,215
101,799
53,420
82,241
111,189
97,307
110,239
108,438
46,389
116,207
105,255
101,384
53,364
82,219
111,241
97,215
110,321
108,459
46,373
116,194
105,226
101,357
53,366
82,226
111,235
97,292
110,222
108,485
46,407
116,188
105,240
101,414
53,433
82,261
111,220
97,266
110,280
108,603
46,454
116,222
105,246
101,450
53,395
82,279
111,235
97,302
110,342
108,691
46,431
116,184
105,240
101,379
53,308
82,258
111,236
97,302
110,235
108,502
46,402
116,247
105,253
101,403
53,380
82,243
111,249
97,293
110,263
108,445
46,413
116,213
105,223
101,412
53,456
82,255
111,243
97,269
110,306
108,435
46,318
116,247
105,201
101,332
53,365
82,221
111,248
97,223
110,305
108,431
46,423
116,207
105,239
101,395
53,389
82,223
111,256
97,258
110,266
108,487
46,444
116,203
105,256
101,442
53,415
82,258
111,238
97,247
110,287
108,481
46,424
116,239
105,225
101,381
53,414
82,248
111,231
97,266
110,237
108,470
46,347
116,234
105,226
101,413
53,354
82,255
111,241
97,299
110,259
108,522
46,408
116,214
105,190
101,364
53,367
82,262
111,240
97,216
110,288
108,449
46,415
116,184
105,616
101,384
53,482
82,281
111,249
97,229
110,332
108,422
46,418
116,224
105,235
101,402
53,383
82,244
111,254
97,241
110,325
108,443
46,410
116,208
105,220
101,427
53,396
82,231
111,232
97,329
110,262
108,576
46,768
116,193
105,222
101,372
53,453
82,274
111,173
97,284
110,253
108,407
46,434
116,196
105,237
101,397
53,428
82,255
111,239
97,230
110,314
108,422
46,417
116,170
105,272
101,377
53,401
82,215
111,273
97,279
110,250
108,399
46,496
116,207
105,230
101,370
53,374
82,247
111,226
97,283
110,213
108,444
46,438
116,203
105,236
101,656
53,468
82,287
111,211
97,254
110,254
108,405
46,389
116,187
105,232
101,393
53,418
82,253
111,235
97,288
110,324
108,428
46,433
116,187
105,248
101,364
53,436
82,302
111,236
97,211
110,308
108,445
46,407
116,221
105,230
101,373
53,473
82,277
111,248
97,209
110,374
108,409
46,430
116,205
105,238
101,393
53,375
82,238
111,208
97,295
110,226
108,456
46,407
116,230
105,250
101,407
53,371
82,255
111,242
97,286
110,216
108,444
46,411
116,218
105,229
101,386
53,364
82,283
111,206
97,278
110,323
108,419
46,448
116,208
105,249
101,320
53,426
82,290
111,228
97,237
110,324
108,416
46,409
116,211
105,232
101,260
53,386
82,273
111,233
97,229
110,263
108,400
46,380
116,228
105,255
101,318
53,384
82,281
111,240
97,225
110,262
108,414
46,359
116,209
105,235
101,356
53,405
82,226
111,235
97,255
110,257
108,477
46,379
116,200
105,209
101,323
53,388
82,231
111,208
97,222
110,215
108,442
46,365
116,206
105,228
101,354
53,380
82,259
111,191
97,220
110,239
108,375
46,393
116,188
105,262
101,305
53,359
82,252
111,196
97,208
110,147
108,419
46,290
116,187
105,206
101,338
53,485
82,239
111,191
97,196
110,238
108,374
46,332
116,185
105,230
101,325
53,365
82,270
111,182
97,203
110,240
108,401
46,354
116,214
105,224
101,661
53,362
82,234
111,176
97,210
110,219
108,416
46,336
116,195
105,231
101,291
53,367
82,238
111,180
97,213
110,247
108,364
46,395
116,161
105,245
101,363
53,383
82,216
111,218
97,261
110,278
108,405
46,426
116,223
105,228
101,356
53,427
82,250
111,220
97,222
110,268
108,366
46,372
116,195
105,208
101,325
53,365
82,210
111,234
97,238
110,256
108,395
46,351
116,190
105,235
101,360
53,451
82,222
111,177
97,242
110,288
108,415
46,411
116,196
105,234
101,329
53,424
82,241
111,253
97,221
110,260
108,411
46,371
116,188
105,256
101,329
53,402
82,233
111,220
97,250
110,282
108,374
46,382
116,245
105,235
101,343
53,473
82,221
111,177
97,241
110,246
108,358
46,406
116,168
105,228
101,369
53,378
82,220
111,194
97,253
110,229
108,387
46,339
116,197
105,229
101,296
53,352
82,229
111,210
97,220
110,362
108,391
46,387
116,146
105,233
101,339
53,346
82,242
111,205
97,245
110,222
108,384
46,317
116,201
105,264
101,321
53,415
82,289
111,215
97,235
110,236
108,346
46,324
116,234
105,209
101,315
53,419
82,271
111,237
97,225
110,202
108,370
46,288
116,219
105,194
101,293
53,374
82,205
111,251
97,198
110,253
108,407
46,531
116,250
105,250
101,338
53,389
82,235
111,214
97,267
110,237
108,420
46,374
116,211
105,225
101,319
53,351
82,225
111,255
97,198
110,363
108,713
46,354
116,199
105,220
101,353
53,343
82,210
111,213
97,257
110,129
108,403
46,309
116,178
105,216
101,330
53,350
82,211
111,243
97,232
110,253
108,431
46,318
116,231
105,186
101,332
53,339
82,228
111,248
97,239
110,253
108,422
46,329
116,214
105,188
101,327
53,338
82,204
111,227
97,239
110,254
108,465
46,383
116,166
105,222
101,348
53,323
82,220
111,251
97,249
110,251
108,430
46,383
116,181
105,215
101,330
53,353
82,222
111,237
97,245
110,251
108,431
46,354
116,194
105,176
101,325
53,392
82,235
111,219
97,180
110,254
108,447
46,376
116,216
105,224
101,329
53,334
82,245
111,215
97,242
110,231
108,437
46,335
116,217
105,201
101,331
53,339
82,227
111,212
97,220
110,242
108,461
46,332
116,257
105,219
101,332
53,331
82,224
111,238
97,238
110,241
108,493
46,418
116,175
105,230
101,331
53,340
82,225
111,230
97,248
110,185
108,426
46,346
116,188
105,248
101,312
53,339
82,218
111,236
97,234
110,206
108,457
46,354
116,198
105,200
101,360
53,340
82,227
111,209
97,240
110,207
108,438
46,513
116,288
105,271
101,375
53,610
82,230
111,244
97,219
110,254
108,415
46,413
116,183
105,246
101,368
53,360
82,226
111,243
97,252
110,248
108,446
46,450
116,181
105,233
101,365
53,340
82,235
111,253
97,247
110,250
108,444
46,437
116,219
105,230
101,373
53,404
82,284
111,236
97,279
110,138
108,471
46,428
116,201
105,219
101,645
53,388
82,236
111,211
97,242
110,244
108,484
46,407
116,200
105,235
101,340
53,379
82,233
111,250
97,256
110,174
108,483
46,358
116,237
105,211
101,332
53,340
82,237
111,201
97,280
110,216
108,463
46,407
116,227
105,192
101,374
53,337
82,235
111,214
97,257
110,198
108,459
46,392
116,216
105,215
101,524
53,558
82,257
111,207
97,210
110,257
108,410
46,403
116,187
105,234
101,359
53,361
82,220
111,234
97,261
110,198
108,483
46,499
116,238
105,681
101,361
53,384
82,247
111,251
97,258
110,274
108,439
46,468
116,209
105,220
101,599
53,404
82,292
111,249
97,220
110,250
108,452
46,438
116,216
105,219
101,373
53,390
82,250
111,273
97,216
110,257
108,474
46,421
116,204
105,243
101,395
53,520
82,251
111,225
97,207
110,211
108,451
46,369
116,209
105,226
101,384
53,363
82,289
111,267
97,224
110,249
108,455
46,421
116,210
105,227
101,381
53,376
82,250
111,237
97,222
110,240
108,463
46,391
116,208
105,220
101,379
53,353
82,248
111,244
97,216
110,255
108,465
46,341
116,213
105,206
101,385
53,349
82,238
111,219
97,311
110,77
108,549
46,362
116,203
105,223
101,352
53,375
82,252
111,220
97,161
110,211
108,452
46,374
116,171
105,213
101,368
53,359
82,236
111,215
97,227
110,220
108,415
46,373
116,171
105,249
101,374
53,344
82,233
111,242
97,240
110,211
108,421
46,402
116,160
105,241
101,646
53,359
82,279
111,208
97,274
110,287
108,361
46,322
116,231
105,254
101,535
53,371
82,242
111,239
97,225
110,246
108,416
46,352
116,211
105,209
101,387
53,349
82,211
111,242
97,217
110,292
108,429
46,343
116,238
105,213
101,370
53,361
82,209
111,219
97,245
110,180
108,427
46,399
116,213
105,208
101,415
53,390
82,572
111,228
97,260
110,321
108,417
46,397
116,190
105,228
101,411
53,360
82,223
111,221
97,260
110,269
108,415
46,409
116,175
105,266
101,383
53,359
82,235
111,218
97,278
110,237
108,481
46,459
116,190
105,236
101,415
53,358
82,193
111,245
97,217
110,284
108,468
46,420
116,207
105,201
101,379
53,386
82,227
111,252
97,230
110,253
108,478
46,449
116,221
105,228
101,379
53,395
82,210
111,224
97,289
110,237
108,494
46,397
116,206
105,212
101,388
53,373
82,235
111,236
97,322
110,199
108,468
46,442
116,191
105,227
101,389
53,384
82,213
111,227
97,240
110,255
108,431
46,397
116,199
105,219
101,425
53,382
82,238
111,233
97,271
110,284
108,476
46,405
116,185
105,236
101,1794
53,447
82,250
111,189
97,287
110,197
108,455
46,369
116,232
105,218
101,503
53,370
82,248
111,229
97,253
110,278
108,439
46,453
116,213
105,217
101,402
53,384
82,237
111,241
97,229
110,227
108,470
46,402
116,211
105,242
101,361
53,371
82,235
111,229
97,235
110,235
108,428
46,385
116,222
105,237
101,374
53,379
82,253
111,241
97,249
110,222
108,459
46,454
116,168
105,246
101,362
53,375
82,247
111,240
97,231
110,225
108,434
46,1312
116,183
105,227
101,447
53,379
82,209
111,236
97,237
110,281
108,505
46,462
116,195
105,267
101,604
53,430
82,235
111,231
97,293
110,209
108,484
46,440
116,176
105,247
101,363
53,423
82,242
111,236
97,230
110,285
108,468
46,389
116,240
105,247
101,350
53,389
82,272
111,227
97,260
110,200
108,536
46,376
116,254
105,207
101,356
53,367
82,229
111,254
97,300
110,234
108,509
46,394
116,208
105,224
101,367
53,366
82,221
111,259
97,267
110,188
108,496
46,405
116,192
105,235
101,407
53,395
82,232
111,236
97,274
110,190
108,517
46,406
116,199
105,237
101,397
53,390
82,267
111,219
97,267
110,226
108,482
46,393
116,208
105,237
101,377
53,370
82,259
111,225
97,300
110,217
108,435
46,416
116,221
105,209
101,379
53,361
82,221
111,219
97,230
110,305
108,438
46,463
116,201
105,210
101,364
53,389
82,249
111,224
97,326
110,179
108,463
46,430
116,187
105,232
101,362
53,377
82,238
111,300
97,122
110,337
108,508
46,507
116,197
105,231
101,367
53,370
82,253
111,232
97,254
110,250
108,452
46,401
116,173
105,222
101,359
53,413
82,222
111,262
97,284
110,217
108,478
46,404
116,254
105,218
101,380
53,396
82,216
111,262
97,318
110,150
108,487
46,377
116,216
105,212
101,373
53,405
82,231
111,238
97,271
110,374
108,424
46,400
116,271
105,243
101,360
53,404
82,229
111,250
97,260
110,220
108,528
46,429
116,222
105,1005
101,368
53,383
82,227
111,259
97,280
110,264
108,422
46,453
116,177
105,242
101,384
53,371
82,252
111,329
97,225
110,283
108,434
46,381
116,228
105,240
101,364
53,374
82,208
111,238
97,245
110,248
108,467
46,347
116,207
105,212
101,350
53,384
82,209
111,237
97,279
110,225
108,434
46,339
116,238
105,225
101,528
53,481
82,339
111,249
97,268
110,254
108,508
46,421
116,266
105,266
101,319
53,371
82,255
111,268
97,246
110,246
108,447
46,450
116,238
105,242
101,374
53,391
82,274
111,268
97,221
110,247
108,454
46,449
116,259
105,230
101,345
53,437
82,290
111,904
97,254
110,284
108,455
46,399
116,188
105,225
101,329
53,392
82,276
111,197
97,243
110,201
108,440
46,394
116,197
105,233
101,339
53,342
82,255
111,222
97,253
110,191
108,465
46,512
116,166
105,259
101,352
53,368
82,254
111,228
97,275
110,287
108,407
46,406
116,210
105,242
101,358
53,377
82,256
111,248
97,261
110,232
108,456
46,429
116,189
105,247
101,345
53,381
82,285
111,212
97,315
110,192
108,499
46,441
116,227
105,228
101,411
53,367
82,244
111,312
97,710
110,281
108,419
46,446
116,233
105,273
101,387
53,387
82,255
111,228
97,325
110,125
108,484
46,400
116,239
105,235
101,375
53,382
82,248
111,218
97,321
110,275
108,454
46,474
116,215
105,302
101,449
53,408
82,220
111,333
97,330
110,298
108,459
46,446
116,223
105,276
101,400
53,386
82,246
111,252
97,281
110,231
108,450
46,453
116,220
105,278
101,389
53,392
82,254
111,224
97,301
110,231
108,473
46,441
116,232
105,274
101,380
53,385
82,264
111,224
97,288
110,244
108,466
46,445
116,215
105,274
101,406
53,356
82,273
111,240
97,306
110,178
108,477
46,460
116,198
105,252
101,393
53,372
82,227
111,216
97,316
110,254
108,425
46,418
116,208
105,233
101,414
53,348
82,227
111,220
97,313
110,251
108,439
46,462
116,202
105,262
101,407
53,404
82,248
111,228
97,340
110,272
108,449
46,453
116,193
105,277
101,405
53,360
82,267
111,230
97,337
110,260
108,461
46,433
116,232
105,256
101,432
53,365
82,434
111,230
97,280
110,206
108,429
46,420
116,229
105,245
101,377
53,373
82,263
111,205
97,301
110,211
108,466
46,437
116,212
105,226
101,435
53,366
82,235
111,229
97,311
110,251
108,467
46,425
116,207
105,267
101,405
53,374
82,249
111,243
97,296
110,217
108,475
46,428
116,243
105,237
101,377
53,379
82,196
111,267
97,363
110,252
108,430
46,466
116,212
105,251
101,388
53,381
82,212
111,257
97,310
110,191
108,459
46,405
116,234
105,235
101,394
53,401
82,236
111,215
97,317
110,258
108,479
46,422
116,208
105,269
101,399
53,381
82,251
111,229
97,335
110,238
108,490
46,472
116,185
105,283
101,405
53,410
82,272
111,248
97,300
110,240
108,468
46,470
116,207
105,272
101,402
53,367
82,256
111,229
97,329
110,262
108,456
46,441
116,176
105,272
101,404
53,410
82,246
111,244
97,301
110,232
108,484
46,446
116,195
105,291
101,404
53,397
82,250
111,251
97,294
110,228
108,482
46,479
116,252
105,256
101,403
53,739
82,299
111,240
97,296
110,214
108,419
46,462
116,202
105,264
101,398
53,371
82,241
111,249
97,292
110,253
108,455
46,450
116,233
105,261
101,411
53,364
82,204
111,243
97,303
110,210
108,415
46,437
116,241
105,253
101,403
53,375
82,224
111,219
97,273
110,234
108,434
46,368
116,220
105,280
101,378
53,415
82,236
111,225
97,309
110,266
108,433
46,369
116,222
105,211
101,407
53,368
82,239
111,230
97,284
110,224
108,529
46,436
116,252
105,238
101,395
53,370
82,188
111,218
97,289
110,236
108,473
46,404
116,204
105,235
101,394
53,385
82,252
111,564
97,380
110,193
108,397
46,405
116,197
105,272
101,376
53,386
82,241
111,221
97,337
110,320
108,383
46,428
116,182
105,263
101,392
53,373
82,265
111,256
97,287
110,241
108,473
46,430
116,221
105,287
101,391
53,395
82,246
111,233
97,318
110,244
108,522
46,459
116,216
105,264
101,401
53,391
82,241
111,287
97,326
110,197
108,454
46,421
116,193
105,298
101,406
53,395
82,353
111,215
97,261
110,256
108,479
46,452
116,231
105,253
101,1047
53,538
82,278
111,209
97,292
110,264
108,425
46,444
116,205
105,262
101,423
53,386
82,269
111,233
97,281
110,239
108,463
46,442
116,230
105,241
101,398
53,390
82,236
111,250
97,297
110,267
108,467
46,433
116,207
105,251
101,415
53,405
82,229
111,224
97,285
110,218
108,488
46,397
116,177
105,216
101,286
53,396
82,284
111,222
97,192
110,247
108,353
46,334
116,189
105,191
101,300
53,329
82,246
111,186
97,199
110,201
108,378
46,326
116,177
105,196
101,313
53,318
82,242
111,237
97,313
110,145
108,533
46,401
116,207
105,191
101,323
53,356
82,259
111,210
97,225
110,196
108,493
46,484
116,246
105,161
101,317
53,323
82,231
111,213
97,214
110,241
108,386
46,364
116,188
105,203
101,370
53,960
82,248
111,237
97,221
110,189
108,405
46,386
116,197
105,219
101,357
53,335
82,232
111,230
97,247
110,174
108,408
46,370
116,206
105,226
101,340
53,395
82,227
111,229
97,221
110,188
108,412
46,406
116,176
105,229
101,337
53,342
82,221
111,197
97,246
110,176
108,394
46,366
116,209
105,201
101,342
53,341
82,249
111,197
97,235
110,225
108,445
46,340
116,173
105,208
101,349
53,344
82,225
111,215
97,245
110,179
108,413
46,399
116,214
105,202
101,356
53,349
82,230
111,190
97,306
110,230
108,373
46,385
116,199
105,204
101,325
53,333
82,244
111,204
97,271
110,957
108,268
46,372
116,192
105,222
101,345
53,328
82,234
111,203
97,223
110,243
108,441
46,751
116,159
105,228
101,333
53,340
82,216
111,209
97,267
110,205
108,378
46,376
116,185
105,191
101,361
53,328
82,255
111,180
97,272
110,246
108,399
46,362
116,219
105,180
101,362
53,334
82,232
111,167
97,273
110,242
108,412
46,394
116,209
105,183
101,345
53,321
82,207
111,180
97,253
110,175
108,404
46,376
116,200
105,176
101,333
53,316
82,224
111,185
97,232
110,196
108,390
46,372
116,212
105,184
101,338
53,314
82,197
111,196
97,282
110,143
108,390
46,321
116,216
105,176
101,347
53,333
82,203
111,222
97,304
110,173
108,373
46,381
116,170
105,213
101,336
53,333
82,195
111,237
97,293
110,140
108,427
46,398
116,167
105,258
101,348
53,343
82,1250
111,230
97,166
110,191
108,401
46,390
116,189
105,225
101,343
53,327
82,237
111,209
97,291
110,269
108,385
46,353
116,211
105,242
101,311
53,353
82,199
111,258
97,240
110,177
108,394
46,683
116,198
105,220
101,331
53,322
82,207
111,210
97,238
110,242
108,408
46,392
116,215
105,210
101,361
53,347
82,229
111,189
97,278
110,248
108,400
46,355
116,199
105,222
101,334
53,330
82,235
111,186
97,237
110,256
108,417
46,367
116,203
105,225
101,332
53,359
82,194
111,219
97,257
110,196
108,390
46,399
116,193
105,221
101,330
53,333
82,190
111,231
97,252
110,201
108,385
46,391
116,171
105,192
101,330
53,347
82,212
111,210
97,241
110,259
108,406
46,346
116,213
105,195
101,348
53,347
82,198
111,217
97,253
110,236
108,409
46,369
116,185
105,223
101,321
53,340
82,205
111,202
97,282
110,176
108,368
46,323
116,233
105,176
101,326
53,370
82,188
111,206
97,241
110,293
108,391
46,377
116,204
105,209
101,346
53,348
82,181
111,229
97,223
110,251
108,433
46,408
116,186
105,236
101,336
53,330
82,189
111,218
97,220
110,216
108,383
46,393
116,203
105,218
101,351
53,345
82,207
111,227
97,245
110,214
108,374
46,331
116,244
105,203
101,334
53,404
82,218
111,204
97,249
110,213
108,397
46,372
116,226
105,235
101,356
53,363
82,218
111,204
97,267
110,207
108,370
46,311
116,176
105,209
101,330
53,331
82,219
111,204
97,229
110,256
108,378
46,362
116,181
105,228
101,353
53,362
82,221
111,211
97,240
110,220
108,319
46,346
116,169
105,228
101,357
53,334
82,219
111,241
97,254
110,230
108,383
46,378
116,215
105,211
101,337
53,369
82,224
111,191
97,258
110,217
108,400
46,378
116,195
105,259
101,496
53,348
82,204
111,246
97,220
110,206
108,373
46,386
116,214
105,206
101,344
53,343
82,200
111,253
97,256
110,201
108,438
46,368
116,200
105,209
101,326
53,343
82,226
111,235
97,270
110,227
108,395
46,376
116,171
105,212
101,334
53,343
82,256
111,208
97,220
110,225
108,385
46,430
116,179
105,208
101,352
53,348
82,227
111,198
97,220
110,225
108,388
46,410
116,183
105,217
101,330
53,327
82,210
111,247
97,242
110,180
108,397
46,337
116,192
105,197
101,331
53,314
82,220
111,200
97,261
110,131
108,425
46,452
116,170
105,188
101,304
53,373
82,243
111,205
97,208
110,203
108,331
46,394
116,207
105,167
101,304
53,390
82,282
111,215
97,219
110,206
108,318
46,381
116,214
105,188
101,285
53,394
82,249
111,218
97,211
110,186
108,306
46,266
116,169
105,214
101,305
53,363
82,246
111,185
97,218
110,206
108,283
46,306
116,201
105,205
101,283
53,381
82,238
111,194
97,215
110,209
108,330
46,316
116,226
105,178
101,282
53,391
82,227
111,194
97,198
110,210
108,328
46,316
116,208
105,199
101,269
53,379
82,243
111,213
97,182
110,233
108,369
46,289
116,222
105,211
101,299
53,340
82,222
111,211
97,184
110,228
108,320
46,264
116,226
105,189
101,292
53,357
82,197
111,198
97,217
110,160
108,308
46,312
116,237
105,229
101,310
53,356
82,234
111,205
97,249
110,164
108,359
46,374
116,171
105,189
101,293
53,415
82,258
111,194
97,251
110,210
108,261
46,335
116,197
105,190
101,313
53,364
82,227
111,219
97,246
110,170
108,381
46,370
116,204
105,228
101,296
53,324
82,235
111,219
97,249
110,192
108,378
46,359
116,173
105,218
101,325
53,329
82,230
111,207
97,214
110,197
108,374
46,325
116,195
105,235
101,332
53,344
82,234
111,248
97,186
110,212
108,351
46,307
116,229
105,219
101,319
53,396
82,229
111,239
97,200
110,221
108,375
46,306
116,251
105,218
101,332
53,343
82,234
111,206
97,237
110,202
108,408
46,350
116,218
105,203
101,335
53,334
82,246
111,202
97,200
110,205
108,396
46,351
116,201
105,219
101,344
53,376
82,229
111,220
97,249
110,163
108,463
46,281
116,217
105,212
101,307
53,349
82,259
111,191
97,262
110,205
108,402
46,367
116,151
105,257
101,376
53,345
82,229
111,181
97,266
110,202
108,365
46,375
116,164
105,210
101,337
53,327
82,238
111,226
97,263
110,242
108,359
46,442
116,213
105,243
101,381
53,355
82,208
111,214
97,247
110,240
108,396
46,341
116,216
105,209
101,334
53,350
82,230
111,195
97,222
110,284
108,397
46,386
116,201
105,208
101,350
53,336
82,229
111,219
97,270
110,220
108,408
46,345
116,222
105,195
101,327
53,336
82,202
111,217
97,234
110,224
108,413
46,359
116,188
105,220
101,335
53,331
82,204
111,223
97,218
110,287
108,393
46,379
116,187
105,235
101,348
53,329
82,220
111,212
97,229
110,241
108,452
46,340
116,245
105,207
101,344
53,356
82,224
111,225
97,268
110,168
108,403
46,351
116,194
105,195
101,340
53,384
82,241
111,251
97,217
110,249
108,445
46,372
116,200
105,226
101,364
53,345
82,193
111,210
97,221
110,250
108,422
46,383
116,169
105,262
101,376
53,337
82,229
111,254
97,218
110,198
108,413
46,386
116,180
105,261
101,346
53,345
82,238
111,215
97,234
110,206
108,406
46,362
116,194
105,195
101,370
53,347
82,213
111,250
97,237
110,128
108,457
46,354
116,220
105,222
101,357
53,347
82,215
111,225
97,234
110,181
108,441
46,377
116,172
105,209
101,344
53,329
82,205
111,209
97,254
110,171
108,421
46,1171
116,160
105,251
101,339
53,349
82,202
111,204
97,253
110,165
108,431
46,402
116,174
105,231
101,359
53,361
82,225
111,252
97,201
110,252
108,448
46,378
116,196
105,217
101,357
53,347
82,218
111,237
97,210
110,234
108,445
46,389
116,205
105,236
101,360
53,376
82,282
111,231
97,259
110,196
108,411
46,389
116,210
105,212
101,367
53,366
82,228
111,235
97,204
110,241
108,412
46,359
116,191
105,261
101,348
53,361
82,226
111,246
97,277
110,142
108,407
46,350
116,192
105,213
101,359
53,340
82,235
111,224
97,234
110,225
108,403
46,364
116,162
105,242
101,328
53,358
82,192
111,217
97,213
110,176
108,431
46,349
116,205
105,224
101,342
53,338
82,211
111,207
97,283
110,139
108,423
46,350
116,254
105,225
101,344
53,358
82,206
111,213
97,218
110,242
108,347
46,370
116,199
105,221
101,342
53,370
82,213
111,228
97,265
110,169
108,412
46,302
116,259
105,221
101,746
53,357
82,228
111,239
97,192
110,209
108,383
46,398
116,164
105,254
101,354
53,353
82,232
111,215
97,230
110,238
108,404
46,337
116,163
105,246
101,354
53,333
82,217
111,207
97,213
110,261
108,452
