46,896
116,1417
105,186
101,1370
53,765
82,1625
111,228
97,446
110,403
108,1649
46,1525
116,1666
105,213
101,1022
53,581
82,882
111,168
97,295
110,388
108,812
46,1167
116,1120
105,193
101,992
53,1292
82,678
111,159
97,336
110,318
108,402
46,642
116,891
105,179
101,519
53,600
82,594
111,154
97,522
110,546
108,1330
46,917
116,563
105,179
101,787
53,650
82,753
111,167
97,433
110,864
108,1991
46,759
116,735
105,168
101,378
53,805
82,613
111,159
97,322
110,464
108,398
46,1668
116,850
105,181
101,549
53,566
82,647
111,165
97,368
110,377
108,443
46,731
116,607
105,174
101,423
53,922
82,1324
111,202
97,415
110,411
108,360
46,557
116,621
105,169
101,545
53,611
82,525
111,177
97,479
110,363
108,366
46,1298
116,841
105,141
101,364
53,657
82,759
111,108
97,291
110,317
108,292
46,533
116,907
105,185
101,984
53,587
82,517
111,171
97,295
110,405
108,369
46,676
116,610
105,168
101,725
53,455
82,547
111,141
97,327
110,448
108,374
46,832
116,754
105,164
101,580
53,539
82,502
111,193
97,336
110,372
108,356
46,717
116,601
105,175
101,680
53,544
82,528
111,143
97,301
110,357
108,330
46,630
116,814
105,169
101,938
53,926
82,576
111,201
97,386
110,473
108,348
46,1905
116,653
105,254
101,560
53,486
82,495
111,162
97,352
110,498
108,405
46,1012
116,772
105,187
101,1182
53,496
82,539
111,164
97,308
110,500
108,455
46,974
116,1129
105,182
101,710
53,595
82,510
111,150
97,328
110,391
108,373
46,770
116,589
105,163
101,435
53,493
82,448
111,157
97,378
110,440
108,407
46,784
116,634
105,185
101,401
53,568
82,578
111,150
97,324
110,394
108,540
46,693
116,446
105,193
101,835
53,1369
82,951
111,178
97,274
110,410
108,457
46,757
116,782
105,174
101,731
53,675
82,484
111,155
97,351
110,423
108,320
46,716
116,512
105,221
101,622
53,501
82,508
111,125
97,379
110,375
108,416
46,854
116,459
105,193
101,1828
53,850
82,522
111,150
97,361
110,373
108,443
46,614
116,424
105,175
101,463
53,640
82,490
111,160
97,323
110,341
108,418
46,874
116,651
105,218
101,916
53,593
82,482
111,153
97,326
110,446
108,494
46,605
116,507
105,176
101,1117
53,508
82,733
111,175
97,383
110,427
108,455
46,508
116,461
105,182
101,2161
53,651
82,524
111,160
97,355
110,346
108,386
46,709
116,1116
105,189
101,425
53,653
82,538
111,154
97,310
110,437
108,457
46,685
116,663
105,161
101,991
53,506
82,411
111,158
97,308
110,481
108,425
46,470
116,458
105,181
101,729
53,622
82,475
111,148
97,323
110,398
108,425
46,625
116,425
105,250
101,1316
53,732
82,504
111,152
97,375
110,320
108,410
46,482
116,469
105,172
101,481
53,627
82,482
111,162
97,354
110,380
108,418
46,615
116,530
105,174
101,690
53,579
82,469
111,146
97,369
110,343
108,563
46,593
116,752
105,207
101,396
53,1074
82,653
111,177
97,258
110,486
108,441
46,672
116,436
105,216
101,863
53,585
82,433
111,156
97,328
110,363
108,419
46,802
116,588
105,167
101,645
53,582
82,472
111,112
97,356
110,318
108,409
46,1196
116,466
105,210
101,604
53,636
82,563
111,174
97,293
110,461
108,525
46,502
116,529
105,172
101,794
53,539
82,491
111,149
97,322
110,383
108,453
46,520
116,488
105,193
101,587
53,492
82,427
111,163
97,427
110,419
108,400
46,895
116,399
105,203
101,439
53,1057
82,594
111,138
97,291
110,379
108,441
46,1432
116,546
105,179
101,418
53,585
82,431
111,124
97,371
110,420
108,377
46,587
116,472
105,204
101,404
53,732
82,497
111,127
97,386
110,337
108,402
46,503
116,444
105,191
101,421
53,553
82,451
111,187
97,388
110,396
108,406
46,619
116,357
105,204
101,797
53,552
82,517
111,160
97,390
110,369
108,523
46,524
116,448
105,160
101,699
53,519
82,472
111,132
97,379
110,345
108,563
46,652
116,402
105,216
101,477
53,614
82,485
111,119
97,382
110,426
108,512
46,885
116,519
105,199
101,646
53,648
82,511
111,152
97,346
110,349
108,550
46,797
116,448
105,183
101,1007
53,660
82,431
111,151
97,338
110,356
108,568
46,614
116,415
105,211
101,897
53,702
82,504
111,169
97,299
110,360
108,380
46,271
116,327
105,524
101,755
53,651
82,861
111,193
97,277
110,389
108,399
46,426
116,367
105,499
101,1039
53,754
82,463
111,175
97,598
110,363
108,478
46,764
116,383
105,211
101,1217
53,1185
82,876
111,190
97,376
110,372
108,442
46,1250
116,730
105,173
101,261
53,846
82,781
111,146
97,312
110,725
108,377
46,1017
116,417
105,201
101,446
53,1153
82,639
111,170
97,361
110,331
108,403
46,536
116,370
105,685
101,2577
53,800
82,485
111,165
97,328
110,373
108,397
46,826
116,820
105,188
101,297
53,528
82,500
111,146
97,443
110,374
108,427
46,462
116,534
105,197
101,950
53,554
82,490
111,174
97,365
110,348
108,2412
46,683
116,818
105,191
101,705
53,2355
82,489
111,216
97,317
110,336
108,375
46,516
116,482
105,179
101,325
53,1009
82,449
111,270
97,210
110,375
108,365
46,600
116,482
105,147
101,378
53,609
82,495
111,161
97,353
110,515
108,413
46,846
116,424
105,167
101,889
53,703
82,465
111,167
97,346
110,360
108,385
46,783
116,419
105,174
101,625
53,768
82,486
111,169
97,339
110,317
108,544
46,643
116,456
105,169
101,456
53,629
82,700
111,184
97,390
110,357
108,431
46,710
116,389
105,145
101,666
53,592
82,488
111,171
97,371
110,514
108,429
46,577
116,424
105,150
101,439
53,566
82,468
111,141
97,363
110,359
108,433
46,642
116,464
105,145
101,347
53,514
82,447
111,155
97,347
110,367
108,498
46,580
116,431
105,199
101,506
53,822
82,482
111,125
97,400
110,405
108,655
46,656
116,341
105,200
101,609
53,576
82,434
111,133
97,391
110,325
108,423
46,676
116,455
105,186
101,361
53,861
82,505
111,135
97,369
110,368
108,463
46,644
116,395
105,198
101,461
53,492
82,413
111,142
97,358
110,351
108,597
46,783
116,452
105,213
101,326
53,648
82,467
111,161
97,375
110,344
108,365
46,634
116,440
105,202
101,415
53,772
82,448
111,162
97,371
110,324
108,401
46,758
116,400
105,195
101,376
53,623
82,425
111,151
97,385
110,339
108,376
46,761
116,321
105,176
101,827
53,541
82,458
111,146
97,357
110,327
108,524
46,611
116,388
105,180
101,467
53,887
82,685
111,224
97,357
110,560
108,412
46,486
116,358
105,175
101,464
53,534
82,412
111,132
97,340
110,332
108,337
46,607
116,488
105,178
101,421
53,603
82,443
111,193
97,343
110,317
108,416
46,472
116,350
105,215
101,507
53,669
82,449
111,162
97,395
110,374
108,393
46,572
116,402
105,195
101,437
53,567
82,411
111,188
97,330
110,326
108,348
46,566
116,476
105,185
101,522
53,536
82,421
111,133
97,331
110,348
108,440
46,467
116,330
105,184
101,452
53,586
82,409
111,124
97,376
110,351
108,381
46,517
116,437
105,183
101,622
53,527
82,400
111,184
97,335
110,361
108,437
46,476
116,399
105,190
101,434
53,498
82,476
111,157
97,351
110,312
108,345
46,460
116,480
105,184
101,591
53,495
82,436
111,164
97,404
110,327
108,334
46,579
116,453
105,213
101,507
53,595
82,490
111,222
97,374
110,327
108,451
46,716
116,349
105,198
101,359
53,594
82,420
111,176
97,332
110,334
108,406
46,587
116,374
105,177
101,450
53,585
82,416
111,148
97,344
110,353
108,370
46,539
116,381
105,316
101,410
53,497
82,403
111,213
97,370
110,314
108,333
46,484
116,401
105,206
101,1457
53,925
82,445
111,157
97,317
110,300
108,351
46,611
116,470
105,293
101,719
53,757
82,456
111,124
97,320
110,311
108,333
46,505
116,364
105,211
101,432
53,677
82,398
111,181
97,335
110,348
108,372
46,789
116,395
105,254
101,430
53,1017
82,540
111,179
97,294
110,670
108,415
46,640
116,402
105,161
101,945
53,505
82,403
111,138
97,330
110,480
108,330
46,556
116,365
105,183
101,366
53,568
82,418
111,160
97,380
110,347
108,343
46,554
116,336
105,227
101,388
53,668
82,484
111,153
97,364
110,342
108,345
46,554
116,361
105,189
101,397
53,634
82,394
111,137
97,356
110,343
108,367
46,507
116,363
105,205
101,445
53,621
82,428
111,216
97,335
110,348
108,304
46,562
116,334
105,265
101,836
53,703
82,436
111,132
97,368
110,365
108,336
46,411
116,470
105,215
101,602
53,1235
82,402
111,116
97,370
110,297
108,320
46,207
116,932
105,200
101,1153
53,960
82,834
111,159
97,284
110,371
108,309
46,1450
116,573
105,210
101,645
53,860
82,673
111,218
97,435
110,470
108,406
46,1341
116,947
105,165
101,410
53,723
82,588
111,196
97,317
110,417
108,351
46,920
116,252
105,445
101,593
53,648
82,639
111,169
97,273
110,371
108,503
46,1464
116,942
105,193
101,844
53,490
82,525
111,150
97,343
110,352
108,400
46,582
116,274
105,390
101,467
53,508
82,630
111,298
97,477
110,621
108,355
46,1029
116,276
105,389
101,585
53,646
82,546
111,179
97,506
110,422
108,348
46,758
116,295
105,401
101,628
53,538
82,496
111,163
97,364
110,529
108,352
46,1305
116,445
105,216
101,567
53,759
82,614
111,181
97,357
110,382
108,375
46,391
116,375
105,249
101,582
53,807
82,564
111,154
97,316
110,331
108,354
46,509
116,301
105,326
101,553
53,697
82,451
111,140
97,388
110,385
108,330
46,495
116,310
105,377
101,472
53,667
82,477
111,155
97,401
110,327
108,316
46,457
116,287
105,339
101,450
53,595
82,434
111,234
97,431
110,398
108,420
46,717
116,240
105,387
101,532
53,654
82,508
111,227
97,556
110,372
108,427
46,609
116,312
105,284
101,565
53,572
82,406
111,150
97,389
110,368
108,375
46,403
116,248
105,353
101,436
53,643
82,517
111,149
97,380
110,334
108,321
46,303
116,229
105,338
101,461
53,552
82,421
111,168
97,410
110,333
108,340
46,666
116,344
105,243
101,388
53,539
82,474
111,142
97,345
110,341
108,337
46,744
116,394
105,256
101,941
53,1036
82,471
111,112
97,367
110,365
108,404
46,344
116,263
105,416
101,378
53,508
82,673
111,181
97,344
110,340
108,497
46,456
116,235
105,380
101,440
53,566
82,599
111,167
97,264
110,375
108,394
46,428
116,217
105,747
101,1011
53,682
82,451
111,103
97,340
110,312
108,382
46,523
116,249
105,497
101,799
53,568
82,436
111,112
97,367
110,339
108,296
46,304
116,231
105,298
101,408
53,695
82,482
111,127
97,371
110,331
108,316
46,443
116,247
105,345
101,499
53,579
82,400
111,142
97,344
110,324
108,314
46,412
116,224
105,367
101,568
53,557
82,435
111,143
97,374
110,327
108,349
46,378
116,259
105,315
101,398
53,651
82,455
111,140
97,366
110,327
108,322
46,12560
116,250
105,752
101,690
53,1162
82,1084
111,181
97,272
110,361
108,474
46,318
116,278
105,345
101,493
53,953
82,459
111,122
97,333
110,318
108,337
46,494
116,250
105,382
101,492
53,587
82,431
111,110
97,400
110,319
108,343
46,445
116,238
105,358
101,480
53,578
82,730
111,225
97,447
110,374
108,381
46,449
116,285
105,306
101,402
53,658
82,428
111,149
97,340
110,319
108,537
46,383
116,243
105,396
101,479
53,742
82,609
111,236
97,431
110,418
108,614
46,241
116,594
105,314
101,777
53,504
82,561
111,141
97,432
110,336
108,311
46,366
116,227
105,297
101,485
53,653
82,443
111,137
97,342
110,309
108,323
46,258
116,238
105,271
101,608
53,668
82,496
111,164
97,382
110,599
108,539
46,536
116,268
105,444
101,685
53,1090
82,471
111,154
97,331
110,322
108,305
46,592
116,299
105,432
101,480
53,548
82,501
111,121
97,409
110,331
108,306
46,389
116,240
105,311
101,2070
53,537
82,442
111,152
97,311
110,304
108,354
46,192
116,279
105,299
101,520
53,541
82,568
111,173
97,332
110,354
108,394
46,286
116,261
105,313
101,429
53,645
82,482
111,144
97,459
110,369
108,304
46,341
116,232
105,343
101,545
53,569
82,441
111,144
97,394
110,331
108,311
46,428
116,229
105,342
101,474
53,553
82,454
111,213
97,374
110,333
108,327
46,299
116,244
105,351
101,432
53,538
82,523
111,162
97,406
110,345
108,315
46,360
116,248
105,324
101,419
53,665
82,474
111,145
97,387
110,330
108,359
46,202
116,272
105,293
101,741
53,661
82,610
111,119
97,490
110,343
108,374
46,403
116,240
105,375
101,671
53,604
82,660
111,155
97,279
110,334
108,369
46,300
116,246
105,385
101,784
53,679
82,934
111,233
97,1027
110,373
108,331
46,227
116,295
105,749
101,438
53,607
82,447
111,103
97,360
110,321
108,357
46,367
116,299
105,334
101,581
53,454
82,427
111,96
97,420
110,296
108,308
46,196
116,555
105,315
101,614
53,951
82,722
111,203
97,315
110,339
108,336
46,173
116,375
105,399
101,543
53,790
82,841
111,165
97,365
110,393
108,359
46,636
116,283
105,477
101,541
53,743
82,826
111,174
97,348
110,358
108,463
46,540
116,334
105,408
101,760
53,670
82,562
111,245
97,522
110,366
108,525
46,617
116,303
105,388
101,699
53,826
82,533
111,146
97,412
110,341
108,486
46,729
116,291
105,331
101,501
53,710
82,645
111,139
97,349
110,343
108,358
46,487
116,275
105,400
101,491
53,592
82,492
111,159
97,399
110,357
108,407
46,571
116,283
105,342
101,440
53,655
82,533
111,148
97,380
110,344
108,383
46,382
116,321
105,365
101,504
53,530
82,513
111,171
97,422
110,360
108,399
46,484
116,266
105,476
101,491
53,620
82,635
111,211
97,336
110,347
108,383
46,617
116,329
105,322
101,526
53,592
82,460
111,171
97,370
110,386
108,403
46,367
116,320
105,369
101,919
53,885
82,566
111,183
97,316
110,343
108,339
46,525
116,334
105,307
101,620
53,532
82,427
111,176
97,370
110,366
108,358
46,315
116,266
105,348
101,424
53,525
82,501
111,238
97,168
110,351
108,397
46,603
116,303
105,403
101,476
53,597
82,539
111,197
97,353
110,367
108,367
46,318
116,255
105,414
101,512
53,514
82,448
111,154
97,424
110,404
108,407
46,528
116,263
105,393
101,460
53,1276
82,646
111,196
97,329
110,426
108,345
46,616
116,274
105,298
101,452
53,720
82,612
111,173
97,320
110,365
108,483
46,563
116,316
105,309
101,456
53,626
82,510
111,163
97,351
110,366
108,416
46,364
116,284
105,306
101,422
53,898
82,555
111,144
97,394
110,337
108,400
46,331
116,286
105,300
101,485
53,594
82,484
111,164
97,389
110,333
108,353
46,366
116,273
105,337
101,445
53,646
82,498
111,164
97,395
110,362
108,430
46,384
116,282
105,360
101,524
53,601
82,486
111,127
97,405
110,400
108,492
46,334
116,295
105,293
101,492
53,625
82,512
111,153
97,357
110,354
108,358
46,670
116,307
105,386
101,532
53,580
82,490
111,176
97,383
110,350
108,365
46,303
116,282
105,340
101,511
53,573
82,441
111,132
97,368
110,359
108,493
46,437
116,308
105,268
101,419
53,620
82,526
111,164
97,360
110,342
108,536
46,409
116,271
105,269
101,466
53,632
82,481
111,151
97,368
110,381
108,454
46,465
116,277
105,330
101,563
53,612
82,508
111,177
97,331
110,349
108,447
46,393
116,279
105,337
101,546
53,644
82,524
111,226
97,365
110,349
108,426
46,303
116,253
105,286
101,519
53,632
82,497
111,128
97,360
110,352
108,404
46,287
116,268
105,290
101,513
53,556
82,467
111,147
97,388
110,349
108,337
46,393
116,314
105,291
101,505
53,1938
82,506
111,99
97,392
110,349
108,373
46,370
116,395
105,238
101,573
53,553
82,442
111,157
97,345
110,346
108,339
46,252
116,314
105,237
101,485
53,502
82,485
111,166
97,352
110,340
108,374
46,308
116,280
105,489
101,1033
53,621
82,494
111,140
97,329
110,315
108,395
46,233
116,294
105,264
101,498
53,653
82,487
111,134
97,481
110,668
108,367
46,421
116,286
105,373
101,468
53,594
82,456
111,132
97,323
110,319
108,335
46,309
116,271
105,299
101,572
53,594
82,441
111,105
97,356
110,328
108,354
46,311
116,314
105,327
101,472
53,656
82,533
111,176
97,330
110,303
108,346
46,406
116,273
105,376
101,724
53,621
82,520
111,159
97,466
110,363
108,346
46,266
116,281
105,275
101,468
53,590
82,457
111,194
97,280
110,334
108,350
46,262
116,305
105,292
101,727
53,539
82,469
111,136
97,289
110,327
108,351
46,336
116,267
105,321
101,486
53,644
82,870
111,253
97,355
110,349
108,362
46,276
116,323
105,348
101,534
53,649
82,485
111,151
97,296
110,362
108,394
46,253
116,292
105,315
101,436
53,582
82,506
111,126
97,308
110,331
108,338
46,285
116,292
105,313
101,549
53,890
82,531
111,198
97,292
110,527
108,478
46,297
116,264
105,289
101,456
53,585
82,460
111,142
97,348
110,335
108,359
46,399
116,282
105,307
101,451
53,565
82,453
111,162
97,331
110,332
108,329
46,323
116,287
105,288
101,409
53,587
82,499
111,172
97,319
110,322
108,340
46,201
116,455
105,387
101,1067
53,656
82,537
111,184
97,356
110,340
108,447
46,185
116,382
105,336
101,740
53,719
82,497
111,221
97,428
110,556
108,538
46,340
116,385
105,453
101,507
53,625
82,490
111,214
97,627
110,379
108,584
46,451
116,295
105,437
101,514
53,594
82,520
111,153
97,410
110,420
108,516
46,245
116,318
105,553
101,629
53,622
82,475
111,282
97,422
110,486
108,350
46,234
116,311
105,335
101,724
53,515
82,458
111,144
97,399
110,338
108,357
46,208
116,327
105,395
101,668
53,621
82,476
111,142
97,372
110,334
108,394
46,149
116,427
105,493
101,940
53,661
82,465
111,115
97,396
110,321
108,404
46,165
116,345
105,305
101,493
53,585
82,448
111,145
97,353
110,345
108,581
46,206
116,347
105,357
101,629
53,573
82,453
111,127
97,422
110,346
108,449
46,195
116,329
105,430
101,728
53,531
82,420
111,123
97,371
110,344
108,321
46,161
116,392
105,300
101,459
53,568
82,483
111,141
97,356
110,335
108,347
46,136
116,312
105,308
101,557
53,514
82,520
111,158
97,416
110,405
108,466
46,328
116,344
105,324
101,450
53,564
82,710
111,242
97,445
110,610
108,403
46,619
116,232
105,461
101,641
53,1115
82,463
111,116
97,324
110,321
108,334
46,271
116,252
105,327
101,432
53,541
82,442
111,174
97,325
110,344
108,337
46,689
116,284
105,316
101,439
53,544
82,449
111,163
97,363
110,323
108,373
46,389
116,270
105,400
101,503
53,606
82,443
111,156
97,318
110,340
108,334
46,235
116,279
105,474
101,890
53,617
82,532
111,246
97,286
110,335
108,330
46,114
116,428
105,424
101,1041
53,593
82,450
111,162
97,332
110,316
108,954
46,258
116,313
105,341
101,562
53,591
82,430
111,136
97,408
110,322
108,497
46,191
116,304
105,287
101,436
53,635
82,487
111,121
97,335
110,342
108,340
46,219
116,294
105,308
101,465
53,583
82,427
111,131
97,317
110,366
108,350
46,407
116,324
105,346
101,489
53,704
82,460
111,125
97,336
110,316
108,336
46,232
116,364
105,287
101,462
53,578
82,435
111,170
97,320
110,338
108,349
46,326
116,325
105,442
101,591
53,645
82,451
111,123
97,343
110,340
108,340
46,328
116,321
105,439
101,514
53,514
82,465
111,252
97,304
110,402
108,357
46,301
116,284
105,344
101,467
53,685
82,492
111,170
97,343
110,363
108,364
46,308
116,320
105,337
101,413
53,561
82,470
111,157
97,310
110,327
108,349
46,136
116,347
105,624
101,946
53,538
82,447
111,124
97,321
110,348
108,370
46,215
116,310
105,398
101,556
53,637
82,414
111,138
97,336
110,326
108,356
46,194
116,355
105,245
101,462
53,565
82,455
111,146
97,320
110,379
108,388
46,199
116,296
105,324
101,498
53,533
82,432
111,155
97,314
110,331
108,351
46,468
116,328
105,319
101,746
53,567
82,440
111,147
97,337
110,334
108,303
46,275
116,331
105,315
101,486
53,660
82,445
111,162
97,343
110,340
108,332
46,214
116,328
105,296
101,644
53,581
82,454
111,139
97,399
110,317
108,334
46,219
116,283
105,310
101,532
53,517
82,457
111,185
97,326
110,363
108,411
46,287
116,362
105,295
101,559
53,604
82,627
111,238
97,440
110,365
108,313
46,319
116,299
105,294
101,420
53,683
82,469
111,181
97,342
110,337
108,331
46,276
116,322
105,271
101,467
53,587
82,463
111,149
97,361
110,331
108,335
46,212
116,328
105,269
101,453
53,643
82,549
111,163
97,337
110,333
108,376
46,273
116,1139
105,300
101,511
53,562
82,424
111,134
97,317
110,318
108,348
46,365
116,280
105,591
101,996
53,850
82,473
111,153
97,299
110,491
108,395
46,199
116,301
105,295
101,449
53,604
82,453
111,159
97,328
110,324
108,336
46,219
116,304
105,305
101,585
53,943
82,697
111,167
97,318
110,340
108,325
46,245
116,329
105,293
101,543
53,609
82,424
111,171
97,294
110,318
108,324
46,292
116,262
105,324
101,458
53,560
82,436
111,143
97,355
110,360
108,313
46,252
116,260
105,322
101,420
53,567
82,471
111,169
97,316
110,326
108,317
46,252
116,300
105,264
101,505
53,630
82,433
111,197
97,339
110,329
108,327
46,274
116,295
105,374
101,599
53,671
82,465
111,156
97,306
110,318
108,319
46,182
116,371
105,382
101,467
53,559
82,542
111,252
97,376
110,425
108,455
46,180
116,320
105,314
101,415
53,687
82,509
111,212
97,406
110,482
108,398
46,367
116,312
105,334
101,486
53,572
82,492
111,202
97,350
110,373
108,347
46,360
116,333
105,392
101,532
53,559
82,488
111,156
97,416
110,350
108,357
46,474
116,255
105,352
101,414
53,607
82,530
111,153
97,360
110,361
108,384
46,364
116,305
105,368
101,615
53,664
82,460
111,212
97,319
110,753
108,423
46,481
116,269
105,349
101,457
53,637
82,469
111,182
97,296
110,350
108,350
46,216
116,258
105,292
101,501
53,454
82,483
111,138
97,398
110,335
108,362
46,276
116,263
105,308
101,452
53,557
82,665
111,183
97,352
110,463
108,441
46,374
116,281
105,413
101,738
53,625
82,466
111,123
97,339
110,343
108,477
46,273
116,356
105,270
101,563
53,507
82,477
111,186
97,268
110,333
108,382
46,285
116,302
105,293
101,547
53,602
82,479
111,158
97,319
110,342
108,392
46,187
116,301
105,380
101,525
53,624
82,510
111,169
97,319
110,522
108,400
46,282
116,247
105,293
101,422
53,458
82,468
111,207
97,297
110,383
108,346
46,336
116,289
105,430
101,493
53,522
82,472
111,153
97,295
110,332
108,390
46,241
116,277
105,283
101,468
53,468
82,440
111,178
97,296
110,329
108,359
46,231
116,325
105,348
101,468
53,489
82,460
111,157
97,312
110,325
108,330
46,341
116,287
105,316
101,414
53,450
82,446
111,163
97,305
110,355
108,335
46,686
116,324
105,349
101,475
53,622
82,441
111,154
97,278
110,579
108,391
46,393
116,258
105,334
101,455
53,814
82,473
111,144
97,282
110,343
108,418
46,259
116,261
105,315
101,479
53,865
82,503
111,178
97,272
110,332
108,404
46,245
116,261
105,282
101,408
53,512
82,456
111,170
97,316
110,311
108,375
46,271
116,321
105,282
101,425
53,792
82,670
111,235
97,311
110,356
108,341
46,218
116,319
105,265
101,511
53,609
82,449
111,171
97,289
110,335
108,342
46,232
116,319
105,215
101,433
53,491
82,448
111,161
97,307
110,368
108,486
46,186
116,275
105,258
101,403
53,502
82,487
111,152
97,364
110,348
108,324
46,231
116,266
105,319
101,420
53,491
82,429
111,159
97,278
110,392
108,332
46,284
116,267
105,298
101,414
53,493
82,417
111,183
97,287
110,346
108,375
46,322
116,245
105,382
101,905
53,676
82,421
111,160
97,292
110,319
108,307
46,241
116,306
105,263
101,486
53,572
82,484
111,189
97,284
110,325
108,351
46,253
116,256
105,261
101,454
53,530
82,421
111,168
97,286
110,333
108,337
46,263
116,284
105,254
101,542
53,554
82,400
111,164
97,264
110,354
108,305
46,523
116,275
105,280
101,421
53,607
82,490
111,166
97,321
110,341
108,317
46,280
116,280
105,304
101,500
53,551
82,424
111,93
97,403
110,334
108,375
46,314
116,299
105,307
101,469
53,606
82,431
111,174
97,281
110,339
108,318
46,259
116,336
105,273
101,743
53,572
82,438
111,156
97,296
110,326
108,325
46,212
116,312
105,231
101,506
53,771
82,534
111,157
97,314
110,325
108,339
46,213
116,300
105,219
101,414
53,537
82,446
111,146
97,311
110,342
108,335
46,254
116,287
105,219
101,502
53,571
82,412
111,149
97,286
110,325
108,330
46,219
116,307
105,272
101,622
53,538
82,415
111,164
97,511
110,348
108,331
46,200
116,323
105,225
101,515
53,1145
82,509
111,135
97,329
110,316
108,335
46,204
116,284
105,228
101,433
53,515
82,478
111,149
97,318
110,376
108,369
46,528
116,281
105,310
101,470
53,509
82,413
111,176
97,292
110,345
108,323
46,207
116,295
105,247
101,459
53,494
82,410
111,174
97,309
110,456
108,391
46,314
116,278
105,271
101,462
53,480
82,403
111,191
97,274
110,361
108,340
46,267
116,288
105,247
101,401
53,519
82,413
111,166
97,325
110,355
108,330
46,232
116,273
105,322
101,484
53,772
82,430
111,241
97,263
110,346
108,325
46,220
116,300
105,224
101,460
53,517
82,417
111,145
97,324
110,334
108,299
46,352
116,291
105,277
101,481
53,845
82,447
111,162
97,284
110,350
108,304
46,338
116,332
105,259
101,439
53,576
82,465
111,213
97,279
110,346
108,314
46,187
116,362
105,352
101,525
53,919
82,573
111,156
97,378
110,350
108,372
46,178
116,302
105,258
101,552
53,652
82,542
111,172
97,427
110,763
108,391
46,210
116,318
105,296
101,491
53,565
82,490
111,191
97,341
110,343
108,312
46,284
116,308
105,306
101,680
53,562
82,478
111,182
97,392
110,339
108,325
46,397
116,276
105,305
101,510
53,660
82,659
111,161
97,444
110,370
108,342
46,449
116,285
105,395
101,488
53,758
82,821
111,182
97,404
110,516
108,364
46,378
116,282
105,353
101,564
53,592
82,475
111,168
97,349
110,334
108,349
46,286
116,320
105,332
101,767
53,615
82,485
111,135
97,346
110,330
108,322
46,270
116,297
105,301
101,490
53,617
82,488
111,165
97,318
110,328
108,319
46,319
116,356
105,292
101,476
53,574
82,458
111,138
97,311
110,359
108,318
46,277
116,323
105,300
101,456
53,601
82,486
111,162
97,287
110,328
108,328
46,139
116,334
105,296
101,1838
53,517
82,429
111,143
97,312
110,328
108,313
46,245
116,302
105,280
101,511
53,540
82,440
111,153
97,284
110,323
108,300
46,284
116,278
105,326
101,421
53,546
82,497
111,179
97,275
110,347
108,329
46,252
116,257
105,265
101,477
53,487
82,402
111,153
97,273
110,323
108,358
46,399
116,276
105,308
101,455
53,500
82,453
111,130
97,296
110,354
108,310
46,262
116,321
105,280
101,491
53,716
82,530
111,172
97,296
110,321
108,312
46,262
116,280
105,245
101,484
53,484
82,432
111,154
97,280
110,334
108,284
46,276
116,293
105,283
101,425
53,524
82,471
111,207
97,262
110,313
108,301
46,211
116,362
105,199
101,1698
53,559
82,507
111,172
97,272
110,310
108,305
46,188
116,290
105,201
101,437
53,567
82,445
111,205
97,244
110,348
108,314
46,245
116,275
105,230
101,455
53,676
82,452
111,153
97,278
110,344
108,319
46,269
116,279
105,241
101,656
53,545
82,428
111,174
97,290
110,347
108,301
46,237
116,300
105,902
101,784
53,545
82,451
111,163
97,259
110,330
108,453
46,561
116,266
105,303
101,480
53,673
82,420
111,144
97,297
110,305
108,335
46,340
116,307
105,251
101,523
53,545
82,446
111,157
97,348
110,327
108,309
46,309
116,285
105,277
101,470
53,499
82,440
111,194
97,291
110,332
108,312
46,299
116,297
105,277
101,520
53,546
82,418
111,155
97,320
110,319
108,317
46,314
116,318
105,301
101,473
53,515
82,432
111,161
97,299
110,329
108,319
46,309
116,324
105,283
101,500
53,611
82,467
111,163
97,279
110,332
108,300
46,287
116,297
105,290
101,435
53,653
82,493
111,197
97,325
110,331
108,328
46,268
116,286
105,340
101,481
53,538
82,421
111,193
97,264
110,348
108,309
46,280
116,315
105,252
101,433
53,513
82,424
111,190
97,287
110,338
108,339
46,397
116,330
105,266
101,694
53,945
82,432
111,162
97,294
110,287
108,291
46,201
116,357
105,248
101,538
53,569
82,1337
111,260
97,347
110,346
108,445
46,276
116,1006
105,1142
101,415
53,897
82,414
111,192
97,271
110,318
108,311
46,185
116,315
105,207
101,438
53,490
82,396
111,157
97,283
110,329
108,292
46,254
116,374
105,192
101,529
53,1152
82,471
111,144
97,338
110,318
108,297
46,306
116,345
105,273
101,460
53,1262
82,478
111,163
97,295
110,329
108,388
46,614
116,330
105,264
101,543
53,1607
82,475
111,123
97,293
110,300
108,291
46,590
116,381
105,375
101,478
53,562
82,421
111,119
97,318
110,303
108,299
46,380
116,320
105,258
101,563
53,565
82,392
111,166
97,301
110,310
108,314
46,343
116,261
105,309
101,464
53,493
82,432
111,170
97,340
110,366
108,324
46,406
116,295
105,314
101,611
53,558
82,403
111,140
97,338
110,316
108,307
46,225
116,315
105,272
101,1398
53,630
82,536
111,143
97,305
110,306
108,293
46,317
116,315
105,239
101,547
53,572
82,415
111,162
97,311
110,341
108,316
46,303
116,331
105,244
101,533
53,547
82,408
111,175
97,305
110,324
108,288
46,356
116,273
105,297
101,547
53,554
82,415
111,142
97,301
110,332
108,293
46,226
116,308
105,258
101,512
53,489
82,417
111,170
97,290
110,342
108,308
46,391
116,368
105,257
101,513
53,501
82,433
111,136
97,315
110,304
108,320
46,193
116,346
105,315
101,666
53,577
82,487
111,168
97,393
110,350
108,348
46,395
116,728
105,194
101,384
53,950
82,515
111,114
97,418
110,360
108,337
46,479
116,270
105,269
101,446
53,651
82,736
111,169
97,342
110,356
108,605
46,428
116,289
105,264
101,493
53,597
82,494
111,147
97,355
110,345
108,447
46,315
116,239
105,329
101,485
53,619
82,530
111,162
97,319
110,318
108,327
46,431
116,326
105,355
101,482
53,543
82,499
111,172
97,309
110,333
108,318
46,378
116,326
105,298
101,605
53,571
82,690
111,147
97,343
110,358
108,400
46,558
116,298
105,465
101,596
53,561
82,477
111,162
97,305
110,326
108,569
46,371
116,286
105,285
101,532
53,632
82,567
111,170
97,306
110,357
108,516
46,321
116,298
105,293
101,524
53,578
82,460
111,152
97,320
110,333
108,353
46,175
116,282
105,868
101,941
53,519
82,506
111,114
97,324
110,339
108,363
46,262
116,298
105,355
101,548
53,448
82,457
111,108
97,332
110,359
108,367
46,172
116,327
105,236
101,601
53,539
82,499
111,144
97,338
110,324
108,505
46,332
116,288
105,263
101,522
53,645
82,510
111,156
97,306
110,330
108,321
46,234
116,311
105,238
101,508
53,1573
82,868
111,173
97,245
110,329
108,352
46,390
116,307
105,299
101,462
53,753
82,443
111,192
97,276
110,324
108,328
46,323
116,287
105,278
101,535
53,531
82,432
111,183
97,260
110,336
108,554
46,1431
116,304
105,605
101,510
53,481
82,435
111,160
97,298
110,371
108,354
46,590
116,268
105,343
101,477
53,496
82,418
111,141
97,274
110,321
108,317
46,302
116,311
105,249
101,493
53,473
82,415
111,165
97,318
110,334
108,318
46,337
116,329
105,241
101,431
53,489
82,465
111,168
97,300
110,323
108,318
46,265
116,304
105,314
101,929
53,739
82,511
111,124
97,330
110,335
108,455
46,355
116,330
105,211
101,752
53,435
82,471
111,212
97,271
110,392
108,361
46,213
116,379
105,237
101,498
53,462
82,430
111,152
97,341
110,349
108,394
46,365
116,345
105,232
101,443
53,445
82,398
111,104
97,396
110,313
108,334
46,487
116,314
105,297
101,431
53,1038
82,463
111,123
97,314
110,322
108,355
46,293
116,331
105,227
101,578
53,687
82,632
111,186
97,2285
110,328
108,325
46,644
116,272
105,255
101,492
53,736
82,551
111,193
97,294
110,362
108,384
46,451
116,265
105,261
101,403
53,467
82,447
111,177
97,282
110,342
108,326
46,291
116,300
105,270
101,522
53,495
82,436
111,181
97,298
110,322
108,298
46,308
116,331
105,287
101,435
53,494
82,422
111,186
97,258
110,328
108,317
46,299
116,342
105,256
101,456
53,498
82,419
111,136
97,312
110,331
108,307
46,273
116,334
105,291
101,436
53,574
82,644
111,296
97,380
110,348
108,316
46,300
116,347
105,235
101,440
53,521
82,444
111,144
97,302
110,336
108,318
46,322
116,297
105,284
101,490
53,565
82,412
111,140
97,280
110,296
108,281
46,298
116,320
105,285
101,618
53,627
82,448
111,126
97,347
110,328
108,286
46,305
116,334
105,252
101,485
53,534
82,433
111,152
97,353
110,332
108,409
46,382
116,321
105,253
101,530
53,1055
82,1040
111,184
97,301
110,308
108,293
46,309
116,310
105,261
101,492
53,522
82,433
111,176
97,308
110,311
108,321
46,352
116,316
105,244
101,509
53,464
82,471
111,154
97,340
110,332
108,305
46,235
116,327
105,272
101,463
53,469
82,430
111,223
97,284
110,356
108,351
46,303
116,346
105,297
101,542
53,756
82,507
111,208
97,308
110,336
108,413
46,229
116,320
105,544
101,489
53,478
82,502
111,192
97,291
110,331
108,365
46,324
116,373
105,250
101,412
53,524
82,477
111,183
97,273
110,356
108,321
46,302
116,327
105,278
101,425
53,505
82,438
111,241
97,232
110,333
108,319
46,324
116,341
105,301
101,504
53,872
82,471
111,186
97,238
110,322
108,310
46,266
116,300
105,264
101,399
53,720
82,508
111,211
97,288
110,345
108,305
46,368
116,372
105,424
101,584
53,705
82,436
111,166
97,295
110,325
108,318
46,393
116,337
105,245
101,438
53,502
82,454
111,231
97,263
110,336
108,311
46,244
116,353
105,212
101,1048
53,529
82,425
111,188
97,267
110,323
108,313
