46,330
116,818
105,252
101,1269
53,1270
82,1706
111,245
97,211
110,580
108,1639
46,1047
116,182
105,414
101,1128
53,634
82,1054
111,679
97,311
110,296
108,1250
46,534
116,161
105,620
101,1312
53,1199
82,1321
111,215
97,843
110,1139
108,417
46,440
116,210
105,530
101,938
53,504
82,856
111,232
97,252
110,320
108,303
46,1483
116,170
105,515
101,1286
53,778
82,849
111,183
97,206
110,727
108,727
46,488
116,174
105,829
101,1008
53,546
82,1037
111,185
97,237
110,333
108,379
46,502
116,175
105,781
101,916
53,601
82,905
111,209
97,191
110,339
108,387
46,490
116,172
105,372
101,1109
53,593
82,725
111,182
97,174
110,327
108,648
46,562
116,195
105,316
101,656
53,477
82,608
111,223
97,123
110,398
108,402
46,805
116,178
105,287
101,519
53,576
82,565
111,225
97,251
110,349
108,691
46,717
116,249
105,674
101,510
53,454
82,573
111,252
97,679
110,367
108,501
46,438
116,228
105,427
101,476
53,447
82,486
111,199
97,191
110,348
108,288
46,442
116,226
105,389
101,529
53,545
82,411
111,210
97,219
110,328
108,379
46,540
116,150
105,274
101,551
53,534
82,439
111,208
97,264
110,298
108,352
46,444
116,185
105,224
101,711
53,561
82,377
111,693
97,375
110,265
108,463
46,419
116,216
105,254
101,359
53,467
82,427
111,184
97,234
110,311
108,438
46,369
116,214
105,239
101,803
53,474
82,451
111,204
97,185
110,272
108,340
46,372
116,204
105,259
101,1145
53,530
82,401
111,641
97,311
110,281
108,422
46,314
116,237
105,239
101,337
53,630
82,623
111,533
97,423
110,287
108,932
46,364
116,245
105,325
101,464
53,438
82,1723
111,191
97,461
110,453
108,830
46,398
116,206
105,365
101,778
53,496
82,421
111,190
97,271
110,334
108,343
46,367
116,223
105,260
101,383
53,625
82,514
111,189
97,243
110,304
108,279
46,367
116,197
105,238
101,358
53,440
82,522
111,210
97,223
110,312
108,348
46,384
116,203
105,253
101,358
53,440
82,343
111,161
97,306
110,323
108,392
46,355
116,210
105,216
101,837
53,569
82,312
111,177
97,252
110,278
108,443
46,236
116,210
105,220
101,381
53,404
82,418
111,156
97,244
110,253
108,305
46,368
116,191
105,260
101,357
53,425
82,530
111,172
97,245
110,267
108,339
46,329
116,197
105,216
101,395
53,2281
82,359
111,166
97,241
110,286
108,300
46,439
116,217
105,331
101,526
53,484
82,492
111,195
97,234
110,260
108,273
46,352
116,195
105,271
101,326
53,676
82,363
111,184
97,253
110,239
108,345
46,361
116,189
105,221
101,331
53,565
82,504
111,172
97,205
110,267
108,347
46,308
116,219
105,207
101,674
53,468
82,351
111,162
97,247
110,255
108,279
46,343
116,187
105,218
101,452
53,565
82,346
111,183
97,254
110,267
108,290
46,369
116,552
105,268
101,388
53,458
82,1996
111,167
97,239
110,222
108,289
46,331
116,184
105,262
101,461
53,415
82,351
111,131
97,266
110,238
108,307
46,373
116,222
105,226
101,484
53,454
82,326
111,167
97,234
110,230
108,296
46,410
116,213
105,224
101,1089
53,492
82,338
111,163
97,200
110,227
108,312
46,354
116,185
105,265
101,448
53,435
82,343
111,132
97,239
110,270
108,375
46,284
116,180
105,195
101,443
53,470
82,366
111,172
97,204
110,272
108,341
46,279
116,177
105,230
101,351
53,444
82,377
111,170
97,262
110,287
108,536
46,312
116,164
105,235
101,537
53,443
82,356
111,184
97,292
110,255
108,330
46,350
116,203
105,186
101,1092
53,450
82,320
111,149
97,260
110,232
108,315
46,310
116,193
105,221
101,341
53,827
82,1679
111,167
97,265
110,232
108,286
46,348
116,194
105,221
101,379
53,456
82,419
111,167
97,229
110,251
108,406
46,237
116,189
105,224
101,311
53,632
82,392
111,143
97,257
110,272
108,632
46,299
116,211
105,249
101,297
53,443
82,1737
111,194
97,235
110,257
108,457
46,2047
116,187
105,200
101,565
53,457
82,380
111,157
97,230
110,249
108,327
46,349
116,222
105,536
101,366
53,441
82,512
111,146
97,193
110,253
108,329
46,395
116,208
105,216
101,294
53,533
82,357
111,147
97,227
110,249
108,416
46,1470
116,687
105,259
101,332
53,409
82,1044
111,165
97,216
110,253
108,378
46,446
116,196
105,370
101,624
53,453
82,516
111,192
97,257
110,302
108,313
46,393
116,209
105,336
101,479
53,501
82,425
111,169
97,281
110,323
108,395
46,414
116,236
105,413
101,490
53,456
82,461
111,190
97,278
110,399
108,423
46,431
116,233
105,313
101,435
53,604
82,444
111,178
97,216
110,301
108,439
46,327
116,209
105,272
101,458
53,420
82,633
111,199
97,175
110,302
108,336
46,360
116,193
105,236
101,382
53,444
82,410
111,572
97,278
110,338
108,429
46,331
116,221
105,227
101,354
53,720
82,771
111,190
97,194
110,298
108,407
46,328
116,215
105,271
101,429
53,526
82,438
111,179
97,262
110,321
108,339
46,392
116,245
105,277
101,367
53,637
82,462
111,223
97,262
110,366
108,408
46,369
116,196
105,224
101,340
53,607
82,513
111,186
97,248
110,346
108,444
46,360
116,199
105,245
101,336
53,529
82,1547
111,195
97,195
110,313
108,492
46,298
116,221
105,241
101,356
53,516
82,486
111,198
97,241
110,285
108,350
46,313
116,222
105,230
101,369
53,569
82,391
111,167
97,274
110,307
108,378
46,337
116,200
105,257
101,420
53,446
82,346
111,463
97,334
110,264
108,403
46,285
116,202
105,219
101,425
53,592
82,344
111,150
97,261
110,285
108,573
46,292
116,176
105,191
101,299
53,464
82,583
111,187
97,239
110,270
108,311
46,283
116,195
105,208
101,273
53,572
82,515
111,1231
97,223
110,303
108,452
46,952
116,228
105,190
101,336
53,401
82,1783
111,201
97,247
110,302
108,381
46,297
116,261
105,234
101,327
53,428
82,396
111,173
97,245
110,272
108,354
46,348
116,201
105,228
101,341
53,403
82,413
111,162
97,224
110,274
108,329
46,319
116,218
105,244
101,326
53,418
82,375
111,194
97,281
110,346
108,377
46,531
116,240
105,249
101,366
53,458
82,2236
111,183
97,258
110,874
108,345
46,300
116,218
105,205
101,319
53,600
82,395
111,145
97,227
110,276
108,301
46,334
116,212
105,204
101,337
53,488
82,949
111,195
97,191
110,317
108,382
46,312
116,216
105,201
101,298
53,490
82,825
111,192
97,220
110,681
108,381
46,348
116,206
105,232
101,272
53,1225
82,807
111,249
97,280
110,987
108,435
46,367
116,224
105,203
101,311
53,514
82,353
111,177
97,193
110,341
108,648
46,395
116,211
105,241
101,985
53,957
82,799
111,228
97,190
110,341
108,507
46,483
116,187
105,197
101,350
53,851
82,1264
111,201
97,239
110,354
108,419
46,347
116,191
105,198
101,346
53,503
82,673
111,198
97,183
110,259
108,703
46,365
116,249
105,227
101,368
53,820
82,832
111,185
97,161
110,290
108,462
46,313
116,165
105,210
101,341
53,960
82,1358
111,184
97,208
110,344
108,499
46,359
116,194
105,215
101,314
53,420
82,827
111,201
97,183
110,280
108,579
46,364
116,189
105,236
101,341
53,540
82,812
111,188
97,221
110,301
108,526
46,1973
116,218
105,216
101,352
53,522
82,430
111,173
97,187
110,242
108,329
46,328
116,175
105,200
101,283
53,529
82,553
111,168
97,214
110,225
108,346
46,1491
116,157
105,201
101,610
53,515
82,454
111,165
97,181
110,240
108,276
46,755
116,243
105,178
101,345
53,1141
82,390
111,165
97,187
110,251
108,614
46,314
116,191
105,216
101,335
53,668
82,677
111,173
97,164
110,269
108,379
46,1180
116,212
105,226
101,477
53,972
82,487
111,154
97,183
110,296
108,653
46,611
116,165
105,195
101,1127
53,654
82,606
111,220
97,195
110,257
108,384
46,362
116,207
105,197
101,473
53,511
82,433
111,178
97,182
110,269
108,417
46,2001
116,168
105,1071
101,1141
53,714
82,725
111,216
97,154
110,255
108,994
46,740
116,212
105,565
101,455
53,437
82,414
111,172
97,175
110,292
108,336
46,376
116,160
105,279
101,442
53,1039
82,917
111,192
97,206
110,258
108,367
46,347
116,196
105,232
101,308
53,582
82,521
111,218
97,177
110,277
108,413
46,354
116,157
105,258
101,411
53,516
82,705
111,208
97,199
110,263
108,431
46,330
116,200
105,303
101,2649
53,730
82,881
111,279
97,345
110,308
108,355
46,418
116,193
105,767
101,419
53,450
82,442
111,201
97,181
110,253
108,358
46,609
116,175
105,222
101,311
53,431
82,403
111,180
97,193
110,236
108,338
46,448
116,184
105,409
101,1327
53,642
82,489
111,220
97,559
110,285
108,459
46,492
116,210
105,281
101,537
53,461
82,541
111,208
97,300
110,292
108,404
46,439
116,206
105,242
101,409
53,434
82,522
111,190
97,212
110,296
108,302
46,444
116,184
105,208
101,924
53,648
82,1037
111,187
97,315
110,370
108,434
46,400
116,189
105,214
101,345
53,740
82,592
111,201
97,347
110,317
108,280
46,391
116,163
105,209
101,344
53,419
82,1199
111,189
97,295
110,330
108,349
46,371
116,174
105,192
101,338
53,676
82,883
111,148
97,317
110,302
108,334
46,345
116,188
105,191
101,321
53,705
82,577
111,157
97,291
110,262
108,305
46,382
116,209
105,190
101,323
53,680
82,472
111,146
97,280
110,263
108,333
46,361
116,216
105,225
101,484
53,1189
82,404
111,157
97,263
110,254
108,367
46,379
116,198
105,201
101,378
53,1052
82,443
111,182
97,255
110,262
108,356
46,396
116,184
105,209
101,412
53,541
82,460
111,171
97,290
110,261
108,347
46,367
116,198
105,226
101,358
53,521
82,390
111,143
97,272
110,280
108,315
46,341
116,186
105,209
101,358
53,937
82,381
111,151
97,292
110,263
108,657
46,357
116,211
105,217
101,367
53,680
82,341
111,144
97,297
110,264
108,346
46,352
116,204
105,248
101,382
53,727
82,388
111,141
97,276
110,265
108,315
46,374
116,222
105,219
101,351
53,670
82,380
111,197
97,271
110,252
108,348
46,425
116,194
105,242
101,320
53,550
82,1229
111,164
97,286
110,292
108,393
46,394
116,195
105,238
101,349
53,610
82,344
111,156
97,258
110,249
108,318
46,423
116,273
105,542
101,1770
53,437
82,299
111,163
97,242
110,259
108,318
46,367
116,209
105,246
101,363
53,710
82,329
111,172
97,246
110,275
108,335
46,388
116,213
105,211
101,339
53,490
82,1098
111,185
97,257
110,275
108,379
46,404
116,190
105,240
101,371
53,556
82,368
111,581
97,356
110,273
108,419
46,369
116,211
105,232
101,417
53,529
82,343
111,143
97,290
110,271
108,350
46,337
116,187
105,204
101,324
53,523
82,359
111,143
97,257
110,259
108,321
46,327
116,185
105,216
101,292
53,500
82,333
111,122
97,293
110,239
108,289
46,344
116,200
105,190
101,339
53,662
82,321
111,150
97,274
110,265
108,315
46,422
116,188
105,206
101,363
53,1005
82,457
111,195
97,255
110,272
108,355
46,378
116,193
105,237
101,370
53,539
82,316
111,162
97,282
110,255
108,336
46,392
116,195
105,223
101,351
53,573
82,337
111,99
97,314
110,267
108,341
46,407
116,163
105,234
101,370
53,532
82,1161
111,233
97,326
110,289
108,311
46,384
116,211
105,244
101,334
53,510
82,341
111,155
97,275
110,254
108,342
46,395
116,188
105,238
101,386
53,500
82,314
111,143
97,285
110,235
108,299
46,338
116,164
105,201
101,306
53,453
82,304
111,167
97,249
110,233
108,318
46,375
116,185
105,181
101,291
53,514
82,339
111,181
97,258
110,259
108,342
46,404
116,186
105,197
101,313
53,498
82,342
111,161
97,233
110,248
108,297
46,344
116,161
105,175
101,318
53,478
82,265
111,153
97,259
110,251
108,301
46,401
116,204
105,213
101,635
53,530
82,292
111,133
97,277
110,273
108,348
46,619
116,224
105,546
101,1555
53,506
82,370
111,171
97,217
110,257
108,314
46,443
116,174
105,216
101,303
53,505
82,681
111,195
97,273
110,272
108,326
46,572
116,164
105,250
101,1272
53,368
82,273
111,187
97,236
110,265
108,296
46,342
116,157
105,209
101,309
53,484
82,293
111,140
97,234
110,272
108,349
46,364
116,158
105,215
101,298
53,746
82,584
111,186
97,244
110,253
108,301
46,497
116,156
105,246
101,294
53,494
82,361
111,137
97,261
110,245
108,309
46,374
116,178
105,206
101,301
53,614
82,399
111,181
97,262
110,268
108,318
46,359
116,145
105,241
101,354
53,514
82,321
111,186
97,281
110,293
108,309
46,307
116,173
105,228
101,306
53,518
82,309
111,126
97,245
110,265
108,307
46,419
116,165
105,229
101,317
53,678
82,784
111,159
97,273
110,291
108,334
46,373
116,160
105,220
101,324
53,455
82,277
111,157
97,241
110,268
108,342
46,391
116,152
105,252
101,303
53,784
82,362
111,159
97,261
110,272
108,320
46,447
116,189
105,627
101,2115
53,428
82,483
111,501
97,326
110,447
108,305
46,430
116,183
105,254
101,408
53,422
82,1198
111,175
97,282
110,274
108,298
46,406
116,208
105,881
101,1293
53,529
82,436
111,225
97,204
110,280
108,337
46,462
116,178
105,287
101,526
53,472
82,356
111,176
97,248
110,262
108,275
46,361
116,166
105,284
101,400
53,403
82,291
111,517
97,281
110,319
108,421
46,449
116,182
105,233
101,365
53,415
82,346
111,202
97,346
110,282
108,342
46,379
116,187
105,241
101,345
53,401
82,323
111,156
97,253
110,243
108,273
46,315
116,196
105,199
101,895
53,884
82,524
111,220
97,317
110,296
108,350
46,501
116,190
105,251
101,309
53,421
82,342
111,121
97,298
110,232
108,349
46,367
116,173
105,174
101,294
53,408
82,370
111,162
97,286
110,280
108,542
46,384
116,186
105,233
101,356
53,447
82,309
111,129
97,313
110,268
108,321
46,300
116,216
105,182
101,297
53,438
82,388
111,133
97,293
110,286
108,295
46,320
116,195
105,184
101,313
53,396
82,302
111,160
97,266
110,227
108,276
46,362
116,161
105,211
101,332
53,422
82,308
111,143
97,316
110,226
108,332
46,313
116,170
105,193
101,309
53,445
82,314
111,163
97,316
110,244
108,471
46,301
116,197
105,192
101,394
53,475
82,320
111,119
97,307
110,219
108,311
46,301
116,163
105,183
101,304
53,405
82,665
111,164
97,267
110,254
108,327
46,324
116,211
105,177
101,293
53,380
82,512
111,175
97,278
110,261
108,319
46,326
116,196
105,180
101,301
53,470
82,433
111,262
97,321
110,257
108,371
46,298
116,185
105,186
101,281
53,516
82,315
111,164
97,271
110,211
108,320
46,323
116,198
105,185
101,283
53,445
82,321
111,155
97,265
110,245
108,328
46,287
116,168
105,189
101,321
53,498
82,282
111,146
97,304
110,247
108,402
46,335
116,197
105,188
101,292
53,431
82,304
111,157
97,254
110,244
108,359
46,273
116,218
105,192
101,316
53,447
82,311
111,145
97,288
110,231
108,304
46,287
116,174
105,188
101,287
53,431
82,272
111,157
97,303
110,231
108,319
46,334
116,177
105,183
101,323
53,427
82,253
111,135
97,291
110,228
108,332
46,309
116,193
105,186
101,307
53,408
82,273
111,155
97,274
110,233
108,303
46,334
116,187
105,193
101,327
53,547
82,300
111,112
97,303
110,256
108,337
46,358
116,143
105,189
101,367
53,835
82,313
111,148
97,270
110,217
108,525
46,278
116,198
105,184
101,321
53,376
82,297
111,66
97,421
110,225
108,315
46,306
116,180
105,203
101,315
53,451
82,249
111,128
97,298
110,226
108,543
46,316
116,229
105,238
101,325
53,548
82,327
111,135
97,340
110,217
108,346
46,395
116,223
105,209
101,345
53,471
82,331
111,106
97,331
110,238
108,281
46,350
116,197
105,202
101,669
53,470
82,790
111,159
97,289
110,281
108,401
46,345
116,250
105,231
101,425
53,579
82,705
111,194
97,270
110,265
108,339
46,329
116,161
105,258
101,492
53,482
82,311
111,172
97,279
110,269
108,413
46,392
116,311
105,207
101,525
53,587
82,304
111,144
97,334
110,284
108,295
46,466
116,240
105,303
101,471
53,565
82,316
111,173
97,318
110,266
108,386
46,397
116,170
105,235
101,401
53,547
82,315
111,169
97,292
110,245
108,343
46,359
116,172
105,222
101,331
53,465
82,332
111,179
97,285
110,260
108,396
46,354
116,206
105,241
101,349
53,553
82,323
111,161
97,297
110,253
108,308
46,295
116,184
105,229
101,695
53,490
82,300
111,163
97,282
110,263
108,355
46,321
116,191
105,238
101,451
53,489
82,312
111,132
97,289
110,262
108,367
46,362
116,189
105,260
101,780
53,599
82,579
111,188
97,280
110,263
108,312
46,347
116,180
105,201
101,353
53,524
82,279
111,158
97,270
110,237
108,278
46,360
116,194
105,201
101,365
53,826
82,328
111,173
97,273
110,252
108,340
46,298
116,185
105,198
101,332
53,487
82,362
111,173
97,298
110,245
108,359
46,300
116,197
105,199
101,355
53,532
82,331
111,137
97,278
110,255
108,342
46,255
116,182
105,197
101,310
53,457
82,310
111,141
97,277
110,237
108,351
46,305
116,182
105,184
101,333
53,531
82,292
111,161
97,281
110,226
108,257
46,327
116,170
105,425
101,1743
53,447
82,349
111,200
97,359
110,310
108,307
46,345
116,183
105,224
101,359
53,427
82,350
111,550
97,327
110,324
108,318
46,383
116,187
105,216
101,357
53,427
82,423
111,170
97,257
110,269
108,306
46,520
116,184
105,683
101,474
53,452
82,327
111,499
97,321
110,308
108,362
46,689
116,198
105,250
101,392
53,474
82,335
111,123
97,309
110,273
108,332
46,315
116,180
105,206
101,363
53,410
82,341
111,166
97,284
110,275
108,293
46,331
116,192
105,169
101,328
53,455
82,1932
111,236
97,178
110,330
108,364
46,340
116,184
105,207
101,370
53,440
82,328
111,175
97,282
110,238
108,296
46,383
116,154
105,215
101,316
53,428
82,322
111,139
97,313
110,242
108,303
46,351
116,178
105,212
101,328
53,434
82,345
111,122
97,335
110,248
108,287
46,301
116,178
105,210
101,276
53,412
82,327
111,123
97,322
110,256
108,292
46,318
116,156
105,202
101,273
53,435
82,1028
111,185
97,302
110,266
108,325
46,284
116,161
105,199
101,305
53,460
82,687
111,153
97,328
110,264
108,318
46,1060
116,188
105,217
101,337
53,471
82,323
111,115
97,328
110,231
108,291
46,394
116,165
105,214
101,304
53,445
82,322
111,46
97,349
110,269
108,302
46,389
116,207
105,186
101,310
53,451
82,717
111,176
97,310
110,229
108,291
46,595
116,222
105,206
101,365
53,514
82,588
111,567
97,318
110,314
108,339
46,286
116,185
105,184
101,321
53,552
82,673
111,154
97,316
110,235
108,306
46,280
116,160
105,218
101,304
53,549
82,368
111,120
97,299
110,236
108,281
46,243
116,171
105,178
101,354
53,472
82,652
111,198
97,201
110,277
108,340
46,317
116,189
105,199
101,290
53,460
82,295
111,122
97,297
110,247
108,302
46,431
116,152
105,222
101,300
53,476
82,298
111,227
97,306
110,356
108,300
46,355
116,197
105,192
101,359
53,561
82,412
111,123
97,282
110,267
108,275
46,336
116,154
105,193
101,314
53,498
82,333
111,139
97,304
110,242
108,269
46,294
116,160
105,230
101,356
53,537
82,298
111,150
97,288
110,245
108,268
46,325
116,195
105,205
101,333
53,510
82,344
111,122
97,294
110,239
108,279
46,343
116,196
105,185
101,333
53,742
82,271
111,134
97,301
110,220
108,264
46,458
116,248
105,210
101,355
53,473
82,334
111,131
97,274
110,261
108,603
46,324
116,179
105,215
101,323
53,485
82,306
111,120
97,283
110,233
108,251
46,338
116,153
105,220
101,289
53,417
82,317
111,120
97,288
110,221
108,244
46,312
116,181
105,208
101,268
53,763
82,376
111,111
97,315
110,250
108,295
46,329
116,177
105,225
101,330
53,492
82,438
111,79
97,485
110,274
108,340
46,356
116,151
105,217
101,349
53,522
82,305
111,136
97,218
110,236
108,282
46,335
116,158
105,259
101,336
53,607
82,345
111,157
97,244
110,241
108,297
46,331
116,188
105,223
101,345
53,776
82,363
111,181
97,236
110,225
108,289
46,323
116,191
105,233
101,318
53,422
82,284
111,153
97,221
110,241
108,249
46,337
116,154
105,222
101,339
53,702
82,292
111,129
97,235
110,238
108,284
46,365
116,191
105,238
101,383
53,530
82,289
111,128
97,252
110,224
108,274
46,311
116,153
105,219
101,332
53,453
82,299
111,127
97,243
110,237
108,286
46,328
116,134
105,239
101,349
53,507
82,331
111,126
97,247
110,250
108,241
46,366
116,225
105,238
101,411
53,588
82,308
111,176
97,109
110,240
108,293
46,286
116,160
105,214
101,340
53,634
82,417
111,127
97,285
110,237
108,310
46,380
116,152
105,263
101,434
53,638
82,348
111,125
97,331
110,264
108,336
46,480
116,224
105,228
101,427
53,763
82,585
111,1318
97,90
110,368
108,515
46,276
116,181
105,261
101,366
53,588
82,1001
111,159
97,286
110,288
108,387
46,318
116,179
105,236
101,367
53,792
82,824
111,181
97,317
110,248
108,396
46,325
116,135
105,239
101,364
53,685
82,747
111,211
97,287
110,369
108,460
46,310
116,150
105,213
101,522
53,634
82,741
111,181
97,251
110,266
108,415
46,490
116,181
105,198
101,315
53,522
82,861
111,168
97,198
110,271
108,417
46,304
116,204
105,158
101,339
53,860
82,719
111,209
97,224
110,263
108,379
46,376
116,165
105,621
101,392
53,439
82,477
111,220
97,268
110,315
108,639
46,341
116,189
105,273
101,411
53,461
82,456
111,262
97,315
110,452
108,382
46,348
116,216
105,253
101,475
53,482
82,410
111,220
97,272
110,306
108,312
46,363
116,205
105,262
101,383
53,499
82,716
111,215
97,252
110,313
108,283
46,349
116,196
105,298
101,387
53,529
82,361
111,193
97,253
110,266
108,350
46,429
116,185
105,281
101,373
53,526
82,407
111,222
97,296
110,334
108,399
46,586
116,460
105,228
101,325
53,506
82,502
111,185
97,237
110,270
108,340
46,365
116,290
105,277
101,494
53,459
82,357
111,163
97,240
110,266
108,291
46,383
116,181
105,233
101,374
53,541
82,389
111,183
97,244
110,295
108,297
46,381
116,214
105,217
101,336
53,476
82,391
111,761
97,385
110,315
108,603
46,374
116,184
105,277
101,372
53,672
82,414
111,188
97,295
110,284
108,310
46,367
116,184
105,252
101,363
53,559
82,379
111,183
97,285
110,264
108,593
46,326
116,184
105,245
101,359
53,598
82,752
111,1289
97,297
110,449
108,499
46,357
116,175
105,220
101,328
53,580
82,394
111,181
97,301
110,260
108,335
46,310
116,226
105,217
101,326
53,563
82,363
111,193
97,311
110,281
108,333
46,415
116,203
105,229
101,343
53,655
82,812
111,199
97,300
110,253
108,611
46,350
116,186
105,255
101,365
53,585
82,319
111,166
97,327
110,259
108,347
46,311
116,183
105,238
101,318
53,459
82,312
111,171
97,311
110,273
108,302
46,334
116,173
105,235
101,283
53,465
82,355
111,154
97,308
110,277
108,280
46,339
116,194
105,240
101,371
53,561
82,343
111,187
97,284
110,259
108,297
46,370
116,212
105,242
101,394
53,878
82,347
111,194
97,247
110,251
108,318
46,382
116,189
105,242
101,322
53,560
82,405
111,176
97,275
110,258
108,309
46,344
116,175
105,264
101,324
53,568
82,393
111,171
97,268
110,245
108,294
46,373
116,213
105,232
101,356
53,1044
82,456
111,164
97,307
110,267
108,262
46,598
116,196
105,222
101,353
53,518
82,380
111,159
97,277
110,239
108,281
46,370
116,157
105,234
101,319
53,538
82,377
111,507
97,355
110,248
108,428
46,580
116,203
105,250
101,377
53,606
82,390
111,166
97,296
110,278
108,358
46,321
116,199
105,217
101,313
53,562
82,382
111,178
97,288
110,248
108,289
46,380
116,226
105,270
101,369
53,613
82,353
111,164
97,291
110,245
108,256
46,321
116,182
105,242
101,358
53,715
82,340
111,161
97,279
110,265
108,267
46,344
116,191
105,241
101,298
53,498
82,400
111,163
97,313
110,261
108,358
46,375
116,183
105,263
101,350
53,586
82,443
111,149
97,268
110,243
108,282
46,402
116,193
105,240
101,298
53,594
82,424
111,161
97,296
110,295
108,319
46,337
116,166
105,238
101,296
53,477
82,324
111,164
97,248
110,229
108,252
46,355
116,185
105,228
101,304
53,604
82,365
111,145
97,283
110,247
108,265
46,346
116,165
105,225
101,267
53,428
82,355
111,163
97,287
110,224
108,275
46,452
116,170
105,233
101,302
53,472
82,355
111,141
97,280
110,222
108,256
46,449
116,185
105,226
101,288
53,486
82,338
111,161
97,297
110,239
108,273
46,386
116,171
105,247
101,299
53,523
82,361
111,161
97,276
110,218
108,274
46,428
116,147
105,256
101,302
53,445
82,339
111,135
97,269
110,213
108,292
46,393
116,170
105,250
101,362
53,597
82,333
111,506
97,329
110,236
108,324
46,376
116,162
105,226
101,341
53,535
82,340
111,149
97,330
110,254
108,374
46,454
116,218
105,222
101,415
53,652
82,347
111,171
97,281
110,231
108,315
46,438
116,187
105,254
101,434
53,690
82,923
111,232
97,261
110,301
108,616
46,490
116,230
105,250
101,356
53,617
82,395
111,176
97,331
110,267
108,413
46,398
116,222
105,232
101,379
53,649
82,701
111,177
97,268
110,256
108,297
46,427
116,204
105,221
101,338
53,624
82,585
111,211
97,272
110,270
108,630
46,494
116,220
105,245
101,374
53,603
82,380
111,193
97,280
110,242
108,578
46,331
116,197
105,216
101,349
53,593
82,346
111,206
97,196
110,290
108,432
46,399
116,199
105,253
101,367
53,655
82,511
111,188
97,312
110,261
108,398
46,431
116,161
105,598
101,329
53,526
82,567
111,216
97,210
110,286
108,288
46,393
116,188
105,241
101,438
53,573
82,347
111,198
97,237
110,410
108,742
46,359
116,196
105,257
101,397
53,521
82,373
111,156
97,256
110,304
108,294
46,292
116,200
105,223
101,336
53,482
82,350
111,150
97,261
110,280
108,253
46,343
116,192
105,208
101,317
53,493
82,390
111,158
97,258
110,248
108,240
46,294
116,217
105,190
101,329
53,498
82,303
111,173
97,250
110,255
108,282
46,349
116,175
105,203
101,318
53,456
82,339
111,229
97,215
110,382
108,383
46,457
116,202
105,215
101,348
53,572
82,365
111,129
97,288
110,255
108,275
46,404
116,200
105,174
101,334
53,1244
82,387
111,163
97,349
110,256
108,292
46,975
116,117
105,347
101,930
53,1083
82,774
111,197
97,203
110,272
108,267
46,382
116,178
105,216
101,323
53,1269
82,472
111,189
97,192
110,247
108,290
46,375
116,197
105,217
101,352
53,791
82,557
111,990
97,270
110,336
108,464
46,308
116,184
105,195
101,268
53,1152
82,538
111,261
97,247
110,318
108,369
46,242
116,211
105,189
101,344
53,1097
82,410
111,179
97,272
110,247
108,267
46,341
116,199
105,233
101,289
53,783
82,382
111,191
97,209
110,274
108,278
46,345
116,206
105,184
101,310
53,653
82,384
111,151
97,238
110,235
108,248
46,314
116,196
105,257
101,295
53,599
82,388
111,173
97,239
110,243
108,267
46,341
116,158
105,244
101,296
53,699
82,354
111,240
97,260
110,268
108,771
46,336
116,186
105,219
101,336
53,573
82,374
111,158
97,238
110,245
108,282
46,409
116,208
105,222
101,355
53,662
82,406
111,157
97,299
110,244
108,268
46,387
116,187
105,262
101,340
53,567
82,364
111,191
97,219
110,272
108,264
46,349
116,162
105,236
101,298
53,1011
82,500
111,220
97,267
110,262
108,272
46,327
116,185
105,222
101,316
53,993
82,387
111,196
97,230
110,329
108,402
46,712
116,172
105,229
101,326
53,605
82,350
111,156
97,275
110,255
108,273
46,448
116,217
105,242
101,366
53,659
82,355
111,197
97,231
110,254
108,270
46,362
116,181
105,231
101,318
53,525
82,357
111,171
97,254
110,241
108,258
46,393
116,169
105,238
101,291
53,541
82,338
111,224
97,151
110,233
108,295
46,304
116,169
105,212
101,271
53,473
82,321
111,204
97,206
110,215
108,261
46,349
116,203
105,199
101,283
53,462
82,370
111,169
97,264
110,254
108,272
46,422
116,207
105,220
101,335
53,559
82,288
111,164
97,244
110,240
108,269
46,371
116,192
105,231
101,305
53,620
82,319
111,150
97,265
110,222
108,234
46,302
116,180
105,219
101,279
53,471
82,321
111,159
97,228
110,207
108,240
46,349
116,179
105,190
101,296
53,455
82,324
111,181
97,244
110,208
108,249
46,296
116,171
105,185
101,278
53,501
82,347
111,182
97,254
110,234
108,693
46,365
116,168
105,235
101,327
53,691
82,685
111,182
97,185
110,256
108,659
46,416
116,201
105,243
101,376
53,675
82,657
111,606
97,216
110,230
108,324
46,322
116,195
105,191
101,325
53,617
82,351
111,149
97,279
110,215
108,602
46,337
116,180
105,217
101,788
53,521
82,377
111,113
97,380
110,232
108,242
46,350
116,243
105,293
101,330
53,569
82,683
111,180
97,259
110,233
108,296
46,371
116,198
105,257
101,603
53,541
82,809
111,224
97,216
110,209
108,270
46,356
116,215
105,224
101,414
53,604
82,361
111,159
97,257
110,229
108,258
46,335
116,164
105,234
101,313
53,571
82,367
111,213
97,288
110,264
108,368
46,288
116,152
105,217
101,289
53,443
82,359
111,138
97,251
110,208
108,253
46,338
116,195
105,200
101,288
53,465
82,353
111,138
97,283
110,220
108,230
46,326
116,174
105,187
101,292
53,755
82,590
111,164
97,246
110,228
108,270
46,321
116,180
105,228
101,277
53,480
82,321
111,148
97,252
110,205
108,225
46,384
116,196
105,265
101,1055
53,384
82,364
111,155
97,244
110,235
108,241
46,378
116,390
105,450
101,1378
53,474
82,323
111,130
97,257
110,207
108,232
46,324
116,152
105,205
101,324
53,471
82,340
111,122
97,277
110,202
108,256
46,470
116,195
105,237
101,358
53,576
82,325
111,149
97,239
110,228
108,251
46,439
116,124
105,256
101,451
53,475
82,383
111,170
97,209
110,252
108,278
46,398
116,152
105,225
101,327
53,475
82,376
111,514
97,274
110,245
108,393
46,350
116,163
105,242
101,313
53,542
82,405
111,1291
97,703
110,225
108,295
46,321
116,177
105,228
101,347
53,764
82,384
111,201
97,283
110,268
108,317
46,370
116,182
105,207
101,342
53,655
82,435
111,186
97,259
110,257
108,309
46,455
116,185
105,256
101,364
53,731
82,445
111,161
97,335
110,291
108,423
46,402
116,189
105,226
101,332
53,771
82,356
111,153
97,306
110,243
108,310
46,441
116,167
105,263
101,372
53,762
82,475
111,621
97,282
110,263
108,308
46,385
116,186
105,252
101,349
53,825
82,470
111,302
97,405
110,318
108,349
46,428
116,197
105,256
101,377
53,581
82,405
111,165
97,373
110,282
108,698
46,344
116,180
105,232
101,339
53,549
82,630
111,199
97,317
110,251
108,296
46,358
116,191
105,207
101,311
53,483
82,401
111,153
97,374
110,297
108,407
46,321
116,175
105,235
101,318
53,480
82,349
111,172
97,321
110,232
108,299
46,358
116,156
105,232
101,310
53,1028
82,398
111,159
97,329
110,239
108,294
46,390
116,182
105,203
101,318
53,658
82,389
111,170
97,587
110,387
108,429
46,355
116,154
105,223
101,315
53,589
82,382
111,173
97,275
110,235
108,287
46,393
116,146
105,247
101,291
53,502
82,359
111,149
97,331
110,250
108,282
46,367
116,191
105,240
101,337
53,541
82,391
111,172
97,309
110,232
108,304
46,470
116,184
105,249
101,307
53,546
82,351
111,180
97,285
110,246
108,348
46,376
116,160
105,183
101,326
53,600
82,383
111,289
97,333
110,262
108,612
46,367
116,169
105,225
101,334
53,621
82,786
111,188
97,303
110,235
108,306
46,306
116,160
105,196
101,297
53,583
82,389
111,171
97,284
110,201
108,268
46,379
116,235
105,223
101,404
53,583
82,353
111,134
97,326
110,228
108,300
46,414
116,212
105,208
101,295
53,500
82,331
111,177
97,281
110,236
108,291
46,345
116,155
105,214
101,294
53,563
82,365
111,140
97,301
110,231
108,263
46,366
116,176
105,168
101,295
53,617
82,836
111,174
97,247
110,246
108,310
46,413
116,142
105,234
101,310
53,500
82,337
111,144
97,271
110,228
108,288
46,351
116,181
105,197
101,305
53,553
82,367
111,156
97,286
110,233
108,274
46,356
116,150
105,214
101,299
53,497
82,394
111,259
97,281
110,239
108,283
46,306
116,174
105,194
101,292
53,534
82,357
111,186
97,285
110,273
108,309
46,355
116,152
105,205
101,286
53,530
82,344
111,136
97,318
110,215
108,251
46,350
116,168
105,182
101,274
53,477
82,344
111,118
97,294
110,238
108,285
46,397
116,176
105,207
101,296
53,529
82,792
111,188
97,243
110,244
108,299
46,358
116,151
105,199
101,302
53,540
82,386
111,566
97,298
110,307
108,406
46,325
116,145
105,211
101,267
53,483
82,439
111,509
97,253
110,265
108,599
46,354
116,156
105,204
101,308
53,615
82,793
111,171
97,290
110,287
108,595
46,375
116,165
105,194
101,328
53,595
82,658
111,178
97,306
110,286
108,621
46,378
116,157
105,216
101,327
53,606
82,630
111,179
97,330
110,254
108,353
46,403
116,168
105,211
101,303
53,535
82,791
111,193
97,290
110,271
108,606
46,312
116,153
105,204
101,294
53,568
82,450
111,161
97,272
110,247
108,586
46,334
116,167
105,191
101,281
53,548
82,534
111,176
97,285
110,251
108,278
46,343
116,132
105,213
101,282
53,579
82,439
111,169
97,273
110,236
108,270
46,376
116,141
105,184
101,270
53,546
82,510
111,222
97,270
110,251
108,290
46,358
116,151
105,208
101,331
53,525
82,564
111,175
97,283
110,246
108,285
46,434
116,145
105,214
101,279
53,487
82,416
111,165
97,272
110,257
108,295
46,361
116,149
105,194
101,287
53,525
82,660
111,194
97,281
110,257
108,301
46,329
116,151
105,205
101,302
53,603
82,699
111,195
97,216
110,270
108,287
46,336
116,153
105,186
101,300
53,451
82,439
111,174
97,254
110,221
108,277
46,375
116,134
105,240
101,292
53,427
82,487
111,159
97,258
110,242
108,273
46,361
116,152
105,197
101,291
53,509
82,512
111,173
97,295
110,247
108,656
