46,984
116,431
105,898
101,461
53,1329
82,432
111,201
97,193
110,417
108,859
46,857
116,269
105,478
101,609
53,922
82,232
111,242
97,278
110,1492
108,444
46,450
116,214
105,376
101,552
53,1523
82,858
111,335
97,252
110,460
108,574
46,953
116,326
105,303
101,360
53,799
82,384
111,1040
97,304
110,425
108,659
46,908
116,296
105,292
101,429
53,1292
82,798
111,279
97,195
110,307
108,413
46,492
116,294
105,325
101,379
53,737
82,354
111,605
97,357
110,371
108,408
46,494
116,254
105,816
101,857
53,662
82,431
111,765
97,312
110,381
108,384
46,1424
116,322
105,974
101,364
53,722
82,438
111,728
97,371
110,322
108,542
46,515
116,1745
105,327
101,553
53,672
82,721
111,575
97,396
110,369
108,465
46,1430
116,327
105,360
101,454
53,1096
82,638
111,357
97,285
110,475
108,661
46,1482
116,256
105,1102
101,319
53,639
82,434
111,489
97,320
110,1075
108,497
46,470
116,239
105,261
101,664
53,793
82,358
111,290
97,268
110,318
108,402
46,1227
116,290
105,612
101,347
53,1097
82,431
111,240
97,248
110,308
108,351
46,1370
116,262
105,537
101,340
53,672
82,323
111,341
97,282
110,341
108,374
46,743
116,235
105,466
101,328
53,720
82,327
111,204
97,221
110,305
108,380
46,1413
116,223
105,342
101,355
53,558
82,286
111,245
97,235
110,381
108,386
46,569
116,246
105,206
101,568
53,640
82,310
111,197
97,232
110,328
108,360
46,821
116,255
105,732
101,418
53,608
82,327
111,212
97,272
110,292
108,324
46,562
116,328
105,1077
101,382
53,648
82,491
111,286
97,244
110,353
108,451
46,655
116,210
105,312
101,418
53,594
82,280
111,232
97,148
110,474
108,380
46,444
116,280
105,327
101,404
53,718
82,401
111,252
97,386
110,687
108,478
46,1015
116,280
105,1513
101,350
53,1006
82,374
111,459
97,444
110,371
108,313
46,720
116,377
105,478
101,411
53,895
82,2231
111,361
97,323
110,285
108,334
46,1258
116,287
105,341
101,847
53,877
82,412
111,309
97,256
110,376
108,325
46,480
116,305
105,404
101,1117
53,595
82,451
111,354
97,264
110,329
108,325
46,604
116,277
105,838
101,535
53,743
82,326
111,216
97,220
110,335
108,475
46,587
116,307
105,282
101,719
53,772
82,343
111,255
97,228
110,322
108,328
46,906
116,263
105,263
101,371
53,588
82,316
111,266
97,288
110,302
108,308
46,493
116,292
105,262
101,386
53,1081
82,251
111,199
97,308
110,243
108,355
46,445
116,234
105,264
101,373
53,618
82,288
111,237
97,263
110,278
108,440
46,694
116,281
105,209
101,1287
53,628
82,901
111,698
97,317
110,401
108,418
46,626
116,287
105,271
101,341
53,656
82,346
111,255
97,255
110,296
108,311
46,572
116,254
105,264
101,323
53,696
82,372
111,281
97,209
110,305
108,341
46,735
116,254
105,210
101,412
53,631
82,268
111,240
97,225
110,830
108,326
46,531
116,321
105,293
101,370
53,925
82,323
111,229
97,249
110,710
108,413
46,521
116,353
105,369
101,657
53,650
82,286
111,305
97,700
110,1267
108,391
46,474
116,315
105,307
101,658
53,1169
82,342
111,239
97,226
110,582
108,419
46,734
116,366
105,341
101,437
53,816
82,267
111,197
97,320
110,1002
108,646
46,406
116,240
105,350
101,383
53,710
82,1052
111,351
97,1086
110,300
108,371
46,459
116,280
105,396
101,523
53,966
82,308
111,521
97,427
110,635
108,387
46,1796
116,292
105,259
101,382
53,822
82,358
111,257
97,249
110,1216
108,371
46,861
116,229
105,778
101,389
53,634
82,884
111,476
97,270
110,512
108,319
46,515
116,209
105,282
101,443
53,995
82,320
111,383
97,1001
110,304
108,393
46,592
116,1453
105,382
101,472
53,1097
82,632
111,261
97,356
110,607
108,443
46,618
116,299
105,354
101,422
53,934
82,644
111,314
97,1186
110,361
108,323
46,470
116,191
105,283
101,420
53,1043
82,248
111,256
97,245
110,319
108,454
46,1656
116,226
105,262
101,328
53,645
82,274
111,353
97,305
110,693
108,305
46,2763
116,205
105,476
101,294
53,1200
82,216
111,225
97,187
110,269
108,470
46,1931
116,412
105,346
101,319
53,668
82,380
111,297
97,181
110,279
108,284
46,540
116,1452
105,436
101,398
53,1023
82,328
111,247
97,210
110,293
108,346
46,520
116,228
105,299
101,385
53,1080
82,356
111,355
97,403
110,577
108,509
46,433
116,366
105,290
101,399
53,739
82,473
111,406
97,321
110,456
108,542
46,756
116,338
105,691
101,336
53,660
82,377
111,283
97,273
110,653
108,543
46,433
116,284
105,279
101,406
53,599
82,371
111,286
97,309
110,323
108,498
46,444
116,280
105,245
101,393
53,1294
82,360
111,254
97,340
110,348
108,432
46,592
116,355
105,303
101,371
53,1101
82,367
111,244
97,286
110,381
108,337
46,564
116,324
105,870
101,428
53,718
82,396
111,235
97,276
110,331
108,399
46,512
116,300
105,742
101,373
53,630
82,408
111,307
97,325
110,378
108,417
46,960
116,395
105,680
101,375
53,632
82,338
111,259
97,255
110,608
108,392
46,567
116,345
105,891
101,329
53,588
82,357
111,295
97,256
110,388
108,392
46,470
116,366
105,1454
101,755
53,957
82,352
111,445
97,148
110,417
108,486
46,475
116,332
105,281
101,438
53,633
82,391
111,345
97,273
110,385
108,362
46,639
116,335
105,380
101,421
53,667
82,388
111,335
97,237
110,427
108,302
46,514
116,282
105,267
101,387
53,851
82,357
111,322
97,286
110,386
108,388
46,451
116,298
105,289
101,435
53,716
82,408
111,365
97,284
110,449
108,440
46,574
116,366
105,310
101,458
53,636
82,397
111,267
97,291
110,356
108,425
46,463
116,232
105,244
101,453
53,758
82,383
111,357
97,327
110,371
108,435
46,483
116,337
105,307
101,417
53,623
82,420
111,331
97,359
110,366
108,385
46,511
116,323
105,1279
101,461
53,805
82,393
111,415
97,328
110,333
108,376
46,429
116,264
105,290
101,970
53,627
82,295
111,300
97,341
110,420
108,402
46,465
116,315
105,315
101,336
53,631
82,335
111,289
97,323
110,384
108,397
46,453
116,357
105,280
101,346
53,655
82,354
111,265
97,314
110,324
108,355
46,408
116,314
105,300
101,418
53,645
82,355
111,262
97,308
110,307
108,376
46,484
116,334
105,321
101,437
53,579
82,387
111,355
97,348
110,452
108,372
46,580
116,351
105,876
101,349
53,656
82,384
111,276
97,253
110,355
108,985
46,678
116,346
105,304
101,363
53,625
82,354
111,322
97,323
110,395
108,408
46,1262
116,286
105,285
101,351
53,729
82,334
111,277
97,307
110,359
108,395
46,491
116,289
105,333
101,578
53,1313
82,411
111,205
97,317
110,344
108,365
46,511
116,324
105,283
101,1418
53,960
82,383
111,243
97,258
110,725
108,387
46,412
116,498
105,433
101,383
53,657
82,455
111,492
97,421
110,511
108,470
46,466
116,388
105,685
101,388
53,674
82,548
111,461
97,518
110,752
108,468
46,465
116,368
105,806
101,374
53,686
82,425
111,322
97,394
110,443
108,388
46,791
116,312
105,872
101,364
53,637
82,375
111,331
97,376
110,703
108,428
46,528
116,317
105,1029
101,401
53,994
82,325
111,252
97,253
110,371
108,370
46,484
116,327
105,294
101,331
53,718
82,386
111,255
97,307
110,412
108,332
46,503
116,302
105,322
101,360
53,542
82,360
111,1020
97,309
110,360
108,433
46,623
116,694
105,345
101,281
53,552
82,313
111,257
97,256
110,415
108,444
46,613
116,328
105,313
101,354
53,576
82,436
111,300
97,398
110,391
108,381
46,420
116,320
105,325
101,351
53,584
82,407
111,251
97,354
110,983
108,395
46,459
116,316
105,312
101,341
53,594
82,361
111,978
97,374
110,366
108,366
46,451
116,322
105,321
101,333
53,641
82,355
111,349
97,294
110,391
108,376
46,580
116,261
105,316
101,331
53,584
82,325
111,984
97,366
110,387
108,427
46,492
116,314
105,323
101,310
53,581
82,358
111,296
97,309
110,318
108,388
46,439
116,314
105,328
101,331
53,716
82,310
111,249
97,281
110,387
108,346
46,546
116,288
105,350
101,420
53,680
82,338
111,283
97,274
110,311
108,374
46,720
116,284
105,692
101,298
53,682
82,315
111,260
97,307
110,353
108,438
46,576
116,295
105,323
101,341
53,576
82,328
111,253
97,279
110,341
108,542
46,507
116,293
105,801
101,279
53,573
82,417
111,340
97,289
110,319
108,401
46,655
116,271
105,405
101,370
53,539
82,369
111,310
97,249
110,359
108,340
46,504
116,314
105,785
101,282
53,584
82,284
111,290
97,261
110,294
108,428
46,460
116,267
105,268
101,437
53,653
82,392
111,461
97,350
110,457
108,454
46,465
116,285
105,259
101,350
53,631
82,336
111,255
97,218
110,290
108,440
46,374
116,256
105,200
101,515
53,778
82,347
111,236
97,363
110,1524
108,870
46,400
116,254
105,194
101,371
53,589
82,330
111,336
97,327
110,417
108,363
46,464
116,322
105,292
101,373
53,954
82,391
111,271
97,308
110,461
108,395
46,454
116,288
105,652
101,382
53,681
82,312
111,207
97,277
110,386
108,365
46,453
116,271
105,624
101,342
53,699
82,321
111,514
97,423
110,495
108,415
46,494
116,298
105,413
101,390
53,697
82,380
111,337
97,311
110,441
108,397
46,417
116,345
105,286
101,320
53,584
82,352
111,264
97,337
110,323
108,433
46,522
116,316
105,329
101,352
53,517
82,332
111,307
97,345
110,373
108,382
46,523
116,324
105,634
101,427
53,693
82,394
111,382
97,339
110,409
108,404
46,433
116,305
105,299
101,351
53,602
82,320
111,290
97,425
110,368
108,387
46,979
116,311
105,298
101,329
53,578
82,311
111,275
97,284
110,331
108,449
46,929
116,328
105,676
101,253
53,541
82,263
111,255
97,295
110,302
108,437
46,461
116,275
105,259
101,386
53,565
82,261
111,287
97,268
110,322
108,461
46,458
116,301
105,263
101,384
53,573
82,249
111,263
97,321
110,317
108,432
46,644
116,272
105,281
101,339
53,470
82,250
111,218
97,249
110,334
108,419
46,481
116,293
105,276
101,340
53,597
82,246
111,328
97,234
110,350
108,347
46,524
116,336
105,267
101,346
53,496
82,278
111,237
97,228
110,296
108,385
46,481
116,262
105,266
101,318
53,515
82,251
111,220
97,223
110,279
108,325
46,395
116,209
105,249
101,333
53,513
82,211
111,245
97,181
110,292
108,341
46,396
116,268
105,218
101,322
53,512
82,240
111,204
97,228
110,286
108,329
46,393
116,222
105,198
101,270
53,567
82,208
111,208
97,216
110,301
108,334
46,747
116,221
105,226
101,283
53,532
82,248
111,300
97,264
110,959
108,395
46,395
116,240
105,165
101,302
53,510
82,236
111,218
97,235
110,289
108,373
46,412
116,205
105,232
101,314
53,534
82,208
111,190
97,227
110,288
108,341
46,396
116,196
105,198
101,308
53,489
82,204
111,200
97,215
110,257
108,329
46,380
116,233
105,471
101,303
53,517
82,210
111,212
97,247
110,290
108,333
46,328
116,248
105,651
101,305
53,526
82,220
111,312
97,26
110,328
108,371
46,439
116,257
105,285
101,350
53,539
82,300
111,287
97,361
110,306
108,363
46,405
116,215
105,249
101,410
53,549
82,253
111,249
97,293
110,272
108,327
46,368
116,215
105,214
101,293
53,556
82,262
111,968
97,245
110,369
108,406
46,568
116,277
105,253
101,303
53,579
82,265
111,228
97,273
110,375
108,342
46,447
116,232
105,224
101,306
53,559
82,293
111,204
97,239
110,309
108,329
46,647
116,215
105,625
101,325
53,560
82,294
111,192
97,241
110,391
108,399
46,436
116,298
105,247
101,293
53,579
82,285
111,248
97,299
110,331
108,310
46,548
116,235
105,680
101,504
53,1025
82,455
111,260
97,208
110,302
108,341
46,700
116,271
105,285
101,635
53,615
82,505
111,334
97,184
110,300
108,351
46,485
116,320
105,270
101,311
53,626
82,302
111,207
97,247
110,399
108,387
46,775
116,267
105,395
101,343
53,584
82,323
111,438
97,399
110,368
108,348
46,429
116,257
105,280
101,385
53,614
82,362
111,292
97,284
110,785
108,413
46,438
116,331
105,300
101,291
53,528
82,295
111,227
97,268
110,189
108,331
46,469
116,229
105,208
101,262
53,543
82,202
111,216
97,213
110,287
108,390
46,1130
116,213
105,324
101,293
53,551
82,229
111,216
97,213
110,265
108,309
46,1387
116,258
105,308
101,320
53,552
82,300
111,269
97,234
110,495
108,449
46,560
116,277
105,295
101,350
53,645
82,292
111,241
97,238
110,410
108,508
46,620
116,273
105,299
101,344
53,623
82,316
111,305
97,265
110,323
108,377
46,626
116,253
105,273
101,1058
53,698
82,293
111,260
97,230
110,346
108,434
46,501
116,248
105,399
101,379
53,627
82,287
111,253
97,240
110,352
108,368
46,531
116,237
105,405
101,329
53,564
82,292
111,276
97,44
110,288
108,682
46,491
116,297
105,384
101,366
53,771
82,302
111,189
97,257
110,294
108,960
46,433
116,318
105,266
101,345
53,551
82,298
111,245
97,279
110,302
108,1040
46,532
116,335
105,295
101,472
53,640
82,388
111,345
97,318
110,335
108,424
46,514
116,355
105,299
101,353
53,558
82,363
111,257
97,331
110,361
108,377
46,507
116,321
105,245
101,356
53,555
82,338
111,275
97,262
110,343
108,386
46,422
116,338
105,293
101,361
53,552
82,316
111,258
97,302
110,321
108,405
46,441
116,326
105,210
101,295
53,514
82,298
111,212
97,263
110,269
108,343
46,367
116,229
105,204
101,336
53,730
82,287
111,202
97,246
110,311
108,390
46,404
116,279
105,249
101,322
53,566
82,259
111,204
97,253
110,265
108,416
46,363
116,344
105,232
101,295
53,650
82,421
111,259
97,229
110,246
108,359
46,453
116,260
105,228
101,291
53,532
82,223
111,221
97,247
110,277
108,342
46,371
116,293
105,228
101,286
53,777
82,224
111,210
97,224
110,243
108,330
46,362
116,248
105,322
101,329
53,565
82,271
111,256
97,227
110,352
108,404
46,376
116,285
105,233
101,337
53,524
82,286
111,260
97,239
110,329
108,395
46,469
116,285
105,203
101,286
53,485
82,252
111,228
97,207
110,311
108,475
46,336
116,270
105,242
101,332
53,496
82,251
111,180
97,272
110,324
108,350
46,394
116,240
105,128
101,274
53,485
82,224
111,191
97,242
110,297
108,433
46,385
116,228
105,188
101,289
53,601
82,283
111,159
97,240
110,237
108,316
46,299
116,236
105,197
101,284
53,469
82,233
111,249
97,269
110,322
108,439
46,304
116,290
105,465
101,284
53,739
82,235
111,208
97,214
110,260
108,312
46,389
116,254
105,216
101,734
53,529
82,224
111,276
97,243
110,354
108,320
46,561
116,249
105,230
101,278
53,521
82,206
111,225
97,231
110,244
108,318
46,401
116,229
105,229
101,393
53,559
82,327
111,330
97,233
110,252
108,364
46,493
116,236
105,236
101,322
53,558
82,261
111,470
97,265
110,282
108,474
46,435
116,272
105,249
101,267
53,534
82,266
111,264
97,206
110,287
108,317
46,382
116,262
105,242
101,282
53,545
82,288
111,377
97,294
110,286
108,680
46,476
116,235
105,220
101,340
53,1129
82,343
111,204
97,218
110,296
108,437
46,407
116,266
105,274
101,289
53,514
82,272
111,290
97,262
110,372
108,423
46,471
116,317
105,325
101,296
53,684
82,292
111,291
97,264
110,315
108,415
46,519
116,310
105,290
101,291
53,551
82,282
111,241
97,250
110,321
108,376
46,433
116,276
105,286
101,763
53,517
82,264
111,209
97,208
110,276
108,380
46,402
116,233
105,313
101,300
53,1028
82,346
111,262
97,245
110,277
108,333
46,487
116,247
105,274
101,328
53,537
82,328
111,289
97,240
110,299
108,321
46,388
116,227
105,229
101,634
53,814
82,224
111,220
97,256
110,343
108,393
46,891
116,216
105,253
101,282
53,550
82,288
111,253
97,224
110,333
108,882
46,650
116,247
105,926
101,292
53,589
82,278
111,250
97,234
110,337
108,706
46,525
116,241
105,255
101,260
53,552
82,237
111,249
97,212
110,273
108,352
46,433
116,243
105,266
101,262
53,549
82,223
111,190
97,239
110,282
108,360
46,566
116,239
105,259
101,284
53,529
82,244
111,240
97,197
110,301
108,376
46,401
116,245
105,236
101,242
53,524
82,232
111,228
97,193
110,320
108,341
46,437
116,202
105,252
101,262
53,488
82,228
111,241
97,204
110,298
108,312
46,574
116,231
105,149
101,432
53,561
82,240
111,254
97,221
110,312
108,378
46,411
116,237
105,305
101,359
53,574
82,251
111,263
97,182
110,301
108,349
46,391
116,193
105,240
101,1038
53,683
82,211
111,229
97,190
110,275
108,373
46,417
116,271
105,268
101,366
53,572
82,264
111,241
97,232
110,309
108,370
46,753
116,221
105,271
101,281
53,1394
82,205
111,206
97,207
110,234
108,330
46,442
116,252
105,971
101,365
53,512
82,211
111,460
97,251
110,281
108,596
46,457
116,195
105,249
101,371
53,530
82,200
111,194
97,209
110,282
108,604
46,467
116,220
105,244
101,345
53,554
82,259
111,260
97,163
110,315
108,399
46,534
116,210
105,233
101,423
53,608
82,219
111,236
97,195
110,250
108,338
46,588
116,260
105,230
101,353
53,626
82,367
111,285
97,394
110,434
108,433
46,438
116,294
105,291
101,391
53,561
82,411
111,376
97,326
110,358
108,439
46,412
116,357
105,350
101,351
53,594
82,352
111,362
97,312
110,366
108,428
46,437
116,321
105,278
101,410
53,738
82,338
111,311
97,286
110,293
108,791
46,486
116,357
105,322
101,385
53,566
82,371
111,324
97,253
110,291
108,386
46,451
116,380
105,277
101,358
53,545
82,331
111,361
97,388
110,328
108,367
46,503
116,302
105,284
101,655
53,695
82,365
111,302
97,237
110,320
108,457
46,418
116,351
105,244
101,357
53,572
82,299
111,296
97,248
110,295
108,400
46,438
116,327
105,296
101,295
53,565
82,327
111,201
97,273
110,332
108,411
46,388
116,321
105,288
101,374
53,1184
82,284
111,265
97,605
110,455
108,347
46,358
116,379
105,317
101,326
53,516
82,258
111,335
97,225
110,320
108,400
46,530
116,288
105,237
101,317
53,571
82,261
111,233
97,313
110,327
108,352
46,393
116,275
105,240
101,364
53,511
82,276
111,237
97,219
110,279
108,415
46,430
116,283
105,256
101,267
53,542
82,274
111,215
97,225
110,280
108,958
46,730
116,244
105,220
101,284
53,607
82,216
111,242
97,230
110,322
108,365
46,329
116,373
105,727
101,549
53,518
82,254
111,545
97,206
110,321
108,393
46,570
116,299
105,271
101,303
53,550
82,299
111,241
97,257
110,279
108,439
46,383
116,271
105,244
101,300
53,516
82,267
111,246
97,210
110,252
108,412
46,376
116,252
105,258
101,292
53,453
82,238
111,297
97,158
110,287
108,353
46,480
116,314
105,260
101,259
53,555
82,196
111,211
97,216
110,285
108,374
46,344
116,307
105,214
101,264
53,507
82,230
111,256
97,240
110,287
108,363
46,683
116,222
105,241
101,275
53,502
82,293
111,193
97,238
110,281
108,383
46,647
116,221
105,255
101,267
53,483
82,228
111,244
97,291
110,320
108,343
46,746
116,217
105,236
101,267
53,527
82,437
111,276
97,207
110,267
108,338
46,384
116,274
105,225
101,271
53,738
82,435
111,277
97,224
110,249
108,336
46,1108
116,240
105,279
101,274
53,526
82,272
111,238
97,211
110,269
108,429
46,631
116,246
105,250
101,294
53,508
82,281
111,202
97,247
110,294
108,375
46,421
116,248
105,211
101,286
53,1514
82,262
111,235
97,242
110,333
108,687
46,415
116,274
105,240
101,283
53,582
82,214
111,189
97,251
110,256
108,520
46,421
116,258
105,241
101,213
53,493
82,240
111,257
97,240
110,277
108,354
46,382
116,251
105,234
101,238
53,489
82,238
111,240
97,156
110,304
108,581
46,354
116,240
105,219
101,255
53,538
82,270
111,251
97,221
110,281
108,457
46,478
116,242
105,234
101,243
53,619
82,339
111,227
97,195
110,274
108,317
46,390
116,252
105,234
101,258
53,638
82,253
111,208
97,196
110,310
108,404
46,423
116,195
105,205
101,279
53,530
82,213
111,194
97,204
110,271
108,362
46,385
116,224
105,236
101,239
53,489
82,194
111,245
97,202
110,267
108,322
46,344
116,213
105,217
101,233
53,440
82,212
111,181
97,186
110,285
108,637
46,380
116,239
105,227
101,298
53,510
82,242
111,233
97,201
110,274
108,350
46,415
116,227
105,219
101,263
53,550
82,437
111,233
97,187
110,294
108,289
46,844
116,228
105,211
101,996
53,686
82,212
111,207
97,185
110,247
108,316
46,451
116,236
105,179
101,240
53,473
82,243
111,259
97,198
110,279
108,290
46,391
116,255
105,247
101,166
53,483
82,219
111,283
97,227
110,267
108,328
46,471
116,245
105,218
101,262
53,836
82,188
111,207
97,175
110,263
108,306
46,345
116,214
105,218
101,270
53,499
82,247
111,197
97,207
110,275
108,345
46,587
116,236
105,203
101,276
53,504
82,260
111,227
97,187
110,316
108,367
46,388
116,211
105,229
101,231
53,563
82,291
111,247
97,239
110,286
108,382
46,617
116,211
105,223
101,249
53,613
82,199
111,228
97,154
110,298
108,335
46,430
116,201
105,214
101,255
53,509
82,237
111,159
97,204
110,260
108,317
46,597
116,182
105,182
101,267
53,1579
82,217
111,121
97,196
110,252
108,328
46,406
116,202
105,203
101,297
53,521
82,236
111,144
97,323
110,807
108,289
46,366
116,224
105,349
101,297
53,504
82,244
111,199
97,227
110,252
108,371
46,381
116,253
105,260
101,338
53,482
82,228
111,204
97,214
110,291
108,376
46,356
116,237
105,262
101,378
53,466
82,212
111,161
97,238
110,221
108,1362
46,341
116,267
105,229
101,297
53,505
82,267
111,272
97,269
110,306
108,383
46,385
116,257
105,211
101,294
53,485
82,290
111,488
97,228
110,332
108,1034
46,432
116,248
105,208
101,281
53,506
82,269
111,246
97,243
110,278
108,346
46,325
116,258
105,239
101,286
53,495
82,275
111,223
97,214
110,276
108,350
46,372
116,226
105,188
101,314
53,463
82,259
111,211
97,167
110,297
108,354
46,438
116,240
105,200
101,297
53,464
82,236
111,173
97,229
110,250
108,333
46,590
116,209
105,241
101,316
53,734
82,230
111,213
97,223
110,246
108,362
46,297
116,215
105,205
101,299
53,460
82,225
111,238
97,226
110,302
108,444
46,316
116,257
105,247
101,293
53,505
82,264
111,261
97,150
110,319
108,328
46,347
116,273
105,182
101,271
53,445
82,293
111,194
97,263
110,316
108,702
46,1296
116,233
105,210
101,244
53,439
82,229
111,196
97,197
110,279
108,330
46,371
116,231
105,192
101,253
53,438
82,270
111,218
97,232
110,265
108,338
46,305
116,218
105,163
101,268
53,439
82,448
111,389
97,196
110,276
108,316
46,376
116,221
105,244
101,256
53,1073
82,213
111,192
97,186
110,261
108,328
46,313
116,221
105,200
101,258
53,431
82,239
111,255
97,224
110,235
108,319
46,363
116,227
105,163
101,274
53,468
82,199
111,219
97,205
110,250
108,340
46,338
116,224
105,177
101,231
53,430
82,201
111,211
97,207
110,208
108,310
46,371
116,225
105,151
101,255
53,436
82,220
111,225
97,175
110,332
108,353
46,415
116,196
105,172
101,249
53,435
82,230
111,269
97,303
110,293
108,316
46,1146
116,167
105,850
101,787
53,560
82,174
111,238
97,217
110,254
108,301
46,381
116,215
105,189
101,260
53,561
82,250
111,199
97,215
110,271
108,383
46,462
116,189
105,199
101,274
53,423
82,215
111,201
97,208
110,263
108,341
46,384
116,203
105,191
101,257
53,504
82,204
111,185
97,231
110,224
108,303
46,352
116,226
105,193
101,277
53,477
82,223
111,194
97,212
110,252
108,347
46,774
116,249
105,564
101,454
53,1013
82,289
111,179
97,202
110,234
108,317
46,392
116,247
105,179
101,244
53,485
82,278
111,260
97,221
110,255
108,378
46,397
116,216
105,185
101,258
53,480
82,198
111,235
97,205
110,251
108,599
46,373
116,216
105,172
101,265
53,442
82,221
111,236
97,219
110,269
108,337
46,410
116,197
105,432
101,286
53,807
82,223
111,203
97,160
110,250
108,284
46,405
116,229
105,220
101,249
53,443
82,274
111,354
97,194
110,274
108,307
46,485
116,191
105,249
101,279
53,542
82,195
111,176
97,188
110,234
108,309
46,282
116,173
105,160
101,252
53,425
82,227
111,176
97,210
110,262
108,335
46,409
116,196
105,199
101,243
53,469
82,206
111,225
97,204
110,310
108,440
46,387
116,168
105,207
101,272
53,492
82,199
111,210
97,208
110,268
108,317
46,408
116,175
105,215
101,272
53,445
82,232
111,229
97,201
110,253
108,313
46,492
116,184
105,362
101,288
53,499
82,200
111,234
97,220
110,295
108,323
46,350
116,173
105,210
101,285
53,431
82,189
111,520
97,214
110,297
108,241
46,391
116,166
105,176
101,266
53,457
82,200
111,211
97,201
110,280
108,315
46,406
116,206
105,182
101,266
53,443
82,177
111,249
97,172
110,261
108,320
46,326
116,242
105,215
101,270
53,485
82,173
111,206
97,170
110,262
108,327
46,900
116,162
105,278
101,220
53,411
82,186
111,195
97,186
110,219
108,384
46,441
116,164
105,220
101,257
53,381
82,194
111,231
97,193
110,247
108,302
46,397
116,178
105,175
101,228
53,427
82,211
111,210
97,189
110,234
108,336
46,535
116,217
105,204
101,255
53,508
82,222
111,165
97,196
110,247
108,306
46,402
116,215
105,169
101,241
53,445
82,204
111,184
97,214
110,240
108,303
46,543
116,173
105,203
101,263
53,438
82,194
111,184
97,208
110,240
108,291
46,344
116,157
105,198
101,235
53,491
82,197
111,181
97,153
110,253
108,309
46,371
116,289
105,255
101,337
53,553
82,328
111,245
97,260
110,283
108,375
46,480
116,299
105,261
101,328
53,578
82,299
111,389
97,307
110,325
108,430
46,287
116,269
105,243
101,302
53,528
82,329
111,297
97,180
110,324
108,450
46,362
116,342
105,273
101,363
53,551
82,337
111,288
97,301
110,345
108,477
46,382
116,303
105,275
101,305
53,539
82,230
111,220
97,236
110,284
108,391
46,461
116,266
105,283
101,316
53,562
82,378
111,327
97,247
110,310
108,456
46,454
116,304
105,306
101,331
53,529
82,271
111,228
97,261
110,271
108,447
46,442
116,294
105,266
101,320
53,598
82,301
111,473
97,601
110,321
108,413
46,371
116,266
105,245
101,295
53,615
82,351
111,249
97,297
110,324
108,473
46,411
116,343
105,304
101,335
53,788
82,357
111,222
97,277
110,281
108,398
46,374
116,263
105,243
101,357
53,613
82,369
111,245
97,342
110,357
108,541
46,374
116,330
105,283
101,341
53,575
82,284
111,253
97,292
110,329
108,404
46,383
116,290
105,253
101,502
53,655
82,322
111,250
97,438
110,504
108,433
46,369
116,294
105,257
101,306
53,681
82,357
111,631
97,299
110,358
108,442
46,490
116,240
105,264
101,303
53,583
82,285
111,220
97,310
110,323
108,820
46,492
116,281
105,299
101,374
53,733
82,292
111,279
97,237
110,316
108,382
46,441
116,253
105,280
101,405
53,730
82,291
111,201
97,270
110,281
108,398
46,390
116,245
105,266
101,340
53,618
82,288
111,237
97,345
110,345
108,441
46,349
116,300
105,279
101,329
53,552
82,287
111,238
97,257
110,318
108,426
46,403
116,283
105,266
101,298
53,582
82,286
111,247
97,427
110,471
108,519
46,415
116,309
105,317
101,307
53,604
82,334
111,273
97,255
110,338
108,499
46,331
116,269
105,281
101,333
53,558
82,265
111,237
97,254
110,337
108,454
46,410
116,284
105,269
101,569
53,575
82,261
111,264
97,289
110,321
108,421
46,442
116,277
105,267
101,311
53,586
82,286
111,236
97,277
110,343
108,496
46,394
116,289
105,255
101,297
53,575
82,239
111,254
97,322
110,321
108,436
46,426
116,242
105,251
101,294
53,566
82,241
111,245
97,233
110,320
108,475
46,418
116,268
105,242
101,283
53,519
82,238
111,204
97,235
110,310
108,396
46,424
116,234
105,208
101,269
53,519
82,254
111,305
97,250
110,294
108,375
46,426
116,249
105,249
101,264
53,745
82,304
111,245
97,244
110,563
108,390
46,370
116,254
105,226
101,298
53,518
82,271
111,260
97,267
110,324
108,406
46,429
116,299
105,247
101,310
53,727
82,233
111,235
97,271
110,300
108,319
46,390
116,260
105,208
101,290
53,492
82,255
111,295
97,315
110,328
108,397
46,402
116,240
105,241
101,263
53,524
82,273
111,217
97,244
110,286
108,408
46,424
116,237
105,205
101,296
53,587
82,213
111,236
97,262
110,340
108,390
46,383
116,234
105,228
101,273
53,505
82,216
111,271
97,269
110,289
108,396
46,427
116,193
105,215
101,557
53,574
82,288
111,278
97,252
110,316
108,462
46,408
116,243
105,212
101,280
53,505
82,222
111,251
97,261
110,287
108,368
46,400
116,247
105,291
101,301
53,550
82,246
111,230
97,252
110,285
108,373
46,369
116,246
105,249
101,290
53,643
82,386
111,246
97,282
110,337
108,350
46,370
116,257
105,265
101,349
53,557
82,273
111,219
97,248
110,287
108,413
46,416
116,250
105,234
101,239
53,489
82,240
111,197
97,279
110,813
108,618
46,345
116,249
105,181
101,269
53,534
82,217
111,223
97,259
110,302
108,971
46,412
116,216
105,222
101,255
53,663
82,255
111,216
97,276
110,317
108,438
46,450
116,248
105,224
101,279
53,541
82,290
111,234
97,224
110,370
108,343
46,409
116,236
105,232
101,271
53,608
82,301
111,231
97,247
110,292
108,395
46,432
116,228
105,213
101,262
53,617
82,274
111,228
97,227
110,279
108,383
46,411
116,229
105,228
101,253
53,570
82,252
111,232
97,256
110,284
108,323
46,998
116,205
105,285
101,346
53,558
82,283
111,240
97,259
110,410
108,411
46,404
116,303
105,315
101,310
53,540
82,257
111,246
97,251
110,297
108,399
46,450
116,270
105,252
101,301
53,509
82,279
111,226
97,258
110,308
108,395
46,308
116,174
105,274
101,409
53,856
82,266
111,236
97,238
110,295
108,358
46,419
116,208
105,214
101,284
53,506
82,318
111,238
97,243
110,323
108,456
46,226
116,293
105,676
101,260
53,513
82,291
111,217
97,217
110,309
108,379
46,419
116,257
105,222
101,280
53,480
82,277
111,282
97,206
110,310
108,410
46,1150
116,202
105,225
101,302
53,541
82,246
111,219
97,206
110,301
108,392
46,375
116,270
105,210
101,328
53,479
82,285
111,214
97,220
110,247
108,330
46,353
116,222
105,236
101,307
53,533
82,334
111,272
97,291
110,816
108,489
46,381
116,259
105,216
101,298
53,450
82,260
111,285
97,232
110,317
108,877
46,463
116,647
105,258
101,511
53,694
82,297
111,222
97,183
110,283
108,364
46,415
116,194
105,316
101,346
53,927
82,222
111,258
97,211
110,307
108,626
46,389
116,226
105,215
101,322
53,550
82,211
111,172
97,222
110,288
108,360
46,392
116,255
105,217
101,232
53,472
82,261
111,169
97,218
110,495
108,745
46,457
116,276
105,231
101,271
53,539
82,232
111,217
97,237
110,279
108,363
46,461
116,216
105,235
101,327
53,444
82,226
111,221
97,222
110,278
108,359
46,393
116,190
105,206
101,311
53,464
82,231
111,201
97,219
110,332
108,358
46,610
116,185
105,210
101,312
53,454
82,209
111,201
97,214
110,253
108,377
46,462
116,199
105,208
101,299
53,447
82,246
111,243
97,256
110,340
108,470
46,270
116,262
105,221
101,279
53,458
82,256
111,207
97,218
110,281
108,357
46,372
116,194
105,212
101,262
53,569
82,339
111,204
97,262
110,251
108,364
46,395
116,280
105,300
101,287
53,539
82,364
111,223
97,250
110,273
108,385
46,361
116,369
105,244
101,321
53,1807
82,276
111,229
97,275
110,293
108,398
46,419
116,311
105,236
101,329
53,543
82,274
111,244
97,239
110,315
108,377
46,461
116,256
105,246
101,335
53,525
82,440
111,237
97,251
110,268
108,396
46,408
116,224
105,203
101,285
53,474
82,269
111,186
97,260
110,276
108,382
46,468
116,195
105,246
101,314
53,558
82,279
111,231
97,262
110,252
108,414
46,433
116,256
105,242
101,321
53,502
82,293
111,180
97,239
110,274
108,363
46,395
116,237
105,218
101,318
53,571
82,283
111,279
97,234
110,290
108,328
46,457
116,296
105,214
101,336
53,603
82,299
111,273
97,285
110,322
108,404
46,351
116,283
105,227
101,289
53,586
82,294
111,218
97,251
110,355
108,448
46,442
116,275
105,207
101,273
53,518
82,271
111,228
97,245
110,314
108,880
46,378
116,252
105,212
101,246
53,530
82,335
111,199
97,229
110,279
108,350
46,431
116,256
105,223
101,271
53,521
82,264
111,199
97,264
110,265
108,408
46,409
116,225
105,189
101,290
53,671
82,336
111,295
97,364
110,336
108,361
46,377
116,250
105,203
101,280
53,505
82,259
111,210
97,202
110,274
108,339
46,348
116,228
105,211
101,298
53,508
82,258
111,222
97,212
110,260
108,364
46,360
116,245
105,210
101,475
53,526
82,223
111,192
97,223
110,253
108,305
46,297
116,214
105,235
101,258
53,495
82,311
111,232
97,272
110,310
108,400
46,491
116,295
105,236
101,284
53,859
82,321
111,218
97,246
110,273
108,391
46,403
116,269
105,231
101,282
53,1249
82,230
111,205
97,239
110,275
108,317
46,348
116,272
105,246
101,276
53,521
82,339
111,224
97,297
110,337
108,387
46,445
116,278
105,221
101,304
53,603
82,269
111,193
97,217
110,284
108,358
46,540
116,210
105,231
101,269
53,768
82,235
111,251
97,232
110,286
108,345
46,426
116,226
105,226
101,275
53,528
82,291
111,247
97,268
110,313
108,379
46,460
116,219
105,230
101,259
53,528
82,225
111,168
97,228
110,233
108,332
46,428
116,1036
105,712
101,270
53,436
82,332
111,340
97,277
110,285
108,361
46,412
116,252
105,251
101,284
53,519
82,283
111,224
97,224
110,276
108,323
46,324
116,257
105,219
101,246
53,507
82,236
111,217
97,182
110,270
108,334
46,462
116,251
105,199
101,288
53,548
82,222
111,206
97,212
110,267
108,343
46,626
116,220
105,214
101,249
53,472
82,424
111,234
97,241
110,245
108,327
46,491
116,207
105,216
101,338
53,603
82,221
111,185
97,225
110,234
108,322
