814,47
718,17
297,34
1492,14
854,23
796,56
245,15
905,31
2559,0
5402,45
113,36
1024,47
303,17
174,34
1202,14
810,23
942,56
298,15
759,31
570,0
1227,45
103,36
637,47
776,17
218,34
866,14
729,23
841,56
259,15
247,31
766,0
739,45
116,36
409,47
280,17
184,34
917,14
2262,23
871,56
248,15
267,31
647,0
576,45
84,36
892,47
258,17
158,34
1288,14
560,23
931,56
419,15
365,31
638,0
353,45
96,36
986,47
275,17
219,34
1175,14
510,23
619,56
214,15
232,31
631,0
1507,45
84,36
498,47
634,17
188,34
1071,14
603,23
718,56
223,15
232,31
568,0
390,45
111,36
514,47
299,17
186,34
1094,14
505,23
513,56
222,15
211,31
851,0
442,45
90,36
458,47
312,17
177,34
1064,14
672,23
960,56
223,15
264,31
575,0
544,45
130,36
496,47
760,17
253,34
991,14
1193,23
852,56
258,15
242,31
612,0
459,45
81,36
364,47
1125,17
284,34
910,14
814,23
696,56
224,15
258,31
668,0
934,45
98,36
888,47
323,17
152,34
1438,14
912,23
524,56
199,15
210,31
567,0
349,45
69,36
418,47
585,17
214,34
963,14
877,23
593,56
220,15
672,31
637,0
356,45
85,36
403,47
256,17
144,34
1038,14
675,23
583,56
184,15
214,31
505,0
316,45
56,36
299,47
673,17
151,34
1009,14
517,23
510,56
192,15
217,31
557,0
381,45
101,36
776,47
716,17
192,34
1361,14
567,23
938,56
210,15
223,31
500,0
407,45
56,36
316,47
645,17
186,34
720,14
785,23
592,56
240,15
215,31
1426,0
401,45
97,36
547,47
577,17
116,34
751,14
470,23
653,56
189,15
175,31
468,0
876,45
94,36
298,47
523,17
151,34
731,14
507,23
436,56
223,15
212,31
416,0
325,45
69,36
388,47
489,17
205,34
798,14
501,23
595,56
274,15
212,31
413,0
308,45
95,36
424,47
545,17
184,34
691,14
479,23
484,56
297,15
294,31
377,0
620,45
122,36
372,47
583,17
163,34
698,14
475,23
475,56
252,15
259,31
375,0
366,45
83,36
314,47
580,17
131,34
721,14
442,23
401,56
244,15
238,31
357,0
357,45
101,36
308,47
613,17
151,34
734,14
455,23
454,56
543,15
301,31
348,0
370,45
114,36
302,47
624,17
146,34
718,14
428,23
461,56
240,15
325,31
437,0
351,45
115,36
286,47
598,17
171,34
753,14
472,23
374,56
248,15
240,31
322,0
377,45
96,36
262,47
649,17
140,34
708,14
460,23
368,56
214,15
205,31
304,0
395,45
107,36
250,47
649,17
112,34
808,14
440,23
377,56
229,15
195,31
356,0
409,45
113,36
300,47
564,17
188,34
660,14
468,23
370,56
224,15
207,31
347,0
363,45
87,36
278,47
560,17
127,34
677,14
809,23
363,56
215,15
255,31
342,0
396,45
105,36
398,47
566,17
170,34
760,14
484,23
421,56
223,15
180,31
346,0
350,45
90,36
685,47
538,17
155,34
755,14
446,23
387,56
245,15
264,31
413,0
550,45
88,36
241,47
589,17
197,34
1862,14
535,23
953,56
281,15
116,31
700,0
736,45
107,36
269,47
544,17
184,34
671,14
531,23
349,56
217,15
198,31
316,0
311,45
88,36
894,47
401,17
176,34
3086,14
1517,23
475,56
165,15
219,31
429,0
408,45
91,36
291,47
544,17
200,34
668,14
495,23
351,56
232,15
191,31
329,0
840,45
84,36
360,47
399,17
206,34
904,14
519,23
330,56
300,15
576,31
336,0
352,45
79,36
332,47
655,17
158,34
1037,14
472,23
760,56
213,15
201,31
339,0
384,45
95,36
272,47
572,17
198,34
706,14
483,23
355,56
222,15
214,31
360,0
390,45
86,36
782,47
1286,17
175,34
792,14
623,23
901,56
259,15
268,31
440,0
443,45
99,36
357,47
573,17
231,34
807,14
532,23
397,56
245,15
277,31
401,0
377,45
87,36
908,47
333,17
562,34
1130,14
574,23
811,56
229,15
287,31
399,0
432,45
104,36
384,47
528,17
248,34
751,14
544,23
494,56
272,15
290,31
524,0
525,45
102,36
1436,47
404,17
273,34
1210,14
822,23
455,56
271,15
375,31
463,0
447,45
124,36
452,47
615,17
344,34
1064,14
555,23
380,56
270,15
282,31
367,0
389,45
111,36
838,47
345,17
204,34
865,14
1597,23
617,56
260,15
309,31
413,0
592,45
101,36
395,47
533,17
336,34
818,14
552,23
413,56
623,15
432,31
463,0
502,45
107,36
855,47
339,17
232,34
946,14
883,23
387,56
244,15
349,31
487,0
413,45
93,36
1086,47
339,17
270,34
642,14
525,23
364,56
241,15
292,31
496,0
442,45
111,36
417,47
565,17
269,34
635,14
549,23
356,56
245,15
310,31
436,0
502,45
120,36
613,47
284,17
168,34
2224,14
1135,23
283,56
181,15
243,31
583,0
327,45
72,36
364,47
606,17
150,34
1011,14
691,23
497,56
158,15
236,31
548,0
293,45
103,36
306,47
320,17
185,34
867,14
547,23
336,56
192,15
262,31
378,0
650,45
95,36
371,47
703,17
152,34
697,14
552,23
473,56
199,15
260,31
327,0
307,45
112,36
368,47
301,17
194,34
894,14
511,23
354,56
179,15
276,31
393,0
327,45
105,36
288,47
340,17
200,34
1113,14
1008,23
352,56
193,15
269,31
343,0
328,45
113,36
360,47
575,17
191,34
721,14
783,23
345,56
167,15
237,31
335,0
307,45
90,36
422,47
519,17
179,34
968,14
465,23
359,56
191,15
743,31
462,0
362,45
115,36
302,47
525,17
166,34
754,14
668,23
995,56
175,15
209,31
395,0
474,45
94,36
294,47
453,17
215,34
1371,14
494,23
456,56
214,15
239,31
375,0
343,45
111,36
248,47
552,17
183,34
763,14
447,23
317,56
180,15
197,31
363,0
362,45
97,36
333,47
601,17
160,34
554,14
876,23
435,56
180,15
189,31
334,0
347,45
97,36
259,47
721,17
260,34
565,14
465,23
422,56
329,15
265,31
350,0
348,45
117,36
303,47
658,17
307,34
779,14
504,23
334,56
215,15
258,31
426,0
351,45
104,36
295,47
736,17
301,34
786,14
477,23
335,56
205,15
267,31
394,0
353,45
114,36
282,47
582,17
275,34
694,14
501,23
346,56
219,15
274,31
409,0
423,45
118,36
240,47
535,17
276,34
597,14
419,23
293,56
265,15
209,31
312,0
350,45
97,36
301,47
572,17
185,34
587,14
439,23
329,56
208,15
198,31
311,0
347,45
84,36
285,47
519,17
215,34
623,14
479,23
350,56
192,15
230,31
700,0
393,45
42,36
232,47
1122,17
191,34
565,14
442,23
346,56
238,15
244,31
318,0
403,45
106,36
267,47
569,17
185,34
563,14
534,23
759,56
182,15
255,31
374,0
842,45
129,36
325,47
562,17
196,34
621,14
436,23
387,56
254,15
258,31
382,0
378,45
115,36
256,47
554,17
209,34
649,14
461,23
364,56
229,15
245,31
381,0
364,45
112,36
247,47
608,17
199,34
653,14
460,23
342,56
197,15
291,31
369,0
350,45
99,36
248,47
950,17
158,34
637,14
459,23
355,56
230,15
235,31
315,0
379,45
96,36
478,47
514,17
205,34
526,14
439,23
978,56
246,15
253,31
306,0
386,45
107,36
272,47
522,17
197,34
609,14
431,23
401,56
208,15
242,31
318,0
310,45
112,36
326,47
421,17
232,34
831,14
439,23
327,56
221,15
236,31
907,0
333,45
103,36
562,47
1333,17
207,34
589,14
438,23
313,56
209,15
231,31
430,0
2370,45
121,36
1219,47
536,17
196,34
595,14
446,23
319,56
208,15
192,31
507,0
949,45
114,36
318,47
523,17
203,34
588,14
461,23
346,56
239,15
207,31
457,0
440,45
108,36
232,47
578,17
185,34
611,14
524,23
340,56
265,15
212,31
375,0
443,45
91,36
279,47
514,17
227,34
687,14
495,23
353,56
224,15
196,31
372,0
468,45
112,36
206,47
577,17
187,34
675,14
491,23
345,56
273,15
197,31
367,0
389,45
114,36
225,47
636,17
203,34
805,14
438,23
393,56
252,15
168,31
334,0
358,45
101,36
238,47
1891,17
223,34
706,14
487,23
294,56
234,15
166,31
555,0
334,45
106,36
537,47
326,17
201,34
716,14
649,23
404,56
292,15
305,31
407,0
523,45
100,36
407,47
1160,17
236,34
928,14
512,23
332,56
317,15
190,31
1417,0
294,45
99,36
601,47
365,17
191,34
1404,14
531,23
352,56
696,15
280,31
394,0
368,45
97,36
380,47
349,17
241,34
722,14
486,23
984,56
221,15
265,31
364,0
513,45
108,36
248,47
627,17
204,34
617,14
488,23
339,56
285,15
279,31
317,0
719,45
122,36
346,47
553,17
204,34
724,14
518,23
362,56
397,15
394,31
521,0
420,45
87,36
902,47
289,17
208,34
778,14
1432,23
697,56
223,15
340,31
392,0
371,45
113,36
284,47
533,17
206,34
688,14
487,23
354,56
278,15
268,31
311,0
400,45
107,36
195,47
717,17
156,34
938,14
1149,23
802,56
186,15
290,31
286,0
341,45
101,36
412,47
519,17
220,34
1515,14
809,23
667,56
185,15
263,31
286,0
335,45
85,36
688,47
335,17
261,34
770,14
573,23
804,56
209,15
301,31
302,0
405,45
118,36
690,47
295,17
384,34
891,14
511,23
364,56
226,15
260,31
277,0
376,45
99,36
495,47
377,17
254,34
725,14
529,23
767,56
203,15
289,31
372,0
416,45
91,36
1244,47
1481,17
337,34
950,14
524,23
364,56
248,15
255,31
364,0
395,45
100,36
1150,47
249,17
117,34
1165,14
559,23
350,56
255,15
314,31
355,0
369,45
90,36
448,47
328,17
166,34
985,14
557,23
215,56
204,15
219,31
316,0
308,45
87,36
357,47
714,17
138,34
714,14
1390,23
598,56
189,15
205,31
363,0
379,45
90,36
404,47
317,17
146,34
855,14
530,23
272,56
203,15
177,31
307,0
315,45
69,36
627,47
460,17
135,34
907,14
722,23
306,56
229,15
178,31
315,0
512,45
81,36
356,47
351,17
211,34
669,14
1091,23
302,56
174,15
166,31
328,0
320,45
93,36
287,47
545,17
159,34
751,14
795,23
285,56
206,15
191,31
348,0
389,45
63,36
274,47
542,17
182,34
664,14
470,23
271,56
203,15
139,31
414,0
364,45
71,36
332,47
522,17
186,34
596,14
542,23
547,56
216,15
177,31
324,0
300,45
66,36
245,47
435,17
173,34
672,14
530,23
317,56
154,15
164,31
345,0
319,45
77,36
565,47
441,17
163,34
761,14
511,23
251,56
207,15
138,31
344,0
365,45
86,36
659,47
412,17
169,34
588,14
453,23
270,56
292,15
579,31
349,0
408,45
86,36
215,47
510,17
208,34
540,14
470,23
701,56
221,15
169,31
293,0
305,45
106,36
594,47
504,17
161,34
564,14
487,23
928,56
237,15
233,31
276,0
321,45
82,36
274,47
597,17
273,34
662,14
476,23
753,56
299,15
281,31
306,0
371,45
95,36
299,47
595,17
257,34
2272,14
861,23
579,56
247,15
204,31
855,0
370,45
99,36
563,47
487,17
217,34
666,14
512,23
347,56
231,15
204,31
296,0
344,45
88,36
261,47
524,17
164,34
568,14
510,23
760,56
200,15
245,31
295,0
312,45
88,36
224,47
626,17
173,34
813,14
607,23
733,56
175,15
177,31
313,0
310,45
72,36
525,47
355,17
186,34
629,14
496,23
712,56
247,15
226,31
275,0
311,45
74,36
266,47
797,17
204,34
680,14
482,23
711,56
240,15
209,31
315,0
304,45
68,36
545,47
368,17
327,34
826,14
488,23
652,56
175,15
178,31
298,0
331,45
73,36
307,47
375,17
220,34
746,14
542,23
733,56
263,15
159,31
259,0
956,45
114,36
573,47
674,17
287,34
686,14
490,23
676,56
255,15
195,31
272,0
346,45
74,36
254,47
453,17
154,34
661,14
467,23
586,56
216,15
194,31
273,0
357,45
55,36
201,47
454,17
192,34
834,14
458,23
614,56
147,15
225,31
274,0
304,45
73,36
219,47
487,17
291,34
1050,14
494,23
611,56
206,15
174,31
277,0
322,45
79,36
235,47
616,17
629,34
895,14
444,23
627,56
224,15
188,31
282,0
322,45
120,36
199,47
734,17
191,34
819,14
473,23
683,56
199,15
137,31
270,0
413,45
68,36
236,47
471,17
265,34
675,14
604,23
554,56
217,15
152,31
286,0
403,45
19,36
364,47
492,17
265,34
676,14
497,23
402,56
228,15
178,31
272,0
418,45
95,36
221,47
496,17
205,34
689,14
1244,23
491,56
243,15
134,31
272,0
476,45
92,36
268,47
439,17
191,34
1433,14
731,23
636,56
257,15
176,31
288,0
340,45
83,36
247,47
525,17
223,34
769,14
438,23
355,56
297,15
164,31
313,0
380,45
98,36
236,47
485,17
193,34
868,14
1096,23
429,56
197,15
161,31
276,0
422,45
110,36
459,47
833,17
224,34
592,14
458,23
623,56
214,15
152,31
284,0
379,45
84,36
270,47
456,17
163,34
689,14
436,23
314,56
277,15
86,31
270,0
377,45
79,36
428,47
352,17
257,34
630,14
476,23
333,56
325,15
289,31
334,0
418,45
114,36
829,47
350,17
1143,34
832,14
548,23
1550,56
270,15
245,31
368,0
603,45
141,36
360,47
474,17
293,34
987,14
492,23
311,56
301,15
168,31
352,0
400,45
105,36
557,47
338,17
274,34
819,14
570,23
448,56
308,15
183,31
315,0
398,45
83,36
244,47
442,17
278,34
832,14
624,23
414,56
220,15
189,31
254,0
408,45
81,36
348,47
577,17
252,34
782,14
682,23
489,56
250,15
205,31
320,0
333,45
88,36
266,47
425,17
146,34
937,14
827,23
366,56
222,15
189,31
318,0
366,45
73,36
282,47
371,17
263,34
872,14
608,23
598,56
193,15
186,31
270,0
342,45
84,36
513,47
326,17
230,34
988,14
463,23
266,56
227,15
91,31
675,0
317,45
85,36
1245,47
297,17
163,34
982,14
520,23
234,56
227,15
174,31
272,0
307,45
86,36
202,47
491,17
187,34
688,14
462,23
246,56
208,15
192,31
219,0
319,45
102,36
219,47
870,17
177,34
1012,14
440,23
273,56
199,15
191,31
252,0
328,45
92,36
220,47
503,17
176,34
774,14
1464,23
490,56
189,15
209,31
270,0
312,45
108,36
2105,47
383,17
150,34
1017,14
725,23
577,56
159,15
136,31
233,0
328,45
110,36
301,47
341,17
191,34
697,14
584,23
254,56
169,15
196,31
234,0
413,45
121,36
227,47
574,17
209,34
1169,14
724,23
327,56
216,15
239,31
309,0
399,45
73,36
224,47
463,17
216,34
631,14
481,23
242,56
189,15
215,31
190,0
395,45
76,36
282,47
939,17
235,34
545,14
470,23
238,56
205,15
214,31
297,0
363,45
76,36
628,47
323,17
187,34
621,14
672,23
355,56
190,15
244,31
332,0
435,45
97,36
306,47
343,17
297,34
734,14
465,23
261,56
250,15
124,31
446,0
512,45
35,36
524,47
305,17
287,34
582,14
449,23
290,56
175,15
190,31
730,0
359,45
91,36
368,47
1141,17
211,34
577,14
435,23
243,56
164,15
167,31
408,0
390,45
86,36
714,47
215,17
198,34
677,14
453,23
246,56
218,15
154,31
420,0
409,45
111,36
212,47
483,17
218,34
724,14
681,23
647,56
196,15
232,31
376,0
317,45
117,36
291,47
510,17
341,34
720,14
576,23
804,56
187,15
164,31
372,0
370,45
115,36
331,47
583,17
265,34
611,14
451,23
264,56
254,15
220,31
390,0
329,45
101,36
286,47
401,17
266,34
661,14
506,23
237,56
212,15
170,31
358,0
349,45
83,36
291,47
428,17
247,34
798,14
500,23
243,56
288,15
334,31
431,0
396,45
107,36
947,47
308,17
230,34
645,14
469,23
287,56
259,15
221,31
379,0
329,45
101,36
313,47
554,17
347,34
669,14
483,23
745,56
260,15
217,31
316,0
342,45
101,36
412,47
421,17
282,34
852,14
493,23
705,56
264,15
261,31
370,0
376,45
119,36
308,47
535,17
365,34
730,14
510,23
730,56
262,15
273,31
347,0
368,45
110,36
669,47
330,17
330,34
770,14
493,23
679,56
252,15
239,31
320,0
650,45
119,36
298,47
439,17
355,34
768,14
501,23
737,56
294,15
248,31
338,0
417,45
132,36
297,47
356,17
326,34
698,14
477,23
607,56
206,15
229,31
264,0
388,45
122,36
302,47
405,17
251,34
695,14
500,23
625,56
243,15
205,31
336,0
330,45
117,36
263,47
565,17
265,34
611,14
481,23
682,56
224,15
167,31
280,0
352,45
120,36
277,47
437,17
256,34
602,14
1552,23
643,56
224,15
221,31
326,0
312,45
126,36
585,47
265,17
884,34
1915,14
500,23
444,56
241,15
195,31
308,0
311,45
105,36
260,47
323,17
279,34
629,14
507,23
561,56
234,15
233,31
287,0
319,45
97,36
267,47
344,17
265,34
774,14
560,23
555,56
206,15
221,31
300,0
370,45
110,36
306,47
620,17
268,34
1025,14
616,23
508,56
182,15
189,31
332,0
307,45
116,36
334,47
755,17
254,34
648,14
550,23
575,56
243,15
226,31
306,0
345,45
115,36
818,47
290,17
330,34
921,14
782,23
327,56
218,15
185,31
288,0
368,45
114,36
296,47
357,17
315,34
836,14
563,23
567,56
290,15
238,31
300,0
379,45
127,36
296,47
350,17
306,34
720,14
503,23
614,56
218,15
213,31
291,0
349,45
114,36
319,47
310,17
295,34
753,14
501,23
615,56
228,15
221,31
291,0
357,45
123,36
333,47
410,17
282,34
761,14
495,23
578,56
189,15
202,31
273,0
363,45
116,36
314,47
819,17
240,34
639,14
489,23
519,56
327,15
245,31
279,0
325,45
122,36
430,47
391,17
232,34
651,14
531,23
936,56
283,15
215,31
308,0
330,45
101,36
289,47
482,17
287,34
668,14
674,23
559,56
218,15
147,31
277,0
363,45
98,36
272,47
385,17
236,34
554,14
474,23
417,56
198,15
155,31
282,0
352,45
124,36
321,47
504,17
230,34
655,14
517,23
399,56
212,15
209,31
293,0
376,45
128,36
431,47
480,17
370,34
1237,14
536,23
313,56
238,15
147,31
310,0
372,45
122,36
471,47
454,17
207,34
750,14
496,23
498,56
257,15
197,31
319,0
364,45
111,36
631,47
219,17
216,34
600,14
450,23
292,56
207,15
174,31
300,0
617,45
124,36
356,47
440,17
334,34
668,14
472,23
269,56
295,15
668,31
337,0
454,45
118,36
248,47
297,17
348,34
688,14
492,23
292,56
385,15
569,31
344,0
440,45
110,36
383,47
243,17
342,34
656,14
552,23
350,56
224,15
243,31
295,0
622,45
124,36
240,47
836,17
349,34
890,14
988,23
265,56
236,15
155,31
241,0
455,45
127,36
293,47
295,17
324,34
620,14
463,23
825,56
312,15
325,31
407,0
432,45
118,36
452,47
354,17
307,34
663,14
491,23
291,56
287,15
220,31
348,0
385,45
110,36
273,47
304,17
280,34
824,14
471,23
302,56
275,15
210,31
451,0
448,45
116,36
988,47
296,17
168,34
854,14
455,23
693,56
201,15
168,31
269,0
405,45
98,36
314,47
286,17
297,34
629,14
464,23
257,56
256,15
208,31
263,0
331,45
98,36
394,47
420,17
321,34
611,14
477,23
245,56
242,15
201,31
224,0
307,45
96,36
345,47
476,17
261,34
718,14
507,23
279,56
290,15
241,31
275,0
327,45
96,36
391,47
325,17
224,34
684,14
536,23
437,56
239,15
195,31
276,0
441,45
144,36
319,47
349,17
270,34
829,14
586,23
279,56
226,15
178,31
376,0
518,45
121,36
312,47
301,17
322,34
731,14
504,23
264,56
221,15
217,31
325,0
502,45
140,36
273,47
281,17
307,34
711,14
614,23
316,56
226,15
216,31
342,0
349,45
97,36
297,47
293,17
266,34
729,14
520,23
229,56
233,15
218,31
307,0
333,45
102,36
283,47
286,17
245,34
736,14
484,23
276,56
226,15
180,31
288,0
372,45
105,36
266,47
265,17
271,34
1081,14
452,23
299,56
211,15
181,31
239,0
363,45
107,36
296,47
272,17
281,34
652,14
463,23
245,56
242,15
215,31
292,0
409,45
95,36
1454,47
257,17
178,34
772,14
1214,23
309,56
190,15
158,31
299,0
400,45
124,36
289,47
423,17
324,34
2492,14
474,23
235,56
253,15
109,31
274,0
422,45
111,36
228,47
274,17
251,34
741,14
494,23
241,56
233,15
143,31
226,0
320,45
106,36
281,47
276,17
251,34
617,14
484,23
300,56
187,15
163,31
261,0
303,45
114,36
263,47
317,17
270,34
702,14
453,23
249,56
234,15
192,31
263,0
311,45
108,36
251,47
605,17
263,34
836,14
471,23
275,56
235,15
184,31
328,0
354,45
118,36
264,47
322,17
307,34
991,14
536,23
252,56
254,15
157,31
282,0
345,45
107,36
239,47
304,17
272,34
914,14
538,23
951,56
331,15
1328,31
353,0
414,45
108,36
308,47
277,17
305,34
901,14
510,23
271,56
255,15
167,31
656,0
286,45
93,36
292,47
307,17
287,34
591,14
472,23
269,56
243,15
162,31
279,0
295,45
129,36
583,47
310,17
254,34
1204,14
897,23
443,56
239,15
240,31
300,0
337,45
97,36
284,47
428,17
280,34
743,14
511,23
335,56
245,15
210,31
291,0
363,45
87,36
248,47
768,17
281,34
618,14
490,23
327,56
285,15
237,31
320,0
415,45
132,36
836,47
286,17
282,34
643,14
498,23
325,56
247,15
170,31
265,0
338,45
127,36
231,47
687,17
361,34
754,14
490,23
313,56
281,15
165,31
434,0
366,45
104,36
304,47
807,17
265,34
666,14
503,23
736,56
268,15
225,31
341,0
352,45
97,36
638,47
274,17
310,34
713,14
521,23
309,56
319,15
213,31
441,0
380,45
102,36
278,47
582,17
321,34
692,14
515,23
310,56
260,15
228,31
311,0
370,45
86,36
257,47
806,17
287,34
588,14
458,23
366,56
264,15
225,31
394,0
381,45
89,36
592,47
338,17
305,34
618,14
566,23
346,56
292,15
238,31
314,0
400,45
99,36
564,47
305,17
351,34
754,14
508,23
324,56
280,15
246,31
421,0
353,45
90,36
238,47
419,17
340,34
645,14
544,23
319,56
217,15
235,31
269,0
396,45
95,36
335,47
341,17
291,34
721,14
432,23
345,56
253,15
184,31
277,0
346,45
112,36
351,47
294,17
372,34
829,14
504,23
319,56
275,15
217,31
318,0
392,45
112,36
407,47
694,17
330,34
658,14
468,23
337,56
302,15
222,31
291,0
500,45
118,36
302,47
251,17
261,34
721,14
615,23
346,56
231,15
200,31
263,0
446,45
130,36
240,47
293,17
282,34
719,14
459,23
332,56
248,15
222,31
479,0
463,45
128,36
225,47
397,17
331,34
752,14
512,23
321,56
230,15
197,31
299,0
444,45
89,36
206,47
382,17
230,34
846,14
516,23
275,56
302,15
249,31
398,0
363,45
102,36
395,47
706,17
329,34
637,14
443,23
325,56
250,15
217,31
296,0
451,45
94,36
285,47
605,17
298,34
661,14
533,23
259,56
294,15
229,31
378,0
364,45
92,36
352,47
589,17
289,34
752,14
459,23
289,56
237,15
175,31
288,0
442,45
85,36
308,47
589,17
258,34
601,14
399,23
336,56
251,15
221,31
428,0
384,45
102,36
281,47
323,17
310,34
636,14
446,23
288,56
283,15
188,31
295,0
432,45
96,36
324,47
285,17
261,34
664,14
444,23
318,56
284,15
236,31
371,0
387,45
82,36
325,47
590,17
297,34
583,14
427,23
306,56
295,15
235,31
323,0
369,45
98,36
270,47
445,17
299,34
689,14
451,23
318,56
296,15
202,31
364,0
478,45
140,36
262,47
320,17
302,34
626,14
443,23
306,56
261,15
225,31
284,0
391,45
96,36
494,47
607,17
201,34
611,14
494,23
266,56
190,15
215,31
218,0
346,45
95,36
266,47
257,17
200,34
532,14
466,23
235,56
212,15
159,31
195,0
317,45
85,36
257,47
229,17
205,34
602,14
471,23
259,56
175,15
196,31
201,0
371,45
80,36
315,47
233,17
233,34
603,14
441,23
230,56
199,15
178,31
209,0
305,45
102,36
284,47
563,17
193,34
535,14
444,23
233,56
169,15
184,31
230,0
356,45
80,36
309,47
648,17
213,34
572,14
488,23
219,56
204,15
212,31
245,0
324,45
82,36
234,47
328,17
207,34
631,14
510,23
199,56
214,15
176,31
211,0
370,45
77,36
191,47
271,17
202,34
574,14
996,23
693,56
171,15
240,31
255,0
303,45
85,36
247,47
271,17
313,34
667,14
621,23
296,56
207,15
271,31
333,0
295,45
74,36
244,47
286,17
200,34
578,14
437,23
227,56
243,15
163,31
192,0
350,45
81,36
224,47
565,17
188,34
558,14
490,23
264,56
160,15
165,31
227,0
352,45
83,36
269,47
264,17
202,34
577,14
504,23
186,56
205,15
163,31
254,0
324,45
104,36
203,47
781,17
160,34
541,14
451,23
253,56
210,15
173,31
232,0
349,45
77,36
225,47
226,17
219,34
608,14
424,23
814,56
204,15
192,31
262,0
293,45
68,36
281,47
266,17
271,34
727,14
487,23
325,56
247,15
234,31
406,0
385,45
107,36
204,47
293,17
309,34
647,14
470,23
279,56
229,15
179,31
271,0
424,45
97,36
935,47
206,17
199,34
555,14
450,23
248,56
243,15
173,31
305,0
474,45
107,36
249,47
617,17
255,34
673,14
435,23
263,56
265,15
280,31
574,0
395,45
77,36
299,47
599,17
234,34
607,14
406,23
315,56
247,15
279,31
331,0
422,45
110,36
278,47
505,17
222,34
579,14
507,23
326,56
988,15
1586,31
292,0
454,45
107,36
293,47
358,17
288,34
569,14
492,23
431,56
256,15
263,31
611,0
424,45
93,36
292,47
269,17
257,34
572,14
474,23
296,56
267,15
214,31
348,0
400,45
71,36
261,47
683,17
267,34
625,14
491,23
319,56
351,15
275,31
692,0
333,45
103,36
262,47
622,17
300,34
605,14
446,23
260,56
295,15
258,31
335,0
320,45
94,36
1139,47
359,17
244,34
581,14
438,23
277,56
277,15
184,31
334,0
379,45
79,36
318,47
448,17
323,34
637,14
439,23
268,56
286,15
213,31
351,0
436,45
84,36
560,47
287,17
274,34
613,14
442,23
865,56
230,15
219,31
345,0
452,45
110,36
262,47
339,17
282,34
630,14
481,23
345,56
309,15
233,31
340,0
512,45
93,36
347,47
411,17
298,34
534,14
457,23
313,56
272,15
229,31
325,0
394,45
69,36
272,47
725,17
259,34
553,14
416,23
306,56
272,15
190,31
280,0
396,45
107,36
357,47
536,17
276,34
744,14
468,23
312,56
249,15
170,31
271,0
387,45
78,36
318,47
328,17
305,34
865,14
476,23
341,56
195,15
202,31
263,0
627,45
102,36
218,47
277,17
239,34
627,14
431,23
338,56
238,15
212,31
316,0
487,45
84,36
256,47
295,17
237,34
941,14
692,23
305,56
244,15
179,31
294,0
410,45
80,36
285,47
322,17
218,34
629,14
424,23
317,56
282,15
184,31
389,0
538,45
108,36
266,47
954,17
203,34
782,14
698,23
418,56
203,15
243,31
269,0
466,45
76,36
260,47
295,17
271,34
557,14
426,23
269,56
275,15
159,31
348,0
372,45
83,36
323,47
605,17
246,34
566,14
416,23
309,56
327,15
191,31
348,0
324,45
71,36
238,47
634,17
224,34
641,14
443,23
309,56
285,15
169,31
325,0
427,45
76,36
247,47
682,17
234,34
608,14
501,23
315,56
387,15
683,31
290,0
381,45
96,36
270,47
281,17
245,34
559,14
425,23
269,56
304,15
183,31
513,0
305,45
98,36
250,47
251,17
260,34
560,14
417,23
296,56
321,15
290,31
451,0
562,45
96,36
181,47
369,17
267,34
540,14
451,23
349,56
243,15
193,31
257,0
406,45
88,36
369,47
539,17
284,34
586,14
502,23
339,56
288,15
212,31
369,0
351,45
81,36
275,47
546,17
237,34
967,14
401,23
298,56
308,15
147,31
1107,0
295,45
97,36
248,47
267,17
277,34
889,14
423,23
314,56
281,15
202,31
314,0
358,45
79,36
211,47
266,17
207,34
570,14
387,23
290,56
259,15
227,31
300,0
340,45
92,36
218,47
486,17
214,34
672,14
476,23
293,56
261,15
244,31
309,0
297,45
95,36
215,47
304,17
235,34
716,14
427,23
305,56
285,15
267,31
328,0
339,45
100,36
761,47
217,17
262,34
745,14
421,23
297,56
212,15
185,31
259,0
341,45
89,36
195,47
539,17
180,34
1022,14
579,23
269,56
217,15
213,31
417,0
417,45
81,36
232,47
303,17
224,34
1128,14
619,23
268,56
188,15
224,31
388,0
370,45
108,36
237,47
312,17
220,34
794,14
536,23
259,56
241,15
144,31
681,0
348,45
56,36
165,47
697,17
180,34
705,14
490,23
252,56
182,15
207,31
294,0
419,45
92,36
278,47
295,17
199,34
718,14
455,23
237,56
185,15
152,31
243,0
341,45
98,36
280,47
340,17
291,34
937,14
479,23
243,56
210,15
192,31
268,0
317,45
104,36
208,47
254,17
234,34
660,14
434,23
218,56
215,15
192,31
153,0
309,45
94,36
235,47
389,17
245,34
573,14
445,23
234,56
189,15
197,31
100,0
257,45
97,36
390,47
422,17
282,34
833,14
485,23
239,56
301,15
135,31
735,0
283,45
75,36
252,47
253,17
246,34
634,14
411,23
273,56
281,15
594,31
272,0
345,45
114,36
359,47
652,17
212,34
556,14
444,23
276,56
248,15
224,31
253,0
356,45
93,36
219,47
245,17
237,34
656,14
489,23
857,56
828,15
331,31
391,0
392,45
96,36
232,47
253,17
242,34
615,14
410,23
299,56
258,15
206,31
277,0
376,45
79,36
253,47
309,17
334,34
988,14
409,23
305,56
747,15
425,31
536,0
571,45
95,36
271,47
229,17
243,34
625,14
409,23
280,56
334,15
1374,31
332,0
313,45
69,36
289,47
316,17
323,34
698,14
456,23
876,56
279,15
356,31
395,0
460,45
72,36
318,47
636,17
357,34
656,14
435,23
725,56
288,15
267,31
327,0
397,45
92,36
310,47
752,17
343,34
720,14
459,23
655,56
221,15
292,31
326,0
352,45
74,36
215,47
315,17
274,34
647,14
437,23
688,56
272,15
277,31
288,0
347,45
85,36
257,47
307,17
279,34
681,14
531,23
634,56
231,15
1095,31
305,0
368,45
103,36
436,47
332,17
274,34
587,14
428,23
552,56
251,15
282,31
811,0
364,45
90,36
469,47
269,17
177,34
641,14
443,23
554,56
220,15
208,31
858,0
334,45
25,36
227,47
272,17
209,34
610,14
427,23
584,56
296,15
358,31
372,0
1369,45
144,36
630,47
271,17
188,34
592,14
455,23
670,56
235,15
257,31
347,0
437,45
110,36
264,47
329,17
722,34
704,14
425,23
594,56
237,15
285,31
333,0
353,45
105,36
263,47
838,17
248,34
596,14
439,23
699,56
316,15
259,31
373,0
382,45
108,36
318,47
726,17
247,34
645,14
445,23
737,56
304,15
230,31
359,0
417,45
123,36
350,47
346,17
327,34
717,14
459,23
584,56
214,15
284,31
408,0
786,45
133,36
326,47
655,17
280,34
722,14
488,23
526,56
282,15
239,31
303,0
421,45
99,36
630,47
309,17
274,34
711,14
865,23
561,56
272,15
307,31
431,0
432,45
79,36
252,47
514,17
294,34
666,14
468,23
534,56
306,15
324,31
314,0
378,45
102,36
239,47
581,17
257,34
718,14
463,23
562,56
432,15
388,31
353,0
410,45
112,36
270,47
368,17
256,34
652,14
441,23
462,56
367,15
397,31
358,0
400,45
71,36
437,47
239,17
252,34
734,14
433,23
308,56
313,15
230,31
345,0
378,45
100,36
271,47
613,17
258,34
593,14
439,23
276,56
245,15
240,31
273,0
378,45
68,36
339,47
276,17
253,34
662,14
431,23
305,56
249,15
204,31
282,0
393,45
103,36
263,47
359,17
244,34
692,14
462,23
311,56
285,15
241,31
332,0
388,45
82,36
203,47
581,17
243,34
568,14
453,23
281,56
261,15
167,31
233,0
364,45
90,36
207,47
343,17
211,34
562,14
471,23
326,56
219,15
178,31
194,0
354,45
101,36
403,47
198,17
937,34
763,14
435,23
332,56
241,15
189,31
257,0
395,45
77,36
1408,47
316,17
233,34
1346,14
1964,23
414,56
248,15
263,31
365,0
378,45
84,36
210,47
299,17
215,34
630,14
506,23
352,56
286,15
201,31
876,0
319,45
98,36
271,47
325,17
215,34
681,14
472,23
762,56
799,15
365,31
444,0
456,45
98,36
283,47
319,17
267,34
676,14
459,23
363,56
298,15
234,31
379,0
382,45
84,36
281,47
340,17
237,34
603,14
493,23
357,56
316,15
226,31
370,0
499,45
110,36
293,47
254,17
213,34
943,14
498,23
326,56
220,15
195,31
308,0
388,45
96,36
243,47
289,17
186,34
800,14
511,23
282,56
252,15
221,31
257,0
430,45
65,36
286,47
285,17
194,34
915,14
739,23
290,56
215,15
190,31
268,0
467,45
89,36
274,47
802,17
287,34
630,14
418,23
325,56
215,15
232,31
283,0
404,45
69,36
203,47
266,17
192,34
765,14
463,23
346,56
244,15
210,31
282,0
443,45
86,36
889,47
300,17
100,34
1109,14
561,23
267,56
152,15
191,31
301,0
445,45
101,36
281,47
663,17
190,34
818,14
606,23
553,56
203,15
115,31
241,0
330,45
100,36
250,47
467,17
199,34
862,14
944,23
292,56
206,15
188,31
257,0
391,45
94,36
228,47
269,17
207,34
938,14
471,23
276,56
159,15
164,31
249,0
328,45
84,36
273,47
243,17
192,34
685,14
448,23
276,56
170,15
163,31
248,0
306,45
111,36
263,47
263,17
192,34
587,14
438,23
269,56
176,15
157,31
170,0
282,45
122,36
264,47
223,17
176,34
578,14
414,23
243,56
185,15
120,31
212,0
246,45
86,36
273,47
223,17
164,34
535,14
374,23
252,56
232,15
89,31
225,0
246,45
105,36
277,47
221,17
175,34
597,14
411,23
259,56
200,15
58,31
245,0
281,45
99,36
312,47
223,17
188,34
600,14
1117,23
277,56
185,15
95,31
199,0
268,45
76,36
232,47
255,17
436,34
654,14
385,23
246,56
208,15
519,31
351,0
304,45
103,36
257,47
295,17
342,34
770,14
463,23
300,56
246,15
582,31
303,0
281,45
109,36
281,47
254,17
201,34
937,14
802,23
353,56
942,15
224,31
268,0
319,45
87,36
232,47
283,17
243,34
695,14
445,23
311,56
735,15
338,31
345,0
347,45
80,36
234,47
358,17
413,34
714,14
427,23
291,56
291,15
296,31
349,0
305,45
95,36
488,47
298,17
215,34
641,14
414,23
321,56
301,15
533,31
660,0
334,45
77,36
246,47
335,17
283,34
712,14
455,23
744,56
228,15
186,31
310,0
338,45
71,36
227,47
317,17
255,34
719,14
459,23
1205,56
165,15
246,31
293,0
375,45
26,36
198,47
262,17
178,34
598,14
404,23
1199,56
205,15
175,31
266,0
349,45
67,36
177,47
289,17
212,34
829,14
393,23
313,56
756,15
178,31
273,0
307,45
71,36
168,47
264,17
191,34
576,14
481,23
828,56
206,15
172,31
234,0
311,45
50,36
289,47
328,17
218,34
813,14
361,23
693,56
182,15
188,31
271,0
1225,45
81,36
175,47
295,17
46,34
981,14
352,23
689,56
191,15
152,31
247,0
369,45
98,36
403,47
586,17
217,34
628,14
515,23
830,56
217,15
143,31
273,0
367,45
98,36
230,47
831,17
155,34
732,14
597,23
703,56
205,15
168,31
177,0
363,45
130,36
223,47
309,17
148,34
825,14
469,23
614,56
197,15
108,31
344,0
571,45
115,36
193,47
837,17
188,34
689,14
469,23
583,56
149,15
168,31
271,0
329,45
114,36
241,47
324,17
187,34
721,14
410,23
552,56
189,15
134,31
271,0
327,45
96,36
250,47
263,17
160,34
617,14
496,23
716,56
229,15
146,31
264,0
348,45
106,36
250,47
715,17
167,34
705,14
518,23
516,56
233,15
193,31
264,0
457,45
127,36
230,47
794,17
176,34
602,14
444,23
576,56
189,15
119,31
245,0
329,45
102,36
136,47
562,17
186,34
541,14
429,23
537,56
211,15
94,31
226,0
341,45
99,36
231,47
558,17
171,34
552,14
442,23
468,56
183,15
128,31
241,0
285,45
110,36
259,47
356,17
181,34
640,14
425,23
460,56
186,15
148,31
249,0
335,45
101,36
308,47
269,17
252,34
668,14
519,23
642,56
162,15
145,31
269,0
504,45
123,36
204,47
231,17
181,34
590,14
446,23
437,56
195,15
155,31
235,0
409,45
123,36
643,47
264,17
188,34
901,14
386,23
569,56
151,15
130,31
229,0
504,45
90,36
171,47
614,17
157,34
532,14
454,23
470,56
202,15
151,31
322,0
473,45
97,36
611,47
283,17
126,34
696,14
428,23
856,56
298,15
305,31
1802,0
348,45
116,36
769,47
339,17
193,34
581,14
438,23
477,56
198,15
190,31
1048,0
379,45
90,36
1326,47
617,17
200,34
771,14
552,23
908,56
254,15
192,31
894,0
380,45
108,36
251,47
243,17
202,34
1901,14
481,23
611,56
300,15
250,31
766,0
387,45
93,36
166,47
321,17
130,34
745,14
437,23
487,56
192,15
241,31
583,0
412,45
105,36
163,47
398,17
244,34
556,14
422,23
441,56
184,15
230,31
374,0
467,45
101,36
183,47
325,17
621,34
673,14
489,23
532,56
239,15
218,31
335,0
382,45
83,36
514,47
829,17
182,34
624,14
466,23
500,56
188,15
223,31
387,0
457,45
94,36
182,47
672,17
156,34
593,14
453,23
432,56
203,15
221,31
371,0
421,45
100,36
249,47
431,17
271,34
642,14
476,23
438,56
201,15
219,31
391,0
467,45
75,36
241,47
657,17
189,34
654,14
467,23
384,56
183,15
245,31
279,0
475,45
93,36
225,47
574,17
196,34
764,14
509,23
346,56
175,15
220,31
282,0
421,45
73,36
