460,47
238,17
181,34
886,14
726,23
292,56
180,15
252,31
290,0
617,45
79,36
429,47
178,17
170,34
869,14
575,23
337,56
248,15
346,31
366,0
326,45
105,36
445,47
180,17
182,34
802,14
779,23
258,56
272,15
391,31
357,0
476,45
121,36
312,47
153,17
170,34
812,14
676,23
361,56
295,15
294,31
220,0
298,45
73,36
379,47
174,17
177,34
1151,14
656,23
212,56
212,15
206,31
283,0
292,45
92,36
352,47
155,17
178,34
690,14
915,23
267,56
220,15
204,31
219,0
302,45
82,36
333,47
179,17
146,34
746,14
689,23
250,56
182,15
186,31
218,0
352,45
99,36
295,47
152,17
180,34
544,14
518,23
189,56
199,15
438,31
633,0
275,45
91,36
298,47
159,17
173,34
515,14
517,23
213,56
165,15
206,31
208,0
330,45
70,36
264,47
189,17
156,34
607,14
460,23
198,56
210,15
496,31
326,0
312,45
92,36
317,47
168,17
160,34
779,14
410,23
198,56
172,15
199,31
245,0
432,45
109,36
307,47
190,17
199,34
564,14
1346,23
323,56
180,15
242,31
190,0
287,45
86,36
286,47
215,17
170,34
765,14
510,23
612,56
356,15
196,31
208,0
316,45
115,36
268,47
182,17
178,34
591,14
619,23
243,56
229,15
234,31
335,0
516,45
160,36
326,47
181,17
192,34
526,14
439,23
175,56
203,15
171,31
226,0
702,45
127,36
400,47
157,17
191,34
682,14
890,23
142,56
254,15
450,31
233,0
379,45
114,36
290,47
190,17
199,34
473,14
496,23
241,56
217,15
196,31
233,0
853,45
145,36
1045,47
183,17
165,34
638,14
400,23
166,56
215,15
182,31
235,0
305,45
92,36
274,47
207,17
336,34
433,14
430,23
208,56
207,15
167,31
229,0
947,45
141,36
491,47
602,17
246,34
378,14
558,23
226,56
230,15
193,31
237,0
304,45
106,36
322,47
207,17
202,34
469,14
497,23
247,56
242,15
179,31
265,0
311,45
107,36
286,47
180,17
191,34
477,14
500,23
213,56
195,15
197,31
206,0
373,45
19,36
409,47
191,17
224,34
473,14
528,23
237,56
212,15
199,31
225,0
298,45
107,36
239,47
221,17
176,34
824,14
452,23
224,56
204,15
199,31
228,0
620,45
120,36
402,47
200,17
170,34
425,14
503,23
230,56
229,15
189,31
259,0
701,45
143,36
322,47
193,17
204,34
464,14
497,23
195,56
238,15
180,31
241,0
331,45
125,36
296,47
191,17
181,34
456,14
473,23
176,56
227,15
194,31
232,0
376,45
119,36
344,47
192,17
179,34
487,14
448,23
182,56
202,15
211,31
219,0
333,45
109,36
279,47
173,17
189,34
512,14
484,23
185,56
204,15
215,31
225,0
408,45
127,36
303,47
173,17
156,34
427,14
750,23
310,56
178,15
235,31
238,0
290,45
98,36
309,47
179,17
168,34
888,14
431,23
217,56
204,15
202,31
266,0
278,45
121,36
318,47
208,17
127,34
782,14
503,23
209,56
230,15
173,31
207,0
361,45
49,36
323,47
213,17
187,34
446,14
431,23
205,56
183,15
208,31
240,0
329,45
107,36
319,47
230,17
215,34
572,14
452,23
211,56
197,15
172,31
238,0
523,45
113,36
270,47
174,17
702,34
759,14
422,23
213,56
201,15
216,31
278,0
574,45
109,36
343,47
203,17
206,34
434,14
466,23
224,56
224,15
197,31
250,0
321,45
113,36
309,47
196,17
178,34
478,14
459,23
249,56
218,15
220,31
256,0
301,45
115,36
300,47
173,17
202,34
414,14
392,23
205,56
223,15
183,31
251,0
305,45
101,36
411,47
286,17
214,34
653,14
456,23
435,56
319,15
507,31
302,0
292,45
104,36
314,47
200,17
177,34
392,14
549,23
392,56
274,15
258,31
244,0
547,45
148,36
384,47
228,17
220,34
484,14
462,23
250,56
235,15
370,31
203,0
303,45
112,36
282,47
210,17
186,34
515,14
517,23
273,56
277,15
301,31
252,0
288,45
101,36
261,47
211,17
172,34
458,14
888,23
303,56
198,15
262,31
244,0
297,45
114,36
292,47
212,17
166,34
644,14
483,23
222,56
223,15
222,31
252,0
309,45
129,36
412,47
233,17
238,34
447,14
424,23
195,56
222,15
619,31
237,0
305,45
109,36
326,47
185,17
193,34
481,14
469,23
259,56
242,15
281,31
461,0
336,45
112,36
349,47
206,17
174,34
365,14
449,23
338,56
509,15
267,31
265,0
273,45
111,36
334,47
180,17
170,34
375,14
414,23
200,56
222,15
210,31
465,0
406,45
117,36
457,47
203,17
179,34
389,14
448,23
209,56
232,15
256,31
273,0
307,45
100,36
379,47
215,17
221,34
507,14
564,23
214,56
315,15
227,31
363,0
526,45
113,36
247,47
172,17
178,34
531,14
441,23
188,56
189,15
180,31
233,0
368,45
91,36
303,47
136,17
169,34
440,14
432,23
167,56
200,15
187,31
216,0
358,45
93,36
227,47
181,17
168,34
407,14
419,23
194,56
225,15
240,31
286,0
325,45
91,36
250,47
168,17
180,34
496,14
602,23
205,56
201,15
146,31
172,0
588,45
84,36
350,47
178,17
165,34
492,14
422,23
201,56
186,15
155,31
195,0
316,45
102,36
295,47
167,17
182,34
482,14
542,23
254,56
156,15
190,31
197,0
271,45
95,36
229,47
190,17
181,34
511,14
584,23
211,56
201,15
201,31
175,0
302,45
90,36
254,47
143,17
170,34
701,14
356,23
193,56
181,15
134,31
168,0
292,45
78,36
242,47
168,17
175,34
358,14
375,23
150,56
198,15
138,31
185,0
291,45
81,36
278,47
167,17
168,34
452,14
417,23
194,56
185,15
207,31
187,0
322,45
91,36
275,47
167,17
169,34
423,14
646,23
270,56
191,15
220,31
215,0
276,45
92,36
238,47
177,17
132,34
422,14
582,23
332,56
186,15
250,31
197,0
292,45
93,36
351,47
189,17
182,34
534,14
598,23
155,56
211,15
183,31
182,0
516,45
109,36
319,47
162,17
171,34
439,14
427,23
199,56
189,15
186,31
220,0
311,45
96,36
264,47
176,17
166,34
433,14
418,23
206,56
194,15
199,31
210,0
311,45
116,36
299,47
154,17
163,34
464,14
462,23
189,56
223,15
187,31
196,0
325,45
105,36
288,47
174,17
161,34
457,14
495,23
172,56
229,15
184,31
194,0
319,45
96,36
288,47
189,17
181,34
473,14
484,23
258,56
206,15
206,31
287,0
285,45
87,36
277,47
183,17
178,34
533,14
1014,23
187,56
206,15
180,31
183,0
311,45
85,36
546,47
213,17
192,34
496,14
426,23
184,56
202,15
194,31
269,0
290,45
97,36
314,47
381,17
249,34
514,14
466,23
191,56
205,15
211,31
214,0
287,45
101,36
476,47
183,17
226,34
465,14
464,23
207,56
218,15
212,31
246,0
505,45
149,36
332,47
181,17
351,34
439,14
428,23
200,56
224,15
193,31
409,0
269,45
108,36
489,47
246,17
174,34
424,14
450,23
226,56
442,15
345,31
243,0
263,45
86,36
226,47
183,17
196,34
544,14
529,23
224,56
217,15
217,31
248,0
295,45
106,36
269,47
170,17
177,34
471,14
476,23
222,56
220,15
248,31
370,0
311,45
92,36
285,47
181,17
189,34
487,14
478,23
199,56
218,15
466,31
231,0
270,45
87,36
236,47
183,17
157,34
508,14
466,23
230,56
235,15
390,31
209,0
283,45
87,36
235,47
169,17
186,34
416,14
442,23
214,56
269,15
318,31
226,0
261,45
94,36
273,47
177,17
181,34
427,14
445,23
215,56
240,15
379,31
213,0
275,45
96,36
239,47
177,17
178,34
435,14
529,23
195,56
227,15
232,31
235,0
316,45
88,36
310,47
191,17
205,34
405,14
550,23
236,56
214,15
288,31
221,0
281,45
92,36
285,47
188,17
177,34
454,14
528,23
318,56
310,15
199,31
242,0
258,45
102,36
256,47
165,17
149,34
475,14
625,23
308,56
216,15
255,31
258,0
273,45
81,36
246,47
179,17
167,34
478,14
514,23
171,56
265,15
203,31
178,0
303,45
99,36
282,47
189,17
183,34
387,14
517,23
239,56
222,15
192,31
207,0
309,45
86,36
281,47
183,17
240,34
447,14
509,23
230,56
217,15
226,31
217,0
272,45
90,36
276,47
179,17
177,34
389,14
415,23
216,56
213,15
620,31
250,0
288,45
94,36
239,47
201,17
193,34
393,14
489,23
295,56
312,15
261,31
230,0
298,45
78,36
260,47
186,17
192,34
625,14
420,23
237,56
217,15
205,31
282,0
314,45
90,36
257,47
190,17
178,34
534,14
531,23
258,56
249,15
216,31
266,0
578,45
119,36
322,47
168,17
203,34
407,14
512,23
233,56
275,15
238,31
242,0
295,45
95,36
471,47
199,17
202,34
444,14
468,23
271,56
257,15
273,31
277,0
579,45
102,36
347,47
157,17
233,34
499,14
848,23
401,56
253,15
256,31
265,0
310,45
110,36
457,47
197,17
179,34
398,14
481,23
249,56
265,15
235,31
269,0
310,45
97,36
270,47
200,17
199,34
415,14
535,23
256,56
243,15
233,31
244,0
324,45
99,36
330,47
215,17
186,34
497,14
499,23
255,56
258,15
221,31
244,0
464,45
37,36
365,47
164,17
191,34
353,14
594,23
365,56
261,15
199,31
236,0
285,45
95,36
245,47
166,17
169,34
552,14
495,23
245,56
252,15
201,31
230,0
286,45
92,36
301,47
206,17
398,34
488,14
431,23
232,56
259,15
195,31
286,0
295,45
98,36
217,47
134,17
167,34
399,14
510,23
205,56
235,15
138,31
194,0
271,45
92,36
270,47
132,17
193,34
411,14
498,23
239,56
221,15
139,31
194,0
280,45
85,36
243,47
146,17
151,34
350,14
465,23
238,56
222,15
154,31
207,0
267,45
95,36
263,47
145,17
166,34
359,14
668,23
311,56
266,15
183,31
214,0
258,45
88,36
240,47
153,17
145,34
456,14
494,23
262,56
214,15
168,31
200,0
270,45
87,36
248,47
148,17
158,34
365,14
460,23
224,56
201,15
157,31
194,0
268,45
92,36
245,47
155,17
142,34
331,14
449,23
227,56
215,15
153,31
181,0
350,45
95,36
281,47
137,17
156,34
323,14
391,23
216,56
221,15
146,31
199,0
335,45
73,36
253,47
141,17
167,34
422,14
766,23
367,56
318,15
196,31
588,0
488,45
95,36
289,47
140,17
163,34
1149,14
390,23
209,56
242,15
96,31
199,0
306,45
88,36
259,47
140,17
159,34
409,14
751,23
216,56
181,15
211,31
215,0
293,45
91,36
273,47
155,17
174,34
559,14
394,23
191,56
226,15
150,31
186,0
537,45
100,36
313,47
136,17
451,34
445,14
371,23
205,56
214,15
142,31
196,0
273,45
100,36
312,47
131,17
172,34
428,14
527,23
225,56
213,15
163,31
203,0
622,45
86,36
314,47
143,17
200,34
557,14
390,23
199,56
245,15
142,31
184,0
323,45
95,36
268,47
173,17
165,34
478,14
418,23
200,56
231,15
156,31
238,0
306,45
89,36
262,47
163,17
148,34
403,14
538,23
261,56
300,15
188,31
231,0
267,45
95,36
259,47
170,17
143,34
366,14
468,23
210,56
235,15
163,31
232,0
503,45
72,36
293,47
144,17
188,34
546,14
440,23
172,56
258,15
152,31
230,0
554,45
73,36
396,47
204,17
190,34
433,14
418,23
191,56
238,15
160,31
254,0
287,45
103,36
297,47
192,17
158,34
324,14
590,23
270,56
203,15
190,31
219,0
486,45
118,36
320,47
167,17
177,34
839,14
574,23
443,56
231,15
222,31
239,0
255,45
105,36
272,47
212,17
188,34
334,14
545,23
234,56
235,15
171,31
275,0
304,45
124,36
283,47
195,17
151,34
344,14
601,23
249,56
240,15
192,31
223,0
572,45
40,36
280,47
202,17
188,34
501,14
566,23
253,56
222,15
237,31
296,0
367,45
86,36
336,47
211,17
251,34
382,14
579,23
361,56
258,15
239,31
247,0
733,45
93,36
266,47
212,17
187,34
448,14
543,23
361,56
212,15
210,31
245,0
262,45
123,36
252,47
200,17
189,34
356,14
734,23
335,56
215,15
201,31
227,0
830,45
97,36
304,47
214,17
194,34
732,14
536,23
304,56
231,15
200,31
267,0
337,45
105,36
390,47
235,17
166,34
360,14
511,23
242,56
251,15
317,31
286,0
240,45
97,36
293,47
171,17
153,34
409,14
622,23
333,56
266,15
200,31
231,0
262,45
111,36
315,47
187,17
166,34
399,14
552,23
301,56
255,15
175,31
223,0
503,45
107,36
335,47
154,17
202,34
341,14
515,23
220,56
253,15
182,31
257,0
284,45
115,36
272,47
183,17
164,34
424,14
507,23
256,56
241,15
185,31
249,0
262,45
107,36
281,47
188,17
178,34
377,14
514,23
292,56
226,15
214,31
264,0
286,45
101,36
332,47
206,17
168,34
403,14
603,23
278,56
220,15
225,31
292,0
273,45
103,36
280,47
203,17
175,34
471,14
646,23
214,56
224,15
213,31
264,0
297,45
105,36
196,47
193,17
148,34
381,14
538,23
314,56
187,15
239,31
243,0
290,45
101,36
272,47
187,17
160,34
442,14
538,23
286,56
239,15
256,31
269,0
279,45
90,36
318,47
211,17
164,34
396,14
464,23
253,56
208,15
219,31
301,0
279,45
99,36
328,47
243,17
187,34
424,14
498,23
255,56
245,15
201,31
235,0
301,45
84,36
256,47
195,17
177,34
367,14
538,23
268,56
263,15
187,31
230,0
276,45
89,36
273,47
172,17
178,34
442,14
558,23
314,56
243,15
232,31
210,0
326,45
88,36
287,47
182,17
184,34
429,14
487,23
214,56
238,15
182,31
249,0
259,45
82,36
262,47
213,17
150,34
445,14
674,23
294,56
240,15
223,31
198,0
290,45
97,36
261,47
199,17
161,34
615,14
474,23
258,56
235,15
215,31
254,0
270,45
99,36
246,47
205,17
171,34
403,14
475,23
254,56
241,15
194,31
273,0
268,45
94,36
245,47
188,17
187,34
457,14
486,23
240,56
220,15
186,31
251,0
563,45
75,36
337,47
192,17
192,34
443,14
666,23
350,56
223,15
265,31
222,0
492,45
103,36
274,47
209,17
200,34
405,14
526,23
231,56
230,15
291,31
258,0
310,45
76,36
290,47
148,17
171,34
434,14
546,23
213,56
244,15
140,31
176,0
323,45
82,36
240,47
162,17
172,34
292,14
476,23
201,56
245,15
164,31
212,0
280,45
93,36
276,47
178,17
203,34
464,14
473,23
192,56
259,15
177,31
295,0
289,45
80,36
272,47
167,17
150,34
319,14
538,23
240,56
239,15
177,31
192,0
622,45
86,36
318,47
153,17
165,34
322,14
488,23
233,56
222,15
158,31
244,0
235,45
97,36
276,47
165,17
160,34
361,14
461,23
224,56
215,15
161,31
215,0
270,45
92,36
260,47
147,17
174,34
383,14
533,23
205,56
239,15
172,31
220,0
342,45
22,36
267,47
158,17
182,34
382,14
431,23
262,56
235,15
188,31
222,0
548,45
86,36
271,47
158,17
204,34
322,14
539,23
200,56
216,15
191,31
229,0
548,45
96,36
326,47
165,17
200,34
562,14
532,23
295,56
187,15
214,31
246,0
300,45
109,36
248,47
161,17
185,34
445,14
505,23
403,56
287,15
201,31
278,0
310,45
101,36
322,47
161,17
364,34
360,14
443,23
227,56
216,15
208,31
256,0
304,45
100,36
274,47
384,17
346,34
547,14
467,23
210,56
238,15
147,31
200,0
586,45
161,36
237,47
183,17
191,34
414,14
575,23
235,56
234,15
214,31
207,0
581,45
65,36
354,47
183,17
339,34
423,14
474,23
226,56
243,15
190,31
250,0
300,45
108,36
269,47
188,17
179,34
397,14
441,23
248,56
241,15
209,31
533,0
257,45
89,36
276,47
182,17
191,34
338,14
488,23
206,56
252,15
190,31
259,0
301,45
98,36
276,47
205,17
216,34
326,14
480,23
207,56
207,15
562,31
248,0
256,45
98,36
223,47
189,17
145,34
312,14
460,23
213,56
230,15
173,31
218,0
565,45
77,36
337,47
202,17
197,34
401,14
513,23
205,56
256,15
176,31
212,0
304,45
114,36
247,47
160,17
179,34
311,14
489,23
215,56
212,15
223,31
241,0
328,45
100,36
277,47
161,17
171,34
427,14
487,23
215,56
246,15
213,31
391,0
516,45
85,36
344,47
185,17
190,34
381,14
426,23
244,56
222,15
198,31
248,0
604,45
81,36
275,47
197,17
207,34
426,14
514,23
186,56
244,15
181,31
197,0
320,45
110,36
266,47
175,17
187,34
512,14
469,23
215,56
236,15
198,31
283,0
317,45
89,36
280,47
164,17
206,34
540,14
469,23
232,56
228,15
177,31
220,0
330,45
79,36
264,47
200,17
365,34
342,14
494,23
229,56
221,15
178,31
287,0
306,45
107,36
236,47
166,17
185,34
483,14
524,23
215,56
239,15
184,31
234,0
335,45
95,36
228,47
169,17
189,34
374,14
488,23
184,56
236,15
199,31
229,0
302,45
101,36
227,47
174,17
178,34
399,14
497,23
183,56
237,15
236,31
210,0
636,45
101,36
354,47
206,17
260,34
369,14
506,23
425,56
262,15
215,31
230,0
592,45
82,36
319,47
171,17
199,34
513,14
523,23
213,56
245,15
210,31
236,0
329,45
106,36
261,47
178,17
186,34
384,14
516,23
261,56
277,15
191,31
215,0
321,45
103,36
231,47
202,17
178,34
425,14
492,23
191,56
252,15
206,31
273,0
323,45
93,36
247,47
165,17
165,34
391,14
515,23
200,56
260,15
199,31
226,0
319,45
101,36
226,47
202,17
183,34
659,14
513,23
347,56
254,15
279,31
234,0
361,45
123,36
243,47
174,17
171,34
396,14
511,23
230,56
235,15
214,31
227,0
303,45
98,36
224,47
208,17
196,34
526,14
623,23
431,56
241,15
224,31
190,0
333,45
77,36
273,47
192,17
164,34
590,14
819,23
438,56
320,15
214,31
233,0
314,45
96,36
241,47
197,17
180,34
400,14
606,23
385,56
393,15
326,31
188,0
302,45
111,36
263,47
215,17
190,34
424,14
521,23
420,56
231,15
279,31
196,0
313,45
111,36
254,47
177,17
153,34
348,14
552,23
296,56
231,15
288,31
259,0
312,45
108,36
256,47
290,17
220,34
374,14
534,23
234,56
240,15
188,31
295,0
309,45
75,36
271,47
197,17
172,34
1737,14
622,23
310,56
184,15
209,31
209,0
321,45
100,36
251,47
186,17
237,34
1555,14
522,23
320,56
242,15
258,31
184,0
300,45
110,36
240,47
202,17
156,34
394,14
527,23
305,56
246,15
198,31
342,0
322,45
90,36
301,47
206,17
167,34
379,14
603,23
350,56
247,15
196,31
192,0
579,45
135,36
299,47
175,17
193,34
419,14
536,23
288,56
263,15
178,31
253,0
324,45
91,36
250,47
193,17
175,34
361,14
483,23
318,56
297,15
267,31
237,0
288,45
111,36
214,47
217,17
127,34
383,14
487,23
271,56
223,15
184,31
248,0
306,45
98,36
262,47
134,17
162,34
362,14
455,23
238,56
221,15
178,31
203,0
302,45
99,36
421,47
170,17
165,34
304,14
527,23
235,56
218,15
160,31
216,0
295,45
105,36
275,47
169,17
144,34
310,14
632,23
264,56
223,15
191,31
211,0
270,45
116,36
245,47
177,17
161,34
384,14
483,23
281,56
241,15
179,31
203,0
311,45
102,36
270,47
179,17
195,34
349,14
1829,23
252,56
178,15
209,31
194,0
276,45
104,36
268,47
146,17
163,34
322,14
1143,23
226,56
200,15
168,31
173,0
254,45
94,36
219,47
169,17
169,34
347,14
453,23
224,56
216,15
146,31
185,0
307,45
116,36
256,47
189,17
178,34
528,14
436,23
256,56
175,15
171,31
177,0
290,45
102,36
271,47
159,17
238,34
468,14
485,23
232,56
205,15
147,31
210,0
274,45
103,36
246,47
169,17
173,34
437,14
474,23
213,56
199,15
157,31
192,0
289,45
109,36
267,47
153,17
180,34
331,14
496,23
254,56
193,15
183,31
218,0
272,45
115,36
276,47
165,17
181,34
378,14
580,23
314,56
199,15
201,31
192,0
270,45
115,36
263,47
176,17
240,34
356,14
511,23
266,56
222,15
164,31
168,0
268,45
103,36
261,47
150,17
192,34
341,14
550,23
243,56
214,15
183,31
218,0
279,45
108,36
276,47
158,17
187,34
310,14
522,23
542,56
360,15
186,31
198,0
327,45
105,36
320,47
239,17
258,34
282,14
500,23
293,56
246,15
219,31
216,0
311,45
97,36
280,47
159,17
187,34
327,14
511,23
254,56
229,15
180,31
258,0
291,45
91,36
295,47
179,17
179,34
335,14
474,23
261,56
206,15
453,31
362,0
287,45
97,36
338,47
225,17
269,34
321,14
453,23
246,56
255,15
176,31
234,0
312,45
90,36
237,47
163,17
207,34
336,14
838,23
385,56
195,15
234,31
240,0
324,45
98,36
242,47
185,17
156,34
359,14
714,23
299,56
213,15
251,31
350,0
289,45
91,36
240,47
182,17
169,34
508,14
527,23
240,56
214,15
184,31
242,0
331,45
97,36
256,47
167,17
194,34
428,14
490,23
226,56
230,15
162,31
212,0
335,45
100,36
236,47
169,17
206,34
393,14
522,23
297,56
257,15
177,31
303,0
286,45
87,36
222,47
184,17
158,34
429,14
501,23
216,56
236,15
195,31
216,0
267,45
87,36
227,47
160,17
179,34
323,14
453,23
240,56
216,15
184,31
242,0
333,45
88,36
240,47
166,17
187,34
351,14
445,23
250,56
205,15
186,31
214,0
302,45
91,36
265,47
271,17
153,34
379,14
518,23
264,56
287,15
61,31
241,0
296,45
93,36
232,47
206,17
155,34
381,14
572,23
213,56
248,15
211,31
241,0
333,45
95,36
222,47
182,17
170,34
438,14
532,23
215,56
326,15
289,31
233,0
304,45
95,36
212,47
173,17
206,34
378,14
513,23
287,56
244,15
193,31
210,0
302,45
90,36
212,47
172,17
184,34
385,14
530,23
247,56
223,15
167,31
236,0
298,45
101,36
225,47
177,17
199,34
367,14
483,23
271,56
219,15
186,31
257,0
293,45
92,36
236,47
184,17
178,34
401,14
543,23
248,56
232,15
191,31
196,0
309,45
80,36
236,47
181,17
191,34
341,14
483,23
241,56
232,15
189,31
174,0
294,45
78,36
231,47
173,17
171,34
348,14
469,23
248,56
212,15
180,31
192,0
302,45
103,36
202,47
235,17
192,34
424,14
452,23
233,56
231,15
144,31
167,0
359,45
71,36
329,47
163,17
179,34
352,14
523,23
239,56
251,15
170,31
277,0
315,45
97,36
233,47
221,17
198,34
435,14
527,23
227,56
261,15
227,31
518,0
284,45
101,36
263,47
171,17
202,34
456,14
529,23
328,56
213,15
223,31
216,0
300,45
105,36
231,47
207,17
181,34
397,14
500,23
335,56
167,15
220,31
252,0
631,45
88,36
347,47
171,17
204,34
395,14
529,23
266,56
235,15
182,31
265,0
292,45
118,36
280,47
191,17
174,34
453,14
526,23
272,56
236,15
208,31
254,0
570,45
83,36
318,47
178,17
188,34
438,14
509,23
238,56
242,15
180,31
284,0
305,45
90,36
250,47
170,17
185,34
407,14
489,23
243,56
233,15
209,31
281,0
325,45
88,36
263,47
151,17
201,34
499,14
565,23
272,56
242,15
196,31
197,0
298,45
109,36
253,47
171,17
197,34
375,14
582,23
192,56
314,15
216,31
170,0
320,45
96,36
261,47
171,17
196,34
366,14
1139,23
365,56
205,15
207,31
258,0
287,45
97,36
222,47
190,17
162,34
451,14
536,23
297,56
241,15
176,31
253,0
545,45
92,36
288,47
183,17
192,34
385,14
765,23
368,56
245,15
187,31
223,0
288,45
110,36
257,47
154,17
162,34
341,14
442,23
230,56
197,15
198,31
192,0
280,45
100,36
216,47
171,17
145,34
453,14
466,23
208,56
208,15
163,31
195,0
279,45
96,36
234,47
177,17
157,34
309,14
449,23
213,56
226,15
162,31
199,0
303,45
103,36
254,47
158,17
162,34
392,14
570,23
226,56
220,15
181,31
194,0
303,45
99,36
200,47
160,17
133,34
309,14
475,23
235,56
220,15
171,31
183,0
299,45
112,36
254,47
177,17
179,34
315,14
521,23
271,56
212,15
201,31
201,0
391,45
18,36
280,47
146,17
175,34
333,14
465,23
238,56
198,15
185,31
211,0
303,45
100,36
230,47
129,17
209,34
460,14
519,23
219,56
205,15
189,31
187,0
576,45
68,36
312,47
177,17
208,34
416,14
481,23
210,56
222,15
172,31
199,0
342,45
95,36
275,47
183,17
162,34
353,14
461,23
263,56
211,15
168,31
197,0
339,45
100,36
276,47
185,17
210,34
420,14
441,23
225,56
186,15
143,31
207,0
344,45
90,36
343,47
149,17
194,34
474,14
448,23
225,56
240,15
188,31
251,0
343,45
94,36
382,47
205,17
162,34
360,14
479,23
210,56
229,15
176,31
257,0
344,45
87,36
283,47
213,17
205,34
374,14
503,23
259,56
314,15
227,31
247,0
531,45
118,36
403,47
198,17
198,34
396,14
550,23
406,56
274,15
223,31
201,0
307,45
111,36
274,47
183,17
196,34
361,14
473,23
276,56
241,15
188,31
288,0
297,45
112,36
250,47
163,17
196,34
360,14
487,23
250,56
289,15
294,31
250,0
290,45
97,36
290,47
187,17
184,34
680,14
450,23
230,56
260,15
217,31
285,0
516,45
117,36
287,47
216,17
209,34
380,14
532,23
379,56
214,15
195,31
234,0
363,45
107,36
340,47
245,17
186,34
413,14
426,23
303,56
257,15
207,31
249,0
299,45
102,36
248,47
145,17
194,34
387,14
528,23
297,56
270,15
214,31
216,0
294,45
103,36
258,47
168,17
173,34
328,14
588,23
314,56
318,15
245,31
209,0
314,45
79,36
319,47
170,17
181,34
395,14
533,23
292,56
291,15
220,31
226,0
344,45
95,36
227,47
181,17
187,34
383,14
563,23
304,56
275,15
188,31
202,0
537,45
98,36
231,47
192,17
183,34
399,14
486,23
253,56
248,15
232,31
238,0
367,45
98,36
280,47
176,17
181,34
402,14
572,23
262,56
254,15
192,31
214,0
315,45
104,36
301,47
191,17
188,34
478,14
546,23
247,56
273,15
220,31
225,0
315,45
115,36
386,47
189,17
225,34
377,14
455,23
284,56
229,15
227,31
243,0
299,45
111,36
330,47
187,17
157,34
349,14
517,23
248,56
264,15
210,31
283,0
321,45
97,36
274,47
176,17
192,34
379,14
507,23
272,56
272,15
209,31
257,0
317,45
100,36
446,47
345,17
222,34
594,14
509,23
256,56
247,15
227,31
247,0
872,45
116,36
266,47
165,17
189,34
753,14
465,23
251,56
239,15
139,31
275,0
311,45
102,36
247,47
178,17
170,34
363,14
473,23
252,56
239,15
318,31
256,0
305,45
105,36
331,47
170,17
187,34
369,14
506,23
214,56
250,15
294,31
259,0
295,45
102,36
260,47
166,17
198,34
348,14
528,23
242,56
247,15
245,31
238,0
319,45
88,36
216,47
193,17
176,34
403,14
519,23
248,56
228,15
213,31
249,0
275,45
93,36
268,47
169,17
198,34
396,14
548,23
261,56
250,15
225,31
256,0
563,45
101,36
292,47
170,17
188,34
376,14
541,23
221,56
227,15
203,31
282,0
374,45
92,36
259,47
176,17
179,34
383,14
473,23
243,56
220,15
230,31
264,0
295,45
96,36
348,47
192,17
165,34
399,14
489,23
278,56
229,15
232,31
277,0
331,45
94,36
282,47
184,17
169,34
479,14
477,23
240,56
227,15
216,31
291,0
311,45
106,36
244,47
187,17
174,34
459,14
492,23
229,56
212,15
233,31
297,0
301,45
95,36
285,47
183,17
191,34
376,14
513,23
265,56
231,15
211,31
272,0
304,45
100,36
205,47
169,17
184,34
400,14
471,23
239,56
254,15
187,31
333,0
329,45
102,36
246,47
192,17
192,34
511,14
511,23
265,56
269,15
216,31
291,0
376,45
96,36
275,47
172,17
211,34
385,14
528,23
253,56
238,15
221,31
253,0
583,45
94,36
272,47
185,17
199,34
520,14
502,23
224,56
236,15
211,31
275,0
325,45
87,36
229,47
186,17
179,34
473,14
534,23
226,56
275,15
221,31
218,0
320,45
107,36
257,47
188,17
221,34
468,14
904,23
376,56
239,15
233,31
263,0
302,45
101,36
264,47
181,17
196,34
422,14
663,23
407,56
217,15
239,31
234,0
347,45
91,36
334,47
144,17
188,34
373,14
442,23
229,56
236,15
173,31
207,0
279,45
86,36
249,47
158,17
193,34
365,14
568,23
224,56
218,15
175,31
190,0
270,45
91,36
304,47
175,17
186,34
437,14
549,23
211,56
220,15
382,31
459,0
242,45
79,36
269,47
165,17
192,34
331,14
496,23
262,56
192,15
202,31
228,0
309,45
104,36
233,47
150,17
198,34
422,14
509,23
224,56
208,15
191,31
412,0
326,45
88,36
260,47
148,17
218,34
336,14
514,23
224,56
230,15
198,31
236,0
274,45
81,36
247,47
209,17
182,34
343,14
471,23
222,56
224,15
176,31
221,0
284,45
92,36
210,47
171,17
178,34
314,14
475,23
263,56
215,15
179,31
199,0
276,45
101,36
248,47
163,17
188,34
440,14
442,23
209,56
207,15
183,31
251,0
276,45
79,36
242,47
172,17
188,34
397,14
576,23
220,56
220,15
178,31
194,0
282,45
86,36
250,47
161,17
174,34
356,14
447,23
239,56
185,15
187,31
294,0
254,45
84,36
227,47
175,17
147,34
370,14
477,23
247,56
212,15
284,31
348,0
247,45
85,36
219,47
146,17
180,34
429,14
493,23
200,56
195,15
166,31
222,0
278,45
83,36
246,47
149,17
202,34
348,14
462,23
1162,56
557,15
229,31
215,0
329,45
96,36
246,47
169,17
179,34
361,14
513,23
248,56
256,15
191,31
193,0
306,45
90,36
242,47
158,17
188,34
339,14
481,23
263,56
253,15
178,31
228,0
320,45
77,36
221,47
179,17
172,34
358,14
604,23
200,56
229,15
207,31
221,0
300,45
76,36
253,47
183,17
132,34
331,14
488,23
259,56
228,15
156,31
237,0
292,45
83,36
248,47
193,17
161,34
300,14
456,23
218,56
228,15
180,31
167,0
276,45
87,36
287,47
175,17
170,34
369,14
452,23
230,56
219,15
158,31
208,0
299,45
75,36
223,47
189,17
176,34
368,14
486,23
200,56
229,15
181,31
229,0
312,45
76,36
218,47
176,17
160,34
366,14
571,23
277,56
250,15
224,31
266,0
331,45
67,36
280,47
163,17
204,34
409,14
519,23
267,56
229,15
185,31
234,0
305,45
82,36
288,47
248,17
553,34
310,14
491,23
171,56
228,15
185,31
311,0
277,45
86,36
275,47
138,17
205,34
367,14
512,23
217,56
220,15
233,31
319,0
337,45
72,36
260,47
173,17
191,34
441,14
473,23
211,56
225,15
367,31
277,0
291,45
81,36
276,47
186,17
158,34
414,14
503,23
283,56
220,15
203,31
249,0
764,45
105,36
277,47
171,17
161,34
414,14
530,23
269,56
210,15
400,31
341,0
299,45
71,36
223,47
169,17
174,34
384,14
493,23
261,56
236,15
373,31
268,0
308,45
84,36
236,47
147,17
185,34
399,14
517,23
285,56
251,15
308,31
282,0
284,45
74,36
196,47
180,17
154,34
365,14
481,23
255,56
246,15
375,31
266,0
278,45
80,36
197,47
182,17
170,34
381,14
480,23
230,56
228,15
164,31
322,0
304,45
99,36
224,47
166,17
171,34
355,14
475,23
249,56
238,15
400,31
240,0
278,45
74,36
251,47
189,17
161,34
417,14
530,23
233,56
255,15
200,31
262,0
278,45
98,36
255,47
190,17
176,34
366,14
526,23
217,56
285,15
214,31
239,0
272,45
86,36
252,47
162,17
219,34
782,14
494,23
238,56
436,15
304,31
209,0
260,45
81,36
191,47
212,17
185,34
373,14
476,23
259,56
249,15
175,31
252,0
298,45
97,36
226,47
196,17
183,34
436,14
508,23
249,56
244,15
221,31
225,0
310,45
98,36
227,47
168,17
189,34
364,14
516,23
246,56
245,15
200,31
252,0
283,45
94,36
214,47
189,17
190,34
426,14
504,23
219,56
257,15
393,31
231,0
322,45
91,36
287,47
220,17
192,34
409,14
564,23
287,56
266,15
225,31
244,0
287,45
91,36
222,47
203,17
230,34
433,14
482,23
263,56
258,15
225,31
281,0
318,45
95,36
249,47
205,17
364,34
322,14
458,23
220,56
237,15
194,31
228,0
264,45
100,36
270,47
185,17
364,34
314,14
943,23
310,56
221,15
214,31
234,0
291,45
90,36
290,47
217,17
185,34
367,14
489,23
278,56
211,15
207,31
265,0
296,45
83,36
223,47
166,17
216,34
366,14
480,23
260,56
234,15
185,31
238,0
291,45
79,36
281,47
181,17
284,34
360,14
474,23
292,56
240,15
200,31
245,0
273,45
94,36
551,47
225,17
171,34
331,14
471,23
268,56
232,15
199,31
270,0
281,45
89,36
302,47
208,17
263,34
345,14
503,23
237,56
310,15
188,31
230,0
287,45
105,36
392,47
209,17
226,34
341,14
505,23
278,56
270,15
241,31
260,0
307,45
96,36
229,47
154,17
178,34
320,14
435,23
224,56
204,15
186,31
201,0
257,45
82,36
245,47
139,17
134,34
364,14
450,23
238,56
229,15
180,31
230,0
269,45
81,36
249,47
162,17
168,34
397,14
437,23
258,56
195,15
180,31
188,0
291,45
81,36
371,47
156,17
163,34
345,14
510,23
260,56
210,15
187,31
227,0
264,45
96,36
336,47
166,17
156,34
368,14
449,23
265,56
190,15
195,31
234,0
274,45
92,36
357,47
166,17
138,34
304,14
497,23
229,56
191,15
208,31
227,0
276,45
92,36
322,47
142,17
183,34
353,14
433,23
248,56
224,15
204,31
234,0
266,45
92,36
295,47
162,17
184,34
432,14
439,23
296,56
212,15
189,31
208,0
510,45
49,36
330,47
161,17
179,34
327,14
551,23
326,56
193,15
193,31
211,0
293,45
101,36
323,47
260,17
201,34
322,14
422,23
525,56
377,15
181,31
238,0
265,45
103,36
260,47
152,17
166,34
328,14
451,23
251,56
259,15
210,31
223,0
338,45
80,36
259,47
164,17
163,34
357,14
447,23
261,56
245,15
203,31
181,0
272,45
109,36
324,47
227,17
215,34
320,14
466,23
226,56
235,15
182,31
192,0
515,45
91,36
315,47
145,17
155,34
411,14
452,23
203,56
231,15
155,31
214,0
272,45
91,36
241,47
148,17
148,34
370,14
469,23
278,56
224,15
202,31
220,0
285,45
99,36
300,47
159,17
159,34
374,14
431,23
235,56
199,15
207,31
329,0
285,45
96,36
254,47
169,17
140,34
402,14
490,23
225,56
281,15
390,31
261,0
309,45
96,36
250,47
148,17
171,34
371,14
475,23
504,56
224,15
182,31
239,0
278,45
97,36
259,47
135,17
171,34
340,14
451,23
226,56
265,15
173,31
252,0
762,45
98,36
270,47
146,17
164,34
351,14
474,23
260,56
262,15
176,31
218,0
289,45
103,36
295,47
153,17
153,34
416,14
614,23
228,56
210,15
183,31
210,0
252,45
94,36
232,47
162,17
131,34
341,14
452,23
227,56
234,15
172,31
297,0
188,45
97,36
191,47
160,17
140,34
342,14
493,23
238,56
258,15
188,31
227,0
278,45
97,36
243,47
180,17
157,34
337,14
402,23
239,56
234,15
146,31
218,0
337,45
91,36
222,47
162,17
129,34
370,14
444,23
278,56
260,15
178,31
258,0
263,45
98,36
263,47
180,17
148,34
347,14
817,23
353,56
185,15
213,31
256,0
265,45
100,36
283,47
205,17
261,34
339,14
467,23
220,56
261,15
176,31
218,0
308,45
99,36
235,47
162,17
134,34
327,14
452,23
235,56
236,15
164,31
243,0
329,45
59,36
232,47
169,17
164,34
335,14
448,23
275,56
299,15
181,31
232,0
290,45
90,36
232,47
158,17
173,34
328,14
464,23
256,56
255,15
155,31
220,0
512,45
95,36
307,47
185,17
145,34
339,14
453,23
273,56
294,15
169,31
240,0
346,45
100,36
223,47
168,17
161,34
334,14
434,23
247,56
269,15
167,31
252,0
277,45
99,36
238,47
169,17
169,34
329,14
517,23
240,56
257,15
197,31
213,0
289,45
98,36
277,47
168,17
146,34
376,14
489,23
247,56
278,15
196,31
212,0
570,45
139,36
265,47
205,17
184,34
414,14
531,23
261,56
287,15
187,31
232,0
354,45
26,36
331,47
169,17
183,34
339,14
448,23
258,56
275,15
220,31
210,0
307,45
98,36
221,47
159,17
183,34
377,14
559,23
289,56
446,15
240,31
229,0
479,45
104,36
310,47
161,17
194,34
356,14
506,23
277,56
256,15
207,31
234,0
273,45
102,36
220,47
176,17
161,34
336,14
471,23
228,56
237,15
193,31
240,0
326,45
108,36
228,47
140,17
183,34
345,14
526,23
267,56
245,15
206,31
258,0
279,45
99,36
219,47
192,17
163,34
343,14
487,23
252,56
251,15
209,31
301,0
270,45
106,36
210,47
164,17
170,34
356,14
483,23
258,56
277,15
176,31
243,0
275,45
95,36
197,47
182,17
147,34
358,14
528,23
319,56
216,15
187,31
230,0
280,45
107,36
196,47
186,17
153,34
481,14
502,23
247,56
233,15
169,31
244,0
280,45
100,36
179,47
185,17
138,34
469,14
509,23
227,56
222,15
160,31
221,0
276,45
94,36
189,47
175,17
169,34
384,14
448,23
208,56
219,15
167,31
237,0
291,45
101,36
229,47
195,17
168,34
355,14
465,23
284,56
228,15
196,31
221,0
559,45
116,36
312,47
166,17
177,34
361,14
504,23
230,56
251,15
179,31
242,0
418,45
110,36
233,47
207,17
298,34
341,14
495,23
250,56
220,15
197,31
253,0
303,45
86,36
242,47
188,17
144,34
326,14
452,23
299,56
337,15
202,31
258,0
307,45
88,36
