46,1353
116,736
105,780
101,1681
53,2078
82,2005
111,888
97,960
110,2054
108,2570
46,837
116,522
105,843
101,2697
53,2615
82,1113
111,518
97,1086
110,1243
108,1629
46,1417
116,352
105,1343
101,3146
53,1458
82,1052
111,863
97,686
110,1148
108,892
46,698
116,430
105,779
101,1133
53,1824
82,1011
111,354
97,475
110,531
108,965
46,2121
116,332
105,939
101,1545
53,2303
82,1045
111,258
97,753
110,1243
108,2245
46,634
116,662
105,726
101,856
53,2818
82,1549
111,720
97,490
110,575
108,904
46,2120
116,403
105,698
101,3068
53,8449
82,2743
111,443
97,587
110,792
108,2007
46,3573
116,1116
105,26058
101,1214
53,1721
82,1140
111,333
97,411
110,512
108,811
46,3637
116,368
105,535
101,979
53,2184
82,1163
111,327
97,443
110,536
108,1359
46,1590
116,337
105,482
101,1626
53,1937
82,1530
111,562
97,474
110,629
108,968
46,1170
116,388
105,773
101,1285
53,1273
82,921
111,302
97,422
110,471
108,740
46,1050
116,341
105,726
101,1139
53,2015
82,1251
111,305
97,395
110,608
108,1168
46,594
116,332
105,772
101,1071
53,1443
82,965
111,280
97,345
110,561
108,1153
46,540
116,341
105,425
101,1281
53,2909
82,722
111,1864
97,669
110,680
108,1341
46,950
116,330
105,359
101,4779
53,5211
82,1222
111,244
97,394
110,504
108,1044
46,499
116,387
105,786
101,1325
53,3201
82,1328
111,313
97,286
110,480
108,1137
46,1281
116,312
105,393
101,2748
53,1194
82,1250
111,282
97,372
110,574
108,1005
46,578
116,306
105,386
101,2234
53,1897
82,1275
111,266
97,426
110,509
108,1636
46,684
116,310
105,334
101,1401
53,1072
82,1325
111,266
97,396
110,457
108,1416
46,423
116,371
105,855
101,1111
53,1254
82,734
111,300
97,556
110,582
108,1359
46,478
116,294
105,369
101,1528
53,1708
82,1110
111,276
97,402
110,590
108,1187
46,657
116,347
105,479
101,813
53,1367
82,1138
111,247
97,347
110,454
108,776
46,525
116,359
105,799
101,1546
53,1482
82,1085
111,274
97,410
110,665
108,1504
46,526
116,396
105,653
101,1349
53,2820
82,1188
111,255
97,378
110,596
108,1421
46,624
116,345
105,378
101,2239
53,1799
82,990
111,270
97,369
110,542
108,770
46,905
116,368
105,389
101,1150
53,3926
82,1229
111,252
97,365
110,518
108,1074
46,596
116,330
105,406
101,1318
53,1475
82,1327
111,1284
97,388
110,977
108,847
46,1371
116,300
105,424
101,1288
53,3837
82,1268
111,284
97,375
110,509
108,1284
46,1410
116,294
105,320
101,1673
53,1932
82,1646
111,293
97,2838
110,850
108,1258
46,495
116,450
105,776
101,1394
53,1415
82,1569
111,632
97,445
110,681
108,1873
46,795
116,398
105,404
101,1833
53,7296
82,1673
111,261
97,341
110,478
108,1069
46,478
116,414
105,578
101,1257
53,1585
82,1404
111,322
97,475
110,574
108,1219
46,923
116,950
105,287
101,1063
53,1523
82,1252
111,254
97,388
110,476
108,1260
46,1405
116,320
105,342
101,1603
53,4261
82,1836
111,317
97,418
110,471
108,1087
46,445
116,381
105,425
101,1170
53,1527
82,1114
111,239
97,353
110,513
108,1065
46,1808
116,387
105,501
101,3039
53,3172
82,1477
111,301
97,366
110,524
108,994
46,1838
116,326
105,332
101,3585
53,1885
82,2032
111,265
97,372
110,506
108,1466
46,495
116,333
105,304
101,2061
53,1534
82,1501
111,798
97,401
110,1247
108,735
46,469
116,384
105,707
101,1430
53,1964
82,1671
111,257
97,1501
110,906
108,835
46,427
116,377
105,378
101,1625
53,1703
82,1332
111,234
97,362
110,483
108,1316
46,478
116,355
105,306
101,2696
53,1849
82,1232
111,308
97,507
110,1423
108,2616
46,446
116,332
105,313
101,1340
53,2490
82,1205
111,237
97,487
110,672
108,1095
46,1291
116,414
105,466
101,1301
53,1325
82,1516
111,284
97,403
110,662
108,1346
46,461
116,355
105,391
101,1542
53,2520
82,1319
111,1405
97,403
110,1131
108,3250
46,1102
116,1405
105,291
101,4856
53,1565
82,1250
111,236
97,382
110,526
108,1307
46,448
116,337
105,342
101,1689
53,1426
82,1694
111,274
97,380
110,535
108,901
46,497
116,353
105,297
101,2700
53,3574
82,1484
111,249
97,378
110,539
108,1136
46,521
116,359
105,431
101,1887
53,4041
82,1115
111,270
97,339
110,475
108,1175
46,1755
116,368
105,769
101,1803
53,5512
82,1361
111,2133
97,427
110,1006
108,1459
46,441
116,342
105,367
101,2554
53,848
82,839
111,246
97,444
110,547
108,2589
46,529
116,661
105,865
101,2032
53,1121
82,1153
111,369
97,800
110,731
108,942
46,1036
116,735
105,625
101,1356
53,1572
82,1198
111,430
97,432
110,533
108,898
46,545
116,460
105,441
101,1429
53,1724
82,1424
111,302
97,485
110,489
108,1331
46,530
116,364
105,522
101,3108
53,1529
82,1234
111,291
97,360
110,527
108,814
46,1573
116,347
105,438
101,1708
53,1407
82,2440
111,385
97,327
110,472
108,810
46,497
116,381
105,624
101,832
53,2258
82,1285
111,295
97,385
110,497
108,844
46,473
116,351
105,595
101,1392
53,1556
82,1333
111,263
97,349
110,547
108,2163
46,1660
116,314
105,395
101,1001
53,1152
82,1051
111,249
97,366
110,443
108,1348
46,596
116,329
105,442
101,1792
53,1281
82,1032
111,260
97,411
110,505
108,1096
46,690
116,327
105,397
101,2719
53,1316
82,1091
111,306
97,312
110,523
108,1123
46,492
116,353
105,477
101,1099
53,846
82,801
111,337
97,354
110,437
108,693
46,510
116,423
105,618
101,715
53,1111
82,911
111,393
97,396
110,463
108,829
46,521
116,362
105,810
101,721
53,854
82,556
111,359
97,381
110,431
108,919
46,367
116,397
105,405
101,1787
53,1439
82,600
111,315
97,324
110,414
108,569
46,521
116,466
105,490
101,1110
53,708
82,427
111,797
97,369
110,505
108,797
46,450
116,343
105,752
101,1146
53,824
82,480
111,301
97,371
110,426
108,628
46,716
116,5039
105,1192
101,824
53,762
82,468
111,337
97,405
110,434
108,884
46,587
116,338
105,453
101,1345
53,736
82,564
111,598
97,400
110,507
108,736
46,478
116,425
105,500
101,983
53,1266
82,417
111,339
97,373
110,466
108,978
46,453
116,345
105,610
101,1728
53,680
82,545
111,326
97,336
110,407
108,896
46,498
116,367
105,358
101,661
53,728
82,470
111,285
97,353
110,411
108,942
46,500
116,359
105,319
101,597
53,846
82,415
111,265
97,367
110,433
108,729
46,891
116,335
105,283
101,1028
53,813
82,419
111,255
97,373
110,422
108,527
46,667
116,306
105,328
101,932
53,644
82,422
111,259
97,355
110,613
108,611
46,852
116,300
105,404
101,640
53,814
82,713
111,659
97,384
110,495
108,969
46,1405
116,362
105,467
101,820
53,725
82,522
111,301
97,412
110,533
108,1158
46,371
116,1465
105,486
101,1268
53,2580
82,2244
111,303
97,359
110,485
108,1199
46,469
116,355
105,384
101,804
53,690
82,402
111,298
97,380
110,568
108,795
46,487
116,368
105,361
101,488
53,705
82,405
111,335
97,395
110,456
108,787
46,588
116,210
105,394
101,579
53,732
82,300
111,267
97,372
110,722
108,537
46,427
116,328
105,308
101,462
53,630
82,343
111,260
97,385
110,1052
108,604
46,487
116,599
105,390
101,659
53,697
82,445
111,275
97,391
110,1203
108,1253
46,496
116,323
105,317
101,485
53,732
82,451
111,284
97,342
110,429
108,807
46,492
116,312
105,390
101,1102
53,1601
82,1198
111,492
97,372
110,553
108,797
46,840
116,431
105,405
101,474
53,650
82,360
111,327
97,388
110,670
108,1234
46,975
116,387
105,362
101,1364
53,1344
82,570
111,2205
97,1004
110,523
108,999
46,1009
116,347
105,342
101,908
53,750
82,453
111,261
97,389
110,822
108,1163
46,441
116,320
105,299
101,841
53,731
82,394
111,259
97,452
110,815
108,1547
46,422
116,353
105,414
101,532
53,674
82,381
111,268
97,387
110,501
108,695
46,566
116,294
105,527
101,573
53,1433
82,633
111,285
97,379
110,827
108,691
46,596
116,315
105,379
101,1083
53,689
82,363
111,266
97,388
110,545
108,583
46,472
116,297
105,354
101,706
53,700
82,478
111,304
97,665
110,1711
108,947
46,2495
116,407
105,883
101,743
53,670
82,398
111,269
97,395
110,483
108,584
46,471
116,287
105,289
101,459
53,639
82,346
111,249
97,414
110,640
108,578
46,415
116,326
105,325
101,480
53,595
82,416
111,585
97,456
110,1249
108,998
46,1138
116,314
105,351
101,653
53,1107
82,361
111,266
97,370
110,425
108,560
46,547
116,452
105,853
101,678
53,1261
82,941
111,571
97,415
110,456
108,611
46,421
116,332
105,352
101,733
53,710
82,368
111,256
97,404
110,475
108,597
46,521
116,383
105,329
101,652
53,624
82,442
111,349
97,506
110,814
108,1038
46,387
116,411
105,316
101,709
53,652
82,454
111,314
97,474
110,558
108,777
46,654
116,501
105,474
101,990
53,840
82,1491
111,321
97,606
110,687
108,853
46,889
116,578
105,648
101,823
53,949
82,1433
111,398
97,625
110,716
108,967
46,695
116,547
105,706
101,1034
53,1039
82,1243
111,347
97,427
110,452
108,1004
46,520
116,447
105,558
101,1025
53,865
82,552
111,306
97,472
110,452
108,728
46,797
116,447
105,744
101,871
53,891
82,572
111,283
97,570
110,520
108,843
46,546
116,382
105,494
101,707
53,735
82,465
111,263
97,572
110,524
108,867
46,577
116,461
105,481
101,636
53,841
82,499
111,341
97,536
110,480
108,696
46,476
116,385
105,496
101,623
53,1198
82,494
111,313
97,501
110,516
108,1378
46,460
116,529
105,497
101,802
53,745
82,572
111,310
97,484
110,429
108,921
46,486
116,435
105,418
101,644
53,1048
82,765
111,391
97,537
110,516
108,694
46,599
116,362
105,383
101,552
53,618
82,536
111,328
97,465
110,420
108,737
46,502
116,448
105,458
101,867
53,655
82,433
111,281
97,426
110,522
108,939
46,507
116,364
105,401
101,577
53,654
82,395
111,523
97,1024
110,693
108,1253
46,637
116,390
105,309
101,452
53,682
82,666
111,1295
97,556
110,602
108,790
46,932
116,522
105,562
101,512
53,692
82,487
111,275
97,507
110,454
108,598
46,489
116,336
105,249
101,437
53,689
82,367
111,299
97,553
110,456
108,1048
46,491
116,398
105,313
101,464
53,641
82,401
111,301
97,1121
110,642
108,834
46,524
116,421
105,378
101,563
53,729
82,480
111,305
97,447
110,413
108,715
46,617
116,379
105,380
101,1560
53,597
82,339
111,272
97,421
110,381
108,867
46,425
116,304
105,262
101,429
53,638
82,351
111,304
97,806
110,543
108,681
46,516
116,362
105,273
101,444
53,576
82,430
111,567
97,487
110,456
108,819
46,584
116,360
105,501
101,926
53,659
82,439
111,330
97,524
110,1115
108,855
46,560
116,424
105,287
101,442
53,597
82,413
111,264
97,405
110,418
108,534
46,429
116,302
105,863
101,696
53,763
82,551
111,272
97,442
110,475
108,1567
46,992
116,484
105,350
101,663
53,856
82,574
111,1634
97,930
110,727
108,688
46,1476
116,347
105,371
101,553
53,665
82,402
111,321
97,440
110,349
108,852
46,541
116,349
105,267
101,1370
53,844
82,684
111,273
97,434
110,449
108,876
46,472
116,364
105,298
101,546
53,791
82,481
111,240
97,414
110,419
108,799
46,543
116,340
105,1269
101,730
53,774
82,483
111,285
97,434
110,482
108,710
46,594
116,372
105,289
101,532
53,609
82,452
111,366
97,486
110,368
108,609
46,807
116,469
105,420
101,466
53,1539
82,1431
111,354
97,496
110,1504
108,969
46,609
116,472
105,252
101,522
53,1654
82,992
111,548
97,530
110,527
108,1136
46,1252
116,527
105,459
101,879
53,923
82,561
111,408
97,571
110,540
108,1388
46,481
116,341
105,266
101,612
53,762
82,499
111,283
97,446
110,390
108,943
46,558
116,591
105,502
101,564
53,829
82,575
111,1398
97,1031
110,817
108,845
46,781
116,602
105,1161
101,744
53,1244
82,777
111,628
97,530
110,499
108,1143
46,654
116,569
105,572
101,675
53,1166
82,609
111,452
97,5363
110,937
108,1275
46,611
116,480
105,508
101,526
53,1210
82,1315
111,998
97,1466
110,837
108,2641
46,494
116,384
105,285
101,558
53,2242
82,996
111,951
97,2092
110,638
108,701
46,493
116,342
105,577
101,1048
53,1508
82,1006
111,696
97,741
110,768
108,1048
46,476
116,360
105,242
101,452
53,932
82,477
111,261
97,455
110,420
108,1681
46,550
116,337
105,281
101,473
53,1120
82,549
111,820
97,406
110,589
108,744
46,882
116,341
105,261
101,604
53,1687
82,949
111,530
97,783
110,620
108,1578
46,497
116,410
105,779
101,2045
53,2107
82,453
111,431
97,1723
110,1196
108,1637
46,1149
116,395
105,456
101,541
53,910
82,478
111,697
97,420
110,688
108,694
46,1608
116,340
105,272
101,774
53,1106
82,519
111,587
97,496
110,938
108,1387
46,580
116,399
105,316
101,497
53,1133
82,446
111,821
97,426
110,737
108,808
46,546
116,336
105,315
101,473
53,809
82,460
111,477
97,345
110,503
108,619
46,458
116,330
105,303
101,481
53,782
82,634
111,321
97,432
110,407
108,771
46,843
116,409
105,274
101,1083
53,815
82,386
111,680
97,386
110,585
108,614
46,822
116,1129
105,735
101,1072
53,1205
82,1282
111,520
97,644
110,661
108,1631
46,618
116,667
105,694
101,688
53,1079
82,643
111,440
97,575
110,607
108,1290
46,719
116,458
105,753
101,1559
53,3965
82,1286
111,436
97,466
110,767
108,1174
46,924
116,552
105,628
101,731
53,914
82,525
111,364
97,562
110,537
108,740
46,629
116,375
105,518
101,539
53,743
82,431
111,404
97,478
110,511
108,701
46,494
116,306
105,319
101,487
53,688
82,393
111,426
97,439
110,426
108,714
46,673
116,314
105,352
101,542
53,720
82,416
111,301
97,518
110,421
108,865
46,807
116,392
105,549
101,804
53,810
82,472
111,308
97,492
110,502
108,703
46,512
116,343
105,285
101,645
53,679
82,408
111,259
97,420
110,436
108,904
46,2404
116,338
105,335
101,469
53,728
82,456
111,586
97,512
110,584
108,1651
46,827
116,495
105,468
101,695
53,682
82,503
111,305
97,542
110,472
108,652
46,616
116,340
105,270
101,441
53,688
82,460
111,280
97,427
110,380
108,657
46,456
116,375
105,289
101,518
53,579
82,345
111,269
97,393
110,416
108,713
46,458
116,373
105,272
101,511
53,1991
82,472
111,320
97,419
110,529
108,1141
46,515
116,312
105,186
101,458
53,813
82,1816
111,369
97,491
110,486
108,695
46,416
116,368
105,276
101,591
53,3540
82,1361
111,278
97,367
110,382
108,750
46,420
116,302
105,221
101,435
53,648
82,377
111,339
97,413
110,462
108,587
46,458
116,306
105,245
101,464
53,633
82,385
111,270
97,358
110,422
108,931
46,432
116,293
105,232
101,449
53,645
82,381
111,245
97,404
110,517
108,531
46,398
116,339
105,227
101,378
53,607
82,358
111,222
97,402
110,372
108,617
46,468
116,328
105,297
101,380
53,534
82,368
111,282
97,537
110,502
108,610
46,483
116,384
105,177
101,435
53,2619
82,585
111,309
97,382
110,421
108,598
46,473
116,271
105,197
101,367
53,731
82,404
111,289
97,353
110,377
108,868
46,437
116,279
105,238
101,426
53,1207
82,409
111,285
97,430
110,452
108,540
46,486
116,291
105,208
101,420
53,675
82,420
111,239
97,379
110,380
108,719
46,382
116,328
105,226
101,587
53,731
82,435
111,249
97,421
110,510
108,1299
46,2802
116,423
105,262
101,537
53,773
82,369
111,247
97,426
110,388
108,622
46,415
116,291
105,205
101,514
53,658
82,1021
111,269
97,356
110,409
108,949
46,591
116,291
105,194
101,353
53,626
82,321
111,244
97,321
110,375
108,548
46,350
116,338
105,257
101,438
53,592
82,357
111,224
97,358
110,347
108,688
46,389
116,342
105,231
101,511
53,2002
82,1309
111,559
97,533
110,795
108,887
46,432
116,257
105,219
101,346
53,596
82,367
111,227
97,344
110,343
108,587
46,392
116,293
105,207
101,343
53,581
82,430
111,281
97,354
110,338
108,608
46,484
116,305
105,205
101,338
53,635
82,359
111,253
97,348
110,337
108,610
46,1049
116,327
105,251
101,926
53,587
82,327
111,250
97,317
110,404
108,764
46,612
116,288
105,268
101,419
53,1605
82,556
111,274
97,383
110,343
108,662
46,405
116,351
105,181
101,339
53,645
82,391
111,257
97,361
110,350
108,614
46,516
116,274
105,229
101,366
53,617
82,381
111,304
97,364
110,534
108,669
46,578
116,272
105,199
101,342
53,651
82,365
111,258
97,378
110,388
108,806
46,886
116,295
105,246
101,353
53,747
82,427
111,221
97,372
110,339
108,628
46,508
116,411
105,287
101,459
53,837
82,392
111,250
97,361
110,590
108,685
46,537
116,417
105,275
101,381
53,741
82,353
111,564
97,3713
110,946
108,923
46,487
116,315
105,219
101,401
53,773
82,402
111,258
97,382
110,324
108,623
46,424
116,291
105,192
101,410
53,632
82,310
111,238
97,336
110,337
108,593
46,484
116,235
105,1615
101,1139
53,823
82,456
111,287
97,392
110,390
108,759
46,517
116,316
105,208
101,356
53,597
82,341
111,234
97,384
110,422
108,647
46,444
116,295
105,197
101,376
53,610
82,351
111,309
97,354
110,425
108,684
46,485
116,275
105,209
101,371
53,589
82,340
111,252
97,391
110,383
108,4165
46,486
116,311
105,232
101,378
53,713
82,313
111,240
97,352
110,347
108,616
46,716
116,340
105,303
101,463
53,640
82,319
111,240
97,466
110,438
108,623
46,556
116,343
105,317
101,828
53,750
82,345
111,396
97,457
110,528
108,1102
46,491
116,321
105,262
101,502
53,692
82,396
111,305
97,376
110,357
108,718
46,474
116,308
105,214
101,537
53,595
82,343
111,284
97,318
110,388
108,688
46,458
116,310
105,201
101,373
53,944
82,708
111,835
97,349
110,499
108,526
46,495
116,289
105,232
101,379
53,923
82,426
111,303
97,417
110,415
108,654
46,651
116,299
105,1030
101,529
53,739
82,482
111,305
97,446
110,420
108,892
46,538
116,291
105,241
101,461
53,672
82,323
111,259
97,348
110,372
108,585
46,498
116,303
105,571
101,1123
53,667
82,405
111,307
97,474
110,566
108,666
46,419
116,298
105,217
101,364
53,711
82,370
111,291
97,354
110,359
108,589
46,524
116,318
105,212
101,494
53,684
82,321
111,269
97,378
110,389
108,530
46,435
116,290
105,384
101,1354
53,712
82,364
111,258
97,381
110,349
108,670
46,462
116,283
105,218
101,389
53,822
82,3307
111,724
97,345
110,577
108,548
46,421
116,285
105,214
101,399
53,683
82,332
111,229
97,374
110,358
108,540
46,444
116,439
105,254
101,437
53,635
82,347
111,242
97,347
110,370
108,708
46,472
116,292
105,241
101,442
53,690
82,302
111,250
97,313
110,603
108,529
46,470
116,489
105,267
101,447
53,681
82,306
111,249
97,379
110,398
108,694
46,420
116,323
105,236
101,568
53,719
82,282
111,256
97,350
110,371
108,588
46,431
116,337
105,220
101,422
53,633
82,289
111,252
97,341
110,326
108,506
46,376
116,341
105,233
101,450
53,675
82,324
111,260
97,395
110,368
108,609
46,533
116,996
105,636
101,560
53,697
82,339
111,275
97,394
110,356
108,553
46,459
116,323
105,226
101,430
53,673
82,255
111,258
97,366
110,376
108,671
46,394
116,452
105,267
101,441
53,717
82,311
111,262
97,350
110,419
108,542
46,482
116,269
105,249
101,416
53,675
82,279
111,249
97,389
110,465
108,514
46,418
116,310
105,246
101,369
53,667
82,291
111,240
97,343
110,364
108,727
46,458
116,310
105,221
101,392
53,689
82,1208
111,670
97,386
110,509
108,869
46,447
116,282
105,220
101,434
53,697
82,302
111,247
97,363
110,425
108,609
46,660
116,361
105,210
101,355
53,728
82,326
111,271
97,369
110,336
108,546
46,615
116,287
105,261
101,466
53,789
82,306
111,259
97,328
110,334
108,490
46,610
116,529
105,323
101,442
53,778
82,356
111,259
97,399
110,333
108,542
46,460
116,341
105,228
101,474
53,1275
82,436
111,313
97,419
110,583
108,576
46,481
116,303
105,243
101,479
53,697
82,308
111,233
97,448
110,393
108,508
46,477
116,261
105,243
101,427
53,868
82,1666
111,336
97,318
110,419
108,489
46,520
116,264
105,283
101,362
53,626
82,323
111,240
97,334
110,327
108,452
46,460
116,302
105,225
101,443
53,656
82,353
111,236
97,370
110,341
108,544
46,474
116,329
105,302
101,779
53,693
82,340
111,247
97,372
110,385
108,492
46,930
116,293
105,242
101,399
53,620
82,324
111,238
97,357
110,578
108,632
46,489
116,265
105,252
101,447
53,616
82,293
111,236
97,336
110,349
108,484
46,479
116,353
105,326
101,743
53,667
82,397
111,287
97,410
110,352
108,636
46,428
116,347
105,294
101,339
53,655
82,336
111,252
97,323
110,362
108,546
46,434
116,465
105,299
101,411
53,664
82,285
111,241
97,395
110,368
108,511
46,469
116,295
105,222
101,428
53,649
82,328
111,232
97,352
110,386
108,611
46,502
116,368
105,272
101,457
53,741
82,622
111,496
97,513
110,509
108,754
46,507
116,375
105,205
101,432
53,925
82,365
111,203
97,451
110,543
108,659
46,497
116,350
105,250
101,471
53,627
82,293
111,264
97,371
110,346
108,547
46,590
116,292
105,259
101,441
53,2477
82,693
111,258
97,277
110,307
108,620
46,660
116,212
105,269
101,409
53,816
82,442
111,281
97,355
110,382
108,693
46,1506
116,280
105,677
101,548
53,1264
82,394
111,324
97,644
110,2679
108,1277
46,494
116,374
105,280
101,514
53,1379
82,454
111,325
97,385
110,379
108,728
46,556
116,311
105,278
101,382
53,685
82,325
111,250
97,336
110,366
108,546
46,402
116,304
105,222
101,419
53,743
82,320
111,262
97,352
110,395
108,1090
46,550
116,391
105,368
101,647
53,1812
82,877
111,674
97,494
110,652
108,906
46,552
116,512
105,454
101,689
53,917
82,435
111,341
97,419
110,417
108,1337
46,501
116,397
105,272
101,490
53,1301
82,529
111,302
97,373
110,429
108,1271
46,447
116,516
105,292
101,538
53,681
82,312
111,271
97,361
110,399
108,697
46,751
116,362
105,295
101,431
53,693
82,437
111,318
97,335
110,371
108,720
46,457
116,285
105,252
101,390
53,689
82,289
111,281
97,345
110,499
108,793
46,487
116,285
105,280
101,428
53,692
82,291
111,263
97,349
110,413
108,576
46,439
116,304
105,244
101,375
53,854
82,469
111,264
97,322
110,369
108,612
46,481
116,289
105,277
101,438
53,596
82,317
111,272
97,336
110,353
108,516
46,585
116,276
105,242
101,404
53,720
82,333
111,328
97,355
110,366
108,1241
46,756
116,277
105,853
101,512
53,690
82,333
111,245
97,403
110,414
108,576
46,500
116,279
105,244
101,362
53,615
82,306
111,248
97,318
110,365
108,613
46,459
116,282
105,250
101,344
53,579
82,296
111,237
97,1132
110,404
108,911
46,534
116,319
105,182
101,413
53,660
82,664
111,238
97,316
110,338
108,2053
46,459
116,307
105,229
101,404
53,605
82,314
111,265
97,320
110,337
108,626
46,442
116,277
105,240
101,372
53,655
82,346
111,273
97,342
110,426
108,714
46,502
116,286
105,277
101,419
53,668
82,341
111,232
97,347
110,386
108,550
46,447
116,278
105,260
101,361
53,583
82,315
111,281
97,306
110,365
108,577
46,453
116,266
105,242
101,385
53,594
82,329
111,258
97,327
110,370
108,742
46,480
116,482
105,343
101,423
53,657
82,453
111,282
97,364
110,427
108,670
46,442
116,299
105,366
101,946
53,714
82,382
111,259
97,339
110,414
108,677
46,450
116,330
105,246
101,375
53,759
82,435
111,277
97,321
110,1449
108,1075
46,532
116,428
105,298
101,607
53,848
82,466
111,1730
97,627
110,1161
108,927
46,1144
116,466
105,284
101,488
53,702
82,322
111,298
97,341
110,1017
108,769
46,529
116,329
105,251
101,417
53,685
82,327
111,262
97,345
110,428
108,665
46,432
116,328
105,423
101,1188
53,768
82,346
111,250
97,340
110,362
108,1679
46,567
116,485
105,348
101,501
53,672
82,299
111,272
97,384
110,761
108,599
46,507
116,303
105,215
101,396
53,625
82,345
111,243
97,380
110,852
108,612
46,442
116,313
105,207
101,405
53,619
82,304
111,271
97,374
110,402
108,640
46,449
116,552
105,408
101,572
53,766
82,933
111,343
97,373
110,405
108,542
46,500
116,297
105,224
101,357
53,629
82,329
111,272
97,375
110,407
108,518
46,465
116,307
105,195
101,390
53,611
82,345
111,248
97,357
110,362
108,561
46,429
116,300
105,207
101,368
53,630
82,342
111,257
97,365
110,410
108,755
46,486
116,296
105,247
101,430
53,656
82,358
111,264
97,365
110,430
108,599
46,381
116,315
105,251
101,351
53,661
82,414
111,236
97,390
110,360
108,521
46,961
116,309
105,210
101,366
53,784
82,1677
111,480
97,463
110,539
108,861
46,575
116,403
105,282
101,423
53,716
82,367
111,288
97,391
110,666
108,572
46,416
116,309
105,266
101,424
53,595
82,353
111,258
97,353
110,382
108,628
46,514
116,407
105,324
101,416
53,601
82,336
111,275
97,390
110,380
108,533
46,409
116,311
105,201
101,345
53,1759
82,575
111,253
97,316
110,392
108,1280
46,471
116,291
105,219
101,379
53,665
82,325
111,255
97,419
110,369
108,503
46,505
116,365
105,304
101,394
53,1101
82,497
111,314
97,418
110,457
108,723
46,421
116,312
105,353
101,795
53,688
82,370
111,227
97,350
110,372
108,456
46,444
116,278
105,268
101,410
53,578
82,343
111,259
97,360
110,393
108,762
46,462
116,302
105,232
101,333
53,662
82,356
111,242
97,326
110,385
108,464
46,385
116,322
105,839
101,502
53,1077
82,433
111,235
97,347
110,363
108,699
46,463
116,330
105,208
101,396
53,1024
82,386
111,236
97,332
110,366
108,732
46,541
116,322
105,238
101,383
53,676
82,376
111,259
97,372
110,476
108,761
46,1058
116,395
105,304
101,472
53,691
82,389
111,266
97,377
110,740
108,845
46,427
116,371
105,282
101,429
53,593
82,314
111,247
97,352
110,398
108,515
46,441
116,368
105,288
101,442
53,776
82,476
111,283
97,415
110,436
108,726
46,468
116,270
105,259
101,458
53,685
82,382
111,309
97,323
110,376
108,601
46,461
116,303
105,211
101,380
53,605
82,306
111,277
97,366
110,407
108,600
46,418
116,301
105,244
101,342
53,570
82,320
111,276
97,342
110,360
108,520
46,398
116,268
105,223
101,339
53,560
82,290
111,282
97,364
110,474
108,535
46,486
116,329
105,272
101,345
53,575
82,417
111,296
97,351
110,645
108,579
46,1935
116,644
105,333
101,394
53,548
82,332
111,278
97,336
110,384
108,525
46,432
116,264
105,229
101,354
53,572
82,511
111,474
97,1324
110,825
108,530
46,435
116,311
105,218
101,354
53,538
82,335
111,267
97,392
110,743
108,591
46,468
116,280
105,229
101,588
53,654
82,285
111,257
97,335
110,354
108,526
46,504
116,255
105,252
101,424
53,660
82,347
111,228
97,397
110,2656
108,645
46,718
116,250
105,264
101,364
53,735
82,4292
111,260
97,360
110,363
108,666
46,1064
116,299
105,312
101,1132
53,681
82,445
111,267
97,1554
110,1291
108,1058
46,414
116,332
105,223
101,399
53,733
82,461
111,224
97,401
110,373
108,597
46,427
116,289
105,212
101,411
53,720
82,343
111,259
97,443
110,485
108,558
46,424
116,341
105,207
101,389
53,697
82,367
111,229
97,375
110,347
108,570
46,432
116,325
105,246
101,372
53,645
82,416
111,257
97,413
110,585
108,661
46,980
116,346
105,229
101,412
53,639
82,354
111,210
97,394
110,373
108,633
46,407
116,333
105,242
101,435
53,726
82,357
111,225
97,427
110,570
108,600
46,427
116,322
105,168
101,376
53,675
82,399
111,237
97,431
110,634
108,668
46,450
116,318
105,243
101,361
53,605
82,396
111,228
97,409
110,359
108,462
46,426
116,303
105,211
101,384
53,596
82,321
111,220
97,383
110,362
108,498
46,398
116,296
105,245
101,364
53,5234
82,570
111,266
97,382
110,371
108,2492
46,472
116,313
105,212
101,370
53,735
82,395
111,212
97,413
110,407
108,519
46,365
116,324
105,228
101,333
53,662
82,673
111,252
97,334
110,349
108,597
46,368
116,303
105,252
101,404
53,744
82,540
111,233
97,401
110,385
108,739
46,501
116,306
105,245
101,430
53,693
82,451
111,229
97,413
110,574
108,549
46,443
116,334
105,209
101,359
53,720
82,430
111,204
97,438
110,393
108,536
46,440
116,304
105,279
101,500
53,580
82,272
111,229
97,365
110,345
108,663
46,566
116,309
105,221
101,397
53,639
82,331
111,207
97,422
110,429
108,897
46,442
116,273
105,261
101,327
53,1410
82,345
111,254
97,433
110,479
108,886
46,531
116,278
105,445
101,1488
53,689
82,636
111,241
97,336
110,384
108,829
46,415
116,305
105,276
101,371
53,629
82,298
111,221
97,369
110,338
108,639
46,459
116,309
105,234
101,363
53,660
82,365
111,233
97,339
110,357
108,602
46,454
116,319
105,265
101,378
53,701
82,439
111,248
97,379
110,395
108,439
46,415
116,294
105,239
101,324
53,584
82,319
111,236
97,342
110,362
108,440
46,422
116,306
105,355
101,375
53,656
82,377
111,220
97,378
110,326
108,554
46,412
116,278
105,242
101,346
53,655
82,354
111,234
97,377
110,387
108,668
46,469
116,334
105,261
101,357
53,578
82,330
111,262
97,375
110,377
108,449
46,494
116,291
105,250
101,342
53,696
82,356
111,224
97,407
110,251
108,788
46,1104
116,321
105,237
101,364
53,673
82,560
111,275
97,417
110,334
108,674
46,1243
116,305
105,241
101,325
53,645
82,312
111,213
97,375
110,378
108,435
46,341
116,308
105,225
101,389
53,690
82,356
111,205
97,401
110,349
108,451
46,330
116,282
105,246
101,368
53,618
82,314
111,225
97,367
110,456
108,451
46,592
116,282
105,191
101,358
53,671
82,1787
111,2607
97,391
110,540
108,524
46,1504
116,257
105,832
101,653
53,956
82,503
111,242
97,374
110,360
108,621
46,424
116,392
105,292
101,396
53,649
82,480
111,287
97,443
110,402
108,653
46,419
116,357
105,219
101,349
53,570
82,316
111,216
97,330
110,374
108,573
46,996
116,287
105,225
101,346
53,565
82,315
111,233
97,323
110,379
108,627
46,1218
116,277
105,242
101,375
53,597
82,295
111,236
97,321
110,380
108,543
46,676
116,592
105,604
101,700
53,1042
82,716
111,580
97,541
110,645
108,950
46,578
116,303
105,299
101,514
53,681
82,386
111,291
97,367
110,387
108,634
46,438
116,276
105,246
101,369
53,658
82,358
111,278
97,373
110,386
108,855
46,516
116,511
105,299
101,502
53,658
82,293
111,287
97,340
110,343
108,680
46,397
116,276
105,238
101,410
53,1068
82,327
111,252
97,348
110,343
108,635
46,518
116,259
105,229
101,386
53,1203
82,668
111,280
97,342
110,395
108,2362
46,417
116,279
105,250
101,370
53,738
82,293
111,271
97,372
110,379
108,578
46,415
116,244
105,243
101,369
53,679
82,315
111,255
97,346
110,361
108,668
46,422
116,351
105,164
101,372
53,675
82,273
111,249
97,357
110,364
108,990
46,617
116,469
105,365
101,561
53,742
82,430
111,335
97,410
110,432
108,980
46,646
116,310
105,274
101,379
53,744
82,325
111,296
97,347
110,501
108,669
46,646
116,325
105,300
101,429
53,676
82,296
111,265
97,992
110,390
108,516
46,449
116,304
105,270
101,363
53,609
82,293
111,245
97,368
110,395
108,511
46,624
116,427
105,336
101,469
53,715
82,367
111,293
97,385
110,400
108,624
46,418
116,309
105,258
101,351
53,591
82,255
111,262
97,323
110,402
108,554
46,386
116,319
105,253
101,356
53,642
82,247
111,241
97,325
110,400
108,820
46,423
116,273
105,278
101,344
53,586
82,261
111,259
97,353
110,361
108,1136
46,421
116,267
105,1061
101,431
53,902
82,320
111,271
97,347
110,370
108,548
46,443
116,278
105,242
101,391
53,584
82,281
111,234
97,312
110,349
108,460
46,410
116,277
105,230
101,333
53,1157
82,289
111,263
97,328
110,384
108,534
46,576
116,278
105,288
101,442
53,844
82,319
111,244
97,353
110,385
108,536
46,472
116,280
105,247
101,411
53,951
82,379
111,245
97,362
110,416
108,666
46,453
116,331
105,249
101,359
53,639
82,306
111,235
97,364
110,417
108,612
46,544
116,293
105,205
101,414
53,636
82,320
111,260
97,355
110,364
108,794
46,448
116,333
105,247
101,385
53,650
82,284
111,290
97,301
110,361
108,558
46,424
116,296
105,236
101,375
53,630
82,269
111,238
97,312
110,373
108,592
46,396
116,303
105,322
101,208
53,827
82,344
111,234
97,336
110,388
108,483
46,427
116,286
105,246
101,345
53,602
82,308
111,248
97,332
110,354
108,575
46,458
116,369
105,239
101,344
53,1392
82,534
111,282
97,382
110,324
108,695
46,459
116,299
105,245
101,449
53,600
82,292
111,272
97,362
110,340
108,543
46,419
116,286
105,887
101,397
53,844
82,441
111,248
97,353
110,333
108,665
46,506
116,306
105,273
101,321
53,664
82,326
111,258
97,334
110,369
108,540
46,507
116,292
105,249
101,326
53,652
82,315
111,251
97,339
110,341
108,557
46,473
116,279
105,250
101,517
53,720
82,291
111,272
97,368
110,734
108,789
46,603
116,284
105,264
101,382
53,5379
82,459
111,268
97,394
110,428
108,796
46,491
116,330
105,591
101,417
53,644
82,289
111,236
97,380
110,441
108,463
46,416
116,317
105,196
101,359
53,619
82,298
111,255
97,336
110,435
108,438
46,410
116,331
105,254
101,388
53,619
82,324
111,227
97,338
110,453
108,454
46,434
116,519
105,241
101,406
53,553
82,278
111,237
97,352
110,365
108,567
46,366
116,332
105,270
101,384
53,603
82,293
111,250
97,895
110,906
108,646
46,470
116,293
105,261
101,360
53,662
82,284
111,245
97,402
110,423
108,477
46,389
116,327
105,248
101,384
53,615
82,333
111,220
97,361
110,387
108,570
46,404
116,296
105,333
101,682
53,723
82,329
111,268
97,345
110,385
108,611
46,1807
116,294
105,242
101,349
53,636
82,315
111,338
97,354
110,384
108,467
46,1099
116,306
105,229
101,364
53,567
82,293
111,252
97,338
110,374
108,605
46,523
116,314
105,263
101,389
53,537
82,323
111,251
97,342
110,340
108,568
46,413
116,306
105,246
101,436
53,639
82,300
111,272
97,348
110,389
108,544
46,390
116,305
105,253
101,347
53,617
82,288
111,267
97,360
110,344
108,849
46,459
116,289
105,233
101,390
53,655
82,351
111,259
97,382
110,415
108,669
46,444
116,286
105,271
101,373
53,695
82,338
111,278
97,328
110,475
108,644
