328,47
247,17
327,34
720,14
1216,23
1094,56
270,15
377,31
247,0
384,45
83,36
436,47
336,17
249,34
569,14
994,23
393,56
320,15
314,31
320,0
391,45
79,36
422,47
252,17
344,34
520,14
589,23
361,56
326,15
248,31
342,0
734,45
118,36
567,47
254,17
419,34
649,14
435,23
341,56
330,15
233,31
279,0
359,45
90,36
401,47
224,17
291,34
811,14
454,23
263,56
313,15
236,31
314,0
361,45
99,36
431,47
282,17
694,34
476,14
598,23
264,56
268,15
191,31
289,0
332,45
80,36
336,47
233,17
811,34
853,14
454,23
270,56
306,15
276,31
228,0
377,45
99,36
366,47
221,17
276,34
760,14
721,23
395,56
303,15
179,31
301,0
383,45
98,36
339,47
226,17
303,34
552,14
405,23
256,56
327,15
328,31
267,0
651,45
102,36
1542,47
270,17
1101,34
423,14
377,23
288,56
267,15
489,31
326,0
311,45
93,36
359,47
196,17
302,34
690,14
344,23
265,56
278,15
179,31
248,0
314,45
78,36
297,47
194,17
264,34
490,14
349,23
251,56
397,15
183,31
365,0
409,45
82,36
362,47
220,17
823,34
511,14
362,23
310,56
337,15
477,31
309,0
324,45
86,36
296,47
208,17
300,34
384,14
364,23
308,56
396,15
204,31
295,0
302,45
91,36
302,47
233,17
286,34
439,14
325,23
213,56
322,15
206,31
308,0
714,45
99,36
300,47
216,17
241,34
440,14
488,23
236,56
334,15
238,31
287,0
333,45
95,36
303,47
192,17
227,34
570,14
375,23
245,56
260,15
231,31
267,0
337,45
94,36
264,47
194,17
214,34
356,14
411,23
176,56
281,15
240,31
302,0
321,45
83,36
369,47
286,17
343,34
386,14
352,23
240,56
284,15
212,31
298,0
333,45
77,36
365,47
227,17
241,34
319,14
362,23
242,56
255,15
255,31
240,0
580,45
90,36
292,47
193,17
260,34
341,14
349,23
238,56
243,15
242,31
288,0
303,45
98,36
294,47
193,17
178,34
669,14
335,23
303,56
265,15
274,31
307,0
296,45
120,36
314,47
184,17
208,34
314,14
332,23
217,56
268,15
558,31
316,0
309,45
86,36
306,47
216,17
229,34
371,14
330,23
264,56
237,15
216,31
282,0
304,45
99,36
338,47
208,17
1201,34
492,14
376,23
255,56
228,15
175,31
295,0
310,45
98,36
328,47
168,17
180,34
316,14
342,23
242,56
231,15
228,31
286,0
437,45
84,36
265,47
195,17
186,34
472,14
329,23
222,56
213,15
205,31
257,0
297,45
86,36
235,47
246,17
196,34
318,14
340,23
240,56
217,15
220,31
291,0
343,45
94,36
309,47
213,17
574,34
581,14
308,23
274,56
246,15
541,31
350,0
462,45
76,36
266,47
207,17
180,34
340,14
390,23
323,56
351,15
210,31
312,0
524,45
66,36
258,47
216,17
190,34
343,14
401,23
268,56
272,15
252,31
266,0
318,45
87,36
261,47
227,17
158,34
329,14
408,23
240,56
258,15
264,31
344,0
351,45
84,36
294,47
410,17
315,34
715,14
395,23
259,56
212,15
513,31
323,0
356,45
76,36
732,47
377,17
212,34
344,14
588,23
449,56
402,15
174,31
289,0
301,45
77,36
328,47
213,17
426,34
420,14
368,23
274,56
310,15
264,31
311,0
338,45
76,36
274,47
230,17
211,34
584,14
498,23
269,56
368,15
199,31
294,0
311,45
93,36
336,47
199,17
172,34
388,14
454,23
306,56
286,15
216,31
300,0
348,45
79,36
301,47
192,17
224,34
429,14
423,23
665,56
361,15
233,31
295,0
322,45
83,36
384,47
235,17
173,34
302,14
423,23
319,56
230,15
277,31
291,0
336,45
76,36
309,47
210,17
224,34
523,14
355,23
304,56
185,15
256,31
343,0
269,45
102,36
334,47
191,17
191,34
370,14
503,23
258,56
211,15
232,31
288,0
347,45
77,36
296,47
199,17
188,34
331,14
390,23
309,56
363,15
279,31
322,0
327,45
79,36
1299,47
457,17
175,34
360,14
499,23
253,56
261,15
253,31
305,0
318,45
95,36
547,47
275,17
375,34
443,14
355,23
475,56
432,15
217,31
291,0
316,45
98,36
344,47
204,17
255,34
292,14
379,23
271,56
313,15
252,31
314,0
701,45
82,36
417,47
703,17
219,34
447,14
369,23
794,56
252,15
545,31
310,0
346,45
81,36
388,47
211,17
207,34
571,14
519,23
394,56
250,15
236,31
326,0
399,45
78,36
520,47
383,17
403,34
384,14
353,23
266,56
305,15
252,31
316,0
344,45
97,36
359,47
186,17
202,34
373,14
397,23
285,56
268,15
205,31
306,0
364,45
92,36
543,47
282,17
201,34
343,14
780,23
522,56
363,15
217,31
369,0
377,45
90,36
289,47
1085,17
309,34
565,14
423,23
261,56
224,15
231,31
309,0
319,45
92,36
301,47
184,17
249,34
305,14
374,23
204,56
238,15
224,31
287,0
298,45
64,36
330,47
191,17
237,34
329,14
723,23
328,56
233,15
631,31
282,0
304,45
92,36
338,47
214,17
289,34
532,14
448,23
332,56
299,15
205,31
309,0
260,45
84,36
303,47
211,17
296,34
347,14
406,23
328,56
227,15
226,31
294,0
287,45
71,36
303,47
356,17
320,34
398,14
391,23
304,56
325,15
199,31
285,0
404,45
75,36
326,47
185,17
306,34
367,14
456,23
237,56
263,15
221,31
265,0
290,45
71,36
281,47
197,17
217,34
569,14
747,23
367,56
265,15
331,31
296,0
244,45
73,36
420,47
143,17
237,34
337,14
537,23
268,56
308,15
274,31
271,0
366,45
75,36
435,47
161,17
220,34
359,14
409,23
301,56
264,15
395,31
284,0
268,45
70,36
804,47
353,17
587,34
393,14
822,23
533,56
393,15
156,31
290,0
367,45
70,36
294,47
179,17
229,34
327,14
562,23
306,56
248,15
228,31
332,0
276,45
69,36
400,47
205,17
181,34
294,14
673,23
488,56
390,15
214,31
397,0
340,45
79,36
371,47
629,17
338,34
345,14
496,23
320,56
262,15
249,31
252,0
345,45
89,36
419,47
223,17
250,34
368,14
398,23
236,56
277,15
242,31
258,0
318,45
62,36
352,47
185,17
228,34
328,14
368,23
323,56
274,15
217,31
259,0
331,45
60,36
342,47
193,17
232,34
303,14
484,23
339,56
287,15
192,31
289,0
465,45
68,36
327,47
181,17
181,34
326,14
406,23
292,56
241,15
250,31
318,0
318,45
67,36
295,47
222,17
192,34
303,14
362,23
244,56
204,15
215,31
271,0
712,45
93,36
1054,47
275,17
434,34
316,14
419,23
243,56
274,15
235,31
329,0
330,45
92,36
315,47
189,17
188,34
304,14
386,23
239,56
295,15
216,31
233,0
324,45
82,36
335,47
176,17
168,34
290,14
406,23
213,56
257,15
173,31
284,0
338,45
83,36
272,47
187,17
168,34
291,14
363,23
193,56
274,15
152,31
318,0
329,45
72,36
907,47
293,17
301,34
481,14
637,23
391,56
274,15
248,31
255,0
304,45
109,36
364,47
265,17
228,34
295,14
374,23
235,56
248,15
213,31
292,0
322,45
73,36
296,47
176,17
170,34
298,14
442,23
251,56
202,15
252,31
310,0
420,45
48,36
219,47
194,17
145,34
302,14
360,23
254,56
224,15
204,31
352,0
329,45
72,36
287,47
217,17
122,34
312,14
362,23
243,56
214,15
221,31
280,0
315,45
91,36
347,47
264,17
274,34
668,14
430,23
359,56
270,15
239,31
259,0
311,45
101,36
367,47
250,17
341,34
393,14
416,23
523,56
244,15
240,31
278,0
301,45
88,36
288,47
219,17
265,34
389,14
455,23
313,56
248,15
209,31
384,0
360,45
83,36
306,47
190,17
188,34
291,14
398,23
291,56
232,15
248,31
326,0
364,45
62,36
304,47
229,17
171,34
380,14
404,23
300,56
245,15
227,31
281,0
360,45
77,36
314,47
193,17
157,34
307,14
416,23
251,56
243,15
270,31
299,0
395,45
75,36
634,47
261,17
242,34
394,14
361,23
274,56
239,15
200,31
369,0
390,45
83,36
942,47
222,17
188,34
319,14
362,23
253,56
220,15
237,31
298,0
299,45
78,36
299,47
276,17
302,34
326,14
526,23
298,56
247,15
216,31
311,0
332,45
90,36
263,47
240,17
142,34
305,14
375,23
241,56
236,15
196,31
336,0
322,45
72,36
249,47
242,17
305,34
413,14
425,23
309,56
274,15
255,31
294,0
337,45
75,36
236,47
228,17
179,34
308,14
451,23
365,56
265,15
215,31
326,0
297,45
73,36
324,47
296,17
240,34
406,14
559,23
298,56
355,15
222,31
297,0
298,45
87,36
361,47
231,17
183,34
280,14
409,23
282,56
219,15
245,31
248,0
333,45
116,36
263,47
216,17
199,34
302,14
391,23
296,56
211,15
332,31
314,0
338,45
83,36
376,47
222,17
168,34
294,14
319,23
232,56
269,15
222,31
313,0
367,45
101,36
268,47
268,17
313,34
356,14
442,23
306,56
224,15
219,31
307,0
328,45
98,36
306,47
194,17
169,34
332,14
344,23
264,56
261,15
292,31
655,0
317,45
99,36
388,47
256,17
483,34
323,14
471,23
279,56
298,15
206,31
279,0
304,45
105,36
392,47
355,17
269,34
432,14
411,23
327,56
261,15
283,31
292,0
565,45
71,36
288,47
252,17
212,34
340,14
400,23
319,56
254,15
240,31
339,0
668,45
98,36
644,47
226,17
233,34
464,14
424,23
388,56
246,15
255,31
284,0
374,45
94,36
369,47
594,17
489,34
634,14
658,23
296,56
282,15
248,31
292,0
342,45
95,36
484,47
344,17
393,34
534,14
707,23
331,56
287,15
218,31
308,0
590,45
106,36
526,47
234,17
307,34
381,14
436,23
266,56
276,15
237,31
299,0
359,45
106,36
420,47
304,17
271,34
437,14
473,23
299,56
261,15
211,31
268,0
330,45
100,36
323,47
214,17
228,34
354,14
432,23
273,56
259,15
234,31
263,0
352,45
107,36
485,47
222,17
271,34
340,14
429,23
256,56
236,15
216,31
269,0
668,45
102,36
396,47
182,17
231,34
332,14
377,23
253,56
223,15
212,31
246,0
328,45
97,36
437,47
176,17
280,34
405,14
484,23
249,56
238,15
214,31
306,0
310,45
87,36
335,47
182,17
224,34
344,14
337,23
250,56
261,15
176,31
294,0
346,45
89,36
315,47
217,17
225,34
393,14
344,23
258,56
253,15
166,31
258,0
342,45
80,36
244,47
200,17
224,34
526,14
354,23
280,56
212,15
587,31
305,0
342,45
94,36
325,47
213,17
191,34
326,14
346,23
224,56
240,15
191,31
280,0
302,45
96,36
304,47
182,17
225,34
316,14
369,23
154,56
243,15
227,31
261,0
329,45
100,36
320,47
280,17
261,34
318,14
348,23
236,56
238,15
263,31
295,0
341,45
81,36
199,47
239,17
207,34
572,14
386,23
256,56
224,15
208,31
618,0
312,45
71,36
281,47
184,17
171,34
299,14
323,23
234,56
230,15
484,31
291,0
367,45
152,36
1434,47
253,17
295,34
467,14
377,23
271,56
313,15
185,31
275,0
310,45
92,36
405,47
224,17
204,34
344,14
330,23
215,56
265,15
197,31
256,0
293,45
99,36
318,47
214,17
191,34
330,14
393,23
243,56
254,15
228,31
310,0
350,45
79,36
346,47
208,17
160,34
317,14
333,23
244,56
243,15
203,31
271,0
297,45
77,36
237,47
515,17
306,34
331,14
319,23
204,56
244,15
175,31
320,0
354,45
95,36
302,47
209,17
139,34
316,14
320,23
178,56
259,15
201,31
319,0
343,45
94,36
235,47
277,17
255,34
336,14
335,23
230,56
234,15
208,31
300,0
303,45
87,36
386,47
563,17
263,34
403,14
328,23
237,56
200,15
200,31
297,0
425,45
109,36
233,47
218,17
146,34
323,14
392,23
182,56
235,15
201,31
293,0
311,45
91,36
199,47
234,17
149,34
289,14
346,23
188,56
238,15
180,31
267,0
320,45
86,36
279,47
191,17
386,34
472,14
969,23
230,56
199,15
177,31
274,0
338,45
92,36
390,47
225,17
221,34
478,14
459,23
296,56
247,15
234,31
277,0
335,45
106,36
356,47
285,17
324,34
365,14
502,23
286,56
318,15
246,31
319,0
370,45
104,36
904,47
259,17
734,34
418,14
1026,23
275,56
254,15
175,31
293,0
311,45
90,36
327,47
201,17
168,34
363,14
413,23
273,56
266,15
180,31
286,0
584,45
80,36
284,47
188,17
177,34
288,14
443,23
238,56
256,15
210,31
294,0
321,45
84,36
1022,47
230,17
672,34
434,14
370,23
230,56
296,15
212,31
251,0
308,45
95,36
374,47
190,17
191,34
718,14
398,23
387,56
269,15
271,31
290,0
276,45
97,36
319,47
230,17
265,34
484,14
407,23
279,56
227,15
257,31
132,0
369,45
92,36
286,47
199,17
180,34
382,14
354,23
216,56
282,15
221,31
297,0
314,45
82,36
286,47
225,17
206,34
505,14
406,23
235,56
228,15
166,31
288,0
325,45
80,36
317,47
189,17
181,34
342,14
306,23
243,56
336,15
226,31
288,0
312,45
77,36
251,47
192,17
165,34
342,14
400,23
256,56
254,15
214,31
322,0
363,45
76,36
475,47
201,17
242,34
366,14
409,23
245,56
272,15
229,31
298,0
293,45
77,36
217,47
238,17
190,34
371,14
358,23
282,56
190,15
223,31
291,0
434,45
9,36
1035,47
217,17
282,34
559,14
538,23
337,56
216,15
262,31
615,0
682,45
116,36
594,47
204,17
236,34
367,14
325,23
241,56
230,15
610,31
267,0
642,45
91,36
393,47
200,17
191,34
350,14
341,23
282,56
217,15
264,31
376,0
319,45
105,36
249,47
204,17
1049,34
497,14
658,23
363,56
237,15
229,31
332,0
324,45
101,36
348,47
627,17
290,34
474,14
356,23
256,56
211,15
230,31
276,0
316,45
115,36
425,47
246,17
230,34
337,14
342,23
284,56
226,15
228,31
289,0
629,45
107,36
348,47
193,17
174,34
328,14
327,23
251,56
248,15
206,31
292,0
306,45
105,36
289,47
229,17
154,34
314,14
329,23
244,56
210,15
214,31
326,0
340,45
101,36
291,47
205,17
1476,34
478,14
349,23
275,56
221,15
227,31
333,0
331,45
106,36
569,47
302,17
326,34
406,14
458,23
290,56
295,15
298,31
291,0
407,45
14,36
459,47
265,17
269,34
353,14
457,23
381,56
270,15
284,31
286,0
323,45
95,36
439,47
233,17
262,34
342,14
421,23
319,56
260,15
237,31
291,0
370,45
85,36
457,47
333,17
272,34
392,14
419,23
267,56
288,15
245,31
281,0
349,45
93,36
406,47
207,17
196,34
371,14
765,23
487,56
281,15
189,31
308,0
320,45
89,36
388,47
199,17
179,34
354,14
437,23
345,56
247,15
249,31
272,0
349,45
73,36
918,47
236,17
249,34
450,14
412,23
227,56
242,15
228,31
572,0
335,45
77,36
637,47
273,17
325,34
681,14
994,23
755,56
220,15
179,31
292,0
261,45
66,36
376,47
203,17
205,34
311,14
376,23
284,56
207,15
535,31
315,0
400,45
92,36
426,47
222,17
227,34
404,14
444,23
373,56
233,15
207,31
332,0
352,45
88,36
372,47
239,17
236,34
441,14
425,23
330,56
215,15
255,31
286,0
334,45
73,36
400,47
305,17
357,34
441,14
351,23
247,56
225,15
248,31
230,0
357,45
67,36
298,47
179,17
213,34
355,14
438,23
233,56
241,15
186,31
312,0
318,45
67,36
313,47
188,17
186,34
310,14
405,23
261,56
211,15
212,31
325,0
345,45
69,36
287,47
199,17
204,34
321,14
892,23
438,56
278,15
199,31
323,0
391,45
69,36
348,47
218,17
187,34
368,14
382,23
268,56
205,15
218,31
302,0
287,45
60,36
261,47
261,17
237,34
375,14
366,23
292,56
217,15
222,31
308,0
307,45
72,36
312,47
217,17
152,34
335,14
338,23
232,56
195,15
177,31
301,0
333,45
64,36
319,47
296,17
298,34
354,14
744,23
348,56
246,15
224,31
287,0
307,45
71,36
258,47
195,17
153,34
350,14
328,23
234,56
208,15
162,31
289,0
815,45
89,36
370,47
359,17
389,34
928,14
448,23
318,56
235,15
251,31
318,0
338,45
77,36
224,47
235,17
216,34
425,14
379,23
285,56
204,15
239,31
319,0
308,45
88,36
246,47
552,17
235,34
407,14
440,23
312,56
208,15
250,31
329,0
331,45
92,36
241,47
221,17
232,34
301,14
352,23
272,56
224,15
197,31
369,0
319,45
82,36
319,47
239,17
219,34
329,14
460,23
679,56
227,15
224,31
294,0
713,45
90,36
389,47
188,17
241,34
349,14
621,23
332,56
229,15
238,31
291,0
322,45
80,36
326,47
232,17
286,34
464,14
506,23
261,56
222,15
242,31
255,0
303,45
86,36
216,47
252,17
166,34
738,14
407,23
253,56
217,15
195,31
350,0
352,45
86,36
391,47
206,17
222,34
347,14
352,23
309,56
164,15
234,31
300,0
298,45
70,36
403,47
218,17
204,34
358,14
418,23
299,56
227,15
239,31
298,0
311,45
97,36
358,47
207,17
184,34
315,14
376,23
210,56
210,15
541,31
293,0
339,45
84,36
391,47
215,17
199,34
472,14
406,23
260,56
256,15
231,31
315,0
313,45
98,36
327,47
227,17
204,34
327,14
361,23
230,56
226,15
240,31
420,0
307,45
83,36
341,47
240,17
221,34
320,14
405,23
137,56
223,15
195,31
349,0
350,45
92,36
266,47
243,17
151,34
1264,14
368,23
316,56
200,15
244,31
361,0
769,45
91,36
509,47
231,17
338,34
411,14
367,23
265,56
180,15
218,31
343,0
340,45
97,36
336,47
205,17
200,34
354,14
361,23
323,56
275,15
224,31
323,0
302,45
64,36
284,47
208,17
868,34
632,14
363,23
240,56
218,15
197,31
345,0
339,45
81,36
312,47
432,17
259,34
347,14
379,23
298,56
244,15
253,31
323,0
354,45
95,36
292,47
235,17
173,34
333,14
350,23
226,56
226,15
230,31
316,0
371,45
72,36
318,47
245,17
290,34
340,14
316,23
267,56
189,15
267,31
279,0
342,45
91,36
268,47
250,17
262,34
425,14
597,23
324,56
198,15
234,31
275,0
344,45
86,36
402,47
240,17
179,34
335,14
343,23
276,56
179,15
222,31
280,0
343,45
98,36
268,47
240,17
174,34
361,14
321,23
281,56
214,15
254,31
304,0
429,45
72,36
454,47
200,17
230,34
362,14
323,23
266,56
238,15
226,31
311,0
341,45
85,36
345,47
255,17
196,34
310,14
356,23
259,56
223,15
209,31
309,0
313,45
68,36
209,47
470,17
269,34
330,14
307,23
241,56
237,15
190,31
322,0
338,45
87,36
364,47
221,17
148,34
317,14
330,23
269,56
397,15
256,31
314,0
329,45
76,36
487,47
191,17
193,34
314,14
323,23
275,56
217,15
252,31
296,0
329,45
80,36
353,47
213,17
195,34
377,14
355,23
240,56
214,15
183,31
302,0
419,45
88,36
518,47
165,17
277,34
1275,14
402,23
254,56
246,15
179,31
295,0
270,45
97,36
250,47
297,17
325,34
374,14
376,23
238,56
224,15
193,31
278,0
327,45
73,36
346,47
215,17
264,34
332,14
393,23
294,56
275,15
215,31
297,0
339,45
9,36
349,47
255,17
199,34
323,14
382,23
277,56
247,15
619,31
228,0
307,45
68,36
429,47
234,17
192,34
316,14
349,23
253,56
232,15
204,31
275,0
313,45
68,36
372,47
207,17
224,34
404,14
480,23
214,56
242,15
208,31
295,0
337,45
91,36
402,47
560,17
323,34
382,14
344,23
247,56
227,15
220,31
292,0
325,45
100,36
342,47
203,17
263,34
328,14
353,23
237,56
254,15
209,31
332,0
345,45
101,36
328,47
225,17
247,34
325,14
368,23
216,56
243,15
239,31
308,0
367,45
100,36
620,47
716,17
570,34
418,14
386,23
671,56
359,15
167,31
345,0
288,45
86,36
317,47
217,17
226,34
296,14
333,23
231,56
264,15
159,31
313,0
347,45
79,36
394,47
197,17
230,34
300,14
296,23
224,56
237,15
208,31
290,0
346,45
61,36
285,47
161,17
180,34
327,14
335,23
212,56
232,15
174,31
286,0
337,45
90,36
311,47
194,17
209,34
302,14
355,23
286,56
255,15
214,31
299,0
336,45
81,36
256,47
219,17
187,34
290,14
312,23
231,56
207,15
206,31
340,0
662,45
87,36
522,47
215,17
308,34
343,14
382,23
259,56
297,15
235,31
293,0
316,45
100,36
341,47
215,17
264,34
414,14
434,23
234,56
242,15
183,31
326,0
794,45
69,36
318,47
203,17
177,34
282,14
328,23
276,56
295,15
217,31
328,0
314,45
99,36
269,47
203,17
189,34
311,14
340,23
310,56
202,15
219,31
342,0
349,45
94,36
282,47
185,17
191,34
306,14
332,23
272,56
250,15
202,31
349,0
324,45
81,36
301,47
206,17
168,34
331,14
354,23
245,56
237,15
170,31
335,0
367,45
96,36
301,47
221,17
174,34
298,14
332,23
229,56
236,15
196,31
309,0
363,45
80,36
199,47
227,17
149,34
303,14
369,23
263,56
211,15
177,31
330,0
657,45
90,36
242,47
215,17
182,34
334,14
607,23
364,56
190,15
210,31
318,0
317,45
98,36
312,47
241,17
267,34
333,14
347,23
249,56
194,15
545,31
259,0
338,45
100,36
204,47
196,17
453,34
440,14
770,23
293,56
231,15
217,31
327,0
328,45
109,36
323,47
208,17
223,34
316,14
312,23
245,56
258,15
214,31
324,0
369,45
104,36
300,47
252,17
246,34
350,14
350,23
285,56
243,15
189,31
326,0
337,45
101,36
226,47
267,17
261,34
415,14
326,23
260,56
211,15
207,31
360,0
347,45
72,36
256,47
186,17
159,34
314,14
322,23
264,56
417,15
246,31
290,0
317,45
89,36
218,47
238,17
194,34
318,14
371,23
205,56
235,15
227,31
341,0
361,45
67,36
211,47
189,17
166,34
1213,14
371,23
241,56
240,15
182,31
273,0
345,45
102,36
294,47
187,17
186,34
299,14
295,23
277,56
221,15
231,31
325,0
371,45
95,36
233,47
215,17
229,34
370,14
396,23
251,56
241,15
200,31
390,0
364,45
90,36
329,47
181,17
203,34
316,14
533,23
246,56
221,15
195,31
365,0
282,45
91,36
192,47
241,17
322,34
337,14
434,23
241,56
271,15
169,31
343,0
310,45
83,36
218,47
190,17
188,34
327,14
875,23
306,56
257,15
227,31
340,0
304,45
78,36
379,47
564,17
293,34
349,14
388,23
182,56
265,15
242,31
309,0
309,45
86,36
223,47
188,17
206,34
503,14
446,23
264,56
235,15
183,31
289,0
319,45
93,36
252,47
229,17
212,34
294,14
301,23
264,56
212,15
205,31
285,0
312,45
72,36
246,47
233,17
180,34
327,14
959,23
345,56
215,15
207,31
295,0
789,45
96,36
275,47
300,17
244,34
359,14
393,23
263,56
204,15
229,31
293,0
337,45
80,36
304,47
197,17
201,34
337,14
369,23
923,56
336,15
206,31
296,0
299,45
92,36
316,47
217,17
199,34
336,14
361,23
264,56
266,15
210,31
354,0
298,45
101,36
269,47
188,17
163,34
313,14
590,23
306,56
231,15
247,31
295,0
683,45
84,36
325,47
190,17
208,34
311,14
391,23
274,56
228,15
242,31
316,0
351,45
103,36
365,47
226,17
212,34
302,14
429,23
307,56
230,15
235,31
264,0
330,45
87,36
307,47
209,17
186,34
314,14
359,23
256,56
254,15
207,31
347,0
293,45
97,36
267,47
209,17
173,34
338,14
1143,23
516,56
229,15
198,31
263,0
283,45
100,36
313,47
201,17
210,34
325,14
396,23
232,56
229,15
204,31
323,0
339,45
93,36
279,47
209,17
183,34
337,14
686,23
343,56
194,15
204,31
266,0
283,45
84,36
309,47
200,17
167,34
337,14
446,23
243,56
187,15
207,31
298,0
286,45
81,36
257,47
196,17
166,34
296,14
349,23
262,56
158,15
213,31
284,0
285,45
77,36
651,47
251,17
344,34
384,14
591,23
381,56
226,15
195,31
291,0
356,45
87,36
419,47
207,17
174,34
317,14
439,23
361,56
226,15
239,31
290,0
330,45
96,36
317,47
216,17
201,34
332,14
503,23
309,56
203,15
270,31
304,0
341,45
69,36
311,47
234,17
158,34
290,14
434,23
354,56
290,15
174,31
318,0
308,45
72,36
270,47
194,17
166,34
287,14
418,23
444,56
338,15
230,31
325,0
281,45
66,36
297,47
203,17
181,34
302,14
351,23
253,56
212,15
567,31
295,0
306,45
64,36
287,47
262,17
202,34
292,14
367,23
257,56
215,15
230,31
293,0
391,45
81,36
236,47
183,17
174,34
307,14
344,23
253,56
211,15
205,31
302,0
287,45
74,36
255,47
173,17
203,34
292,14
313,23
242,56
225,15
190,31
283,0
307,45
83,36
241,47
180,17
152,34
281,14
416,23
239,56
265,15
209,31
268,0
272,45
57,36
201,47
160,17
165,34
284,14
330,23
237,56
248,15
235,31
272,0
268,45
65,36
203,47
170,17
128,34
285,14
453,23
178,56
228,15
216,31
267,0
301,45
88,36
245,47
162,17
143,34
302,14
309,23
275,56
199,15
237,31
268,0
649,45
48,36
260,47
188,17
149,34
299,14
323,23
277,56
228,15
222,31
293,0
300,45
85,36
227,47
185,17
130,34
296,14
320,23
223,56
205,15
215,31
306,0
313,45
54,36
194,47
294,17
355,34
346,14
341,23
225,56
248,15
209,31
318,0
296,45
77,36
193,47
199,17
124,34
305,14
305,23
217,56
205,15
196,31
282,0
286,45
73,36
290,47
540,17
326,34
317,14
843,23
393,56
252,15
278,31
374,0
341,45
73,36
288,47
180,17
131,34
599,14
380,23
300,56
218,15
203,31
307,0
597,45
76,36
217,47
233,17
228,34
325,14
340,23
252,56
196,15
193,31
289,0
318,45
95,36
311,47
169,17
148,34
275,14
317,23
438,56
231,15
223,31
322,0
342,45
77,36
258,47
193,17
174,34
291,14
361,23
274,56
242,15
217,31
308,0
285,45
91,36
184,47
250,17
515,34
332,14
378,23
219,56
234,15
202,31
255,0
291,45
77,36
224,47
206,17
238,34
399,14
356,23
242,56
206,15
214,31
261,0
269,45
84,36
199,47
182,17
183,34
627,14
404,23
301,56
193,15
248,31
257,0
284,45
54,36
231,47
231,17
502,34
511,14
358,23
286,56
200,15
244,31
216,0
314,45
75,36
242,47
209,17
453,34
427,14
331,23
232,56
201,15
207,31
288,0
290,45
78,36
437,47
207,17
255,34
449,14
319,23
252,56
195,15
231,31
259,0
321,45
90,36
291,47
181,17
185,34
327,14
337,23
340,56
301,15
99,31
271,0
602,45
88,36
242,47
229,17
232,34
329,14
345,23
269,56
203,15
216,31
336,0
632,45
90,36
241,47
276,17
236,34
347,14
384,23
248,56
236,15
229,31
286,0
309,45
104,36
271,47
212,17
210,34
402,14
343,23
242,56
208,15
219,31
317,0
636,45
102,36
270,47
221,17
230,34
323,14
373,23
529,56
409,15
256,31
283,0
292,45
102,36
268,47
226,17
160,34
294,14
484,23
345,56
241,15
225,31
301,0
305,45
89,36
201,47
249,17
331,34
319,14
413,23
383,56
150,15
236,31
285,0
255,45
84,36
171,47
218,17
566,34
413,14
435,23
285,56
227,15
191,31
302,0
300,45
101,36
287,47
211,17
221,34
339,14
465,23
333,56
211,15
222,31
244,0
289,45
96,36
275,47
183,17
151,34
280,14
357,23
279,56
216,15
213,31
287,0
664,45
96,36
334,47
207,17
153,34
332,14
320,23
338,56
232,15
245,31
291,0
652,45
101,36
305,47
212,17
156,34
297,14
346,23
300,56
217,15
203,31
299,0
305,45
120,36
277,47
235,17
179,34
290,14
309,23
281,56
224,15
147,31
293,0
601,45
79,36
318,47
198,17
191,34
293,14
312,23
238,56
192,15
194,31
284,0
294,45
90,36
253,47
227,17
318,34
302,14
353,23
241,56
211,15
154,31
291,0
250,45
84,36
364,47
174,17
189,34
420,14
359,23
258,56
190,15
230,31
258,0
274,45
86,36
205,47
469,17
763,34
676,14
402,23
316,56
194,15
236,31
258,0
300,45
96,36
321,47
238,17
192,34
289,14
295,23
265,56
217,15
201,31
295,0
264,45
99,36
235,47
221,17
164,34
297,14
311,23
245,56
253,15
296,31
274,0
613,45
92,36
440,47
212,17
273,34
515,14
413,23
268,56
199,15
231,31
157,0
369,45
101,36
331,47
197,17
187,34
274,14
380,23
389,56
191,15
194,31
292,0
351,45
87,36
326,47
220,17
204,34
290,14
364,23
260,56
224,15
154,31
262,0
293,45
87,36
303,47
184,17
201,34
290,14
372,23
272,56
199,15
166,31
288,0
332,45
74,36
327,47
204,17
185,34
266,14
362,23
223,56
226,15
131,31
306,0
329,45
84,36
316,47
183,17
170,34
286,14
351,23
223,56
215,15
139,31
304,0
289,45
81,36
315,47
216,17
194,34
284,14
364,23
259,56
233,15
216,31
287,0
319,45
93,36
266,47
184,17
139,34
287,14
351,23
231,56
228,15
196,31
284,0
308,45
83,36
235,47
205,17
151,34
287,14
341,23
240,56
209,15
207,31
271,0
298,45
71,36
240,47
170,17
148,34
280,14
353,23
255,56
189,15
198,31
273,0
308,45
65,36
247,47
196,17
135,34
290,14
297,23
255,56
222,15
113,31
258,0
372,45
10,36
427,47
452,17
193,34
368,14
372,23
186,56
195,15
198,31
288,0
314,45
86,36
240,47
192,17
154,34
289,14
337,23
183,56
209,15
172,31
301,0
280,45
86,36
204,47
198,17
101,34
296,14
292,23
216,56
208,15
183,31
276,0
639,45
81,36
468,47
164,17
534,34
321,14
340,23
179,56
204,15
179,31
290,0
305,45
91,36
234,47
186,17
146,34
308,14
285,23
186,56
202,15
177,31
261,0
287,45
92,36
208,47
205,17
117,34
296,14
276,23
245,56
193,15
244,31
236,0
302,45
98,36
194,47
216,17
523,34
458,14
356,23
250,56
194,15
164,31
311,0
268,45
95,36
297,47
190,17
136,34
265,14
306,23
229,56
156,15
224,31
278,0
612,45
81,36
258,47
183,17
106,34
314,14
291,23
237,56
201,15
230,31
266,0
558,45
94,36
288,47
182,17
113,34
304,14
313,23
257,56
191,15
237,31
277,0
371,45
11,36
269,47
396,17
252,34
279,14
467,23
280,56
202,15
213,31
303,0
281,45
113,36
258,47
189,17
174,34
285,14
306,23
267,56
195,15
197,31
303,0
329,45
96,36
183,47
407,17
313,34
280,14
276,23
261,56
187,15
182,31
309,0
307,45
110,36
213,47
188,17
162,34
278,14
934,23
277,56
189,15
190,31
287,0
596,45
99,36
237,47
220,17
190,34
274,14
328,23
274,56
193,15
248,31
266,0
623,45
98,36
289,47
266,17
204,34
283,14
335,23
290,56
222,15
204,31
284,0
307,45
101,36
212,47
227,17
323,34
314,14
330,23
277,56
184,15
198,31
301,0
309,45
95,36
217,47
190,17
135,34
299,14
281,23
286,56
169,15
229,31
266,0
313,45
106,36
251,47
189,17
178,34
288,14
303,23
248,56
258,15
187,31
263,0
319,45
85,36
396,47
169,17
166,34
282,14
362,23
584,56
275,15
228,31
236,0
378,45
8,36
1106,47
183,17
217,34
307,14
479,23
257,56
206,15
238,31
246,0
309,45
97,36
253,47
173,17
147,34
254,14
291,23
250,56
203,15
235,31
214,0
341,45
108,36
267,47
203,17
142,34
261,14
298,23
1212,56
312,15
199,31
272,0
345,45
31,36
232,47
201,17
123,34
298,14
426,23
186,56
232,15
181,31
260,0
288,45
99,36
226,47
231,17
497,34
305,14
311,23
240,56
178,15
209,31
287,0
324,45
96,36
298,47
181,17
123,34
293,14
329,23
256,56
263,15
189,31
255,0
292,45
82,36
230,47
179,17
128,34
280,14
329,23
337,56
232,15
189,31
292,0
342,45
85,36
255,47
201,17
168,34
249,14
310,23
661,56
246,15
202,31
242,0
287,45
83,36
175,47
204,17
346,34
345,14
853,23
288,56
196,15
190,31
272,0
280,45
109,36
197,47
212,17
151,34
321,14
427,23
874,56
256,15
212,31
285,0
301,45
84,36
217,47
229,17
154,34
265,14
290,23
261,56
211,15
185,31
260,0
283,45
91,36
381,47
185,17
183,34
293,14
306,23
253,56
167,15
609,31
267,0
326,45
106,36
253,47
194,17
154,34
299,14
329,23
317,56
229,15
166,31
311,0
328,45
122,36
326,47
214,17
224,34
301,14
347,23
280,56
230,15
187,31
252,0
298,45
106,36
197,47
193,17
147,34
285,14
318,23
608,56
231,15
237,31
270,0
307,45
113,36
264,47
189,17
139,34
318,14
370,23
671,56
157,15
163,31
277,0
301,45
114,36
295,47
196,17
151,34
255,14
432,23
282,56
277,15
145,31
417,0
334,45
73,36
305,47
226,17
164,34
267,14
339,23
280,56
284,15
183,31
293,0
343,45
86,36
220,47
206,17
172,34
258,14
332,23
281,56
248,15
207,31
326,0
679,45
10,36
349,47
190,17
253,34
359,14
395,23
221,56
202,15
196,31
176,0
680,45
88,36
278,47
204,17
190,34
250,14
333,23
211,56
192,15
181,31
253,0
263,45
77,36
236,47
203,17
157,34
254,14
331,23
232,56
191,15
167,31
278,0
973,45
95,36
369,47
181,17
171,34
304,14
345,23
252,56
190,15
204,31
273,0
284,45
97,36
214,47
209,17
154,34
322,14
550,23
337,56
195,15
220,31
237,0
281,45
87,36
192,47
208,17
132,34
288,14
372,23
283,56
535,15
320,31
247,0
288,45
95,36
236,47
171,17
135,34
294,14
300,23
204,56
172,15
207,31
268,0
303,45
105,36
213,47
258,17
203,34
323,14
350,23
253,56
205,15
479,31
244,0
299,45
98,36
547,47
231,17
180,34
312,14
344,23
236,56
196,15
233,31
261,0
316,45
83,36
200,47
297,17
209,34
321,14
344,23
240,56
213,15
213,31
267,0
307,45
90,36
197,47
189,17
138,34
280,14
317,23
229,56
191,15
210,31
287,0
341,45
91,36
186,47
194,17
116,34
295,14
408,23
253,56
171,15
223,31
286,0
317,45
80,36
219,47
167,17
138,34
265,14
293,23
224,56
197,15
190,31
292,0
299,45
58,36
202,47
174,17
105,34
278,14
263,23
211,56
205,15
170,31
256,0
354,45
54,36
154,47
195,17
135,34
278,14
308,23
248,56
190,15
209,31
258,0
310,45
66,36
171,47
208,17
117,34
275,14
312,23
215,56
237,15
187,31
256,0
293,45
76,36
160,47
192,17
116,34
258,14
309,23
194,56
241,15
86,31
268,0
280,45
78,36
189,47
166,17
117,34
246,14
298,23
273,56
209,15
172,31
281,0
304,45
62,36
164,47
194,17
83,34
281,14
314,23
254,56
212,15
172,31
928,0
385,45
67,36
152,47
192,17
560,34
353,14
444,23
236,56
199,15
658,31
309,0
310,45
79,36
191,47
215,17
127,34
264,14
737,23
225,56
234,15
175,31
300,0
306,45
82,36
193,47
277,17
390,34
317,14
333,23
260,56
166,15
570,31
295,0
1013,45
65,36
243,47
290,17
158,34
358,14
341,23
252,56
243,15
257,31
314,0
684,45
103,36
245,47
198,17
145,34
317,14
346,23
272,56
266,15
208,31
338,0
388,45
101,36
237,47
216,17
206,34
310,14
295,23
251,56
214,15
204,31
300,0
311,45
94,36
216,47
233,17
173,34
303,14
308,23
266,56
253,15
209,31
281,0
320,45
91,36
164,47
195,17
109,34
280,14
342,23
250,56
191,15
191,31
294,0
302,45
104,36
175,47
265,17
200,34
297,14
370,23
197,56
222,15
183,31
308,0
1035,45
89,36
406,47
191,17
177,34
358,14
343,23
295,56
214,15
217,31
278,0
342,45
102,36
324,47
234,17
135,34
326,14
353,23
254,56
234,15
219,31
328,0
636,45
88,36
332,47
257,17
170,34
298,14
296,23
278,56
216,15
210,31
297,0
330,45
91,36
323,47
187,17
175,34
293,14
277,23
253,56
200,15
238,31
315,0
339,45
97,36
263,47
216,17
145,34
302,14
341,23
239,56
164,15
280,31
286,0
304,45
103,36
195,47
295,17
190,34
302,14
383,23
353,56
242,15
194,31
283,0
305,45
78,36
327,47
218,17
168,34
327,14
894,23
426,56
421,15
242,31
381,0
254,45
93,36
276,47
258,17
214,34
349,14
334,23
248,56
220,15
246,31
319,0
327,45
96,36
260,47
209,17
156,34
348,14
299,23
237,56
193,15
216,31
301,0
362,45
81,36
248,47
220,17
176,34
282,14
284,23
244,56
229,15
192,31
290,0
320,45
99,36
225,47
227,17
165,34
332,14
455,23
254,56
206,15
211,31
272,0
306,45
98,36
236,47
217,17
153,34
338,14
307,23
249,56
199,15
194,31
329,0
343,45
109,36
336,47
210,17
214,34
628,14
454,23
293,56
175,15
542,31
341,0
353,45
97,36
199,47
307,17
224,34
403,14
505,23
280,56
193,15
213,31
317,0
302,45
91,36
214,47
261,17
170,34
319,14
290,23
253,56
199,15
212,31
339,0
329,45
93,36
200,47
230,17
135,34
324,14
313,23
286,56
181,15
248,31
363,0
410,45
96,36
260,47
192,17
148,34
338,14
334,23
231,56
192,15
214,31
311,0
698,45
88,36
240,47
198,17
175,34
547,14
362,23
502,56
350,15
246,31
287,0
340,45
94,36
240,47
314,17
219,34
350,14
338,23
226,56
217,15
144,31
329,0
332,45
98,36
326,47
163,17
198,34
354,14
320,23
255,56
205,15
224,31
303,0
352,45
106,36
240,47
236,17
142,34
710,14
366,23
232,56
202,15
184,31
300,0
346,45
96,36
170,47
240,17
196,34
364,14
405,23
370,56
223,15
196,31
295,0
304,45
90,36
