484,47
186,17
186,34
682,14
448,23
259,56
170,15
222,31
188,0
645,45
76,36
276,47
182,17
207,34
586,14
484,23
404,56
374,15
215,31
280,0
380,45
75,36
597,47
328,17
178,34
476,14
468,23
270,56
196,15
222,31
236,0
996,45
75,36
354,47
193,17
189,34
564,14
406,23
290,56
208,15
195,31
281,0
467,45
82,36
340,47
192,17
192,34
340,14
532,23
439,56
222,15
205,31
270,0
370,45
56,36
266,47
212,17
400,34
334,14
576,23
267,56
254,15
286,31
209,0
379,45
74,36
457,47
177,17
152,34
326,14
424,23
256,56
242,15
179,31
256,0
449,45
32,36
274,47
198,17
206,34
350,14
377,23
269,56
207,15
170,31
166,0
368,45
58,36
327,47
181,17
157,34
357,14
409,23
279,56
382,15
377,31
175,0
350,45
65,36
243,47
182,17
174,34
393,14
509,23
284,56
195,15
221,31
183,0
427,45
68,36
244,47
232,17
162,34
750,14
480,23
293,56
210,15
170,31
182,0
345,45
83,36
311,47
172,17
182,34
335,14
471,23
271,56
223,15
184,31
154,0
453,45
87,36
333,47
208,17
192,34
308,14
453,23
268,56
184,15
202,31
166,0
467,45
82,36
394,47
196,17
551,34
354,14
419,23
310,56
366,15
400,31
176,0
371,45
71,36
269,47
255,17
181,34
326,14
388,23
284,56
222,15
328,31
406,0
383,45
79,36
311,47
215,17
178,34
445,14
438,23
278,56
212,15
259,31
199,0
382,45
89,36
323,47
203,17
166,34
355,14
424,23
283,56
227,15
192,31
178,0
478,45
85,36
285,47
188,17
181,34
385,14
435,23
294,56
199,15
175,31
170,0
574,45
71,36
307,47
212,17
165,34
377,14
490,23
262,56
328,15
367,31
158,0
344,45
78,36
303,47
206,17
166,34
320,14
403,23
310,56
210,15
228,31
182,0
479,45
75,36
309,47
185,17
183,34
348,14
401,23
260,56
228,15
246,31
147,0
437,45
86,36
292,47
183,17
209,34
369,14
392,23
292,56
264,15
265,31
201,0
438,45
83,36
332,47
201,17
199,34
373,14
381,23
290,56
190,15
247,31
162,0
402,45
77,36
317,47
227,17
105,34
729,14
414,23
261,56
220,15
247,31
139,0
433,45
74,36
336,47
162,17
199,34
380,14
421,23
300,56
206,15
216,31
165,0
442,45
73,36
232,47
168,17
174,34
344,14
417,23
260,56
260,15
253,31
114,0
475,45
77,36
275,47
183,17
158,34
306,14
410,23
268,56
203,15
196,31
188,0
446,45
67,36
287,47
165,17
187,34
470,14
383,23
283,56
278,15
164,31
159,0
410,45
79,36
286,47
189,17
203,34
274,14
404,23
302,56
245,15
251,31
152,0
421,45
74,36
246,47
184,17
151,34
313,14
382,23
279,56
216,15
199,31
197,0
430,45
74,36
330,47
183,17
128,34
376,14
409,23
301,56
419,15
383,31
170,0
350,45
69,36
266,47
204,17
167,34
390,14
433,23
263,56
228,15
290,31
174,0
387,45
75,36
277,47
169,17
178,34
278,14
463,23
259,56
369,15
386,31
184,0
404,45
71,36
302,47
170,17
208,34
313,14
393,23
294,56
226,15
234,31
211,0
386,45
76,36
362,47
204,17
170,34
305,14
434,23
272,56
227,15
292,31
227,0
400,45
81,36
253,47
165,17
184,34
469,14
543,23
285,56
169,15
287,31
151,0
418,45
71,36
263,47
191,17
158,34
310,14
386,23
246,56
238,15
250,31
201,0
388,45
62,36
296,47
172,17
177,34
290,14
418,23
241,56
204,15
241,31
172,0
442,45
59,36
247,47
171,17
174,34
276,14
423,23
263,56
275,15
229,31
188,0
305,45
76,36
295,47
166,17
159,34
301,14
410,23
260,56
221,15
315,31
221,0
292,45
72,36
268,47
203,17
147,34
316,14
441,23
285,56
479,15
292,31
174,0
309,45
73,36
269,47
174,17
177,34
570,14
977,23
415,56
237,15
231,31
156,0
461,45
63,36
226,47
185,17
201,34
750,14
412,23
287,56
178,15
266,31
168,0
339,45
63,36
274,47
171,17
153,34
378,14
480,23
271,56
218,15
247,31
192,0
305,45
74,36
250,47
210,17
156,34
254,14
426,23
294,56
206,15
206,31
207,0
373,45
59,36
265,47
200,17
189,34
294,14
384,23
288,56
203,15
188,31
164,0
377,45
71,36
450,47
268,17
150,34
274,14
388,23
290,56
365,15
350,31
225,0
364,45
62,36
289,47
527,17
197,34
409,14
420,23
260,56
296,15
308,31
195,0
352,45
82,36
288,47
174,17
176,34
436,14
370,23
275,56
359,15
418,31
187,0
351,45
74,36
379,47
219,17
198,34
338,14
415,23
268,56
216,15
325,31
231,0
304,45
70,36
308,47
159,17
141,34
277,14
441,23
209,56
227,15
177,31
244,0
361,45
52,36
276,47
191,17
132,34
281,14
458,23
237,56
174,15
146,31
206,0
308,45
60,36
247,47
192,17
120,34
252,14
417,23
256,56
390,15
327,31
153,0
280,45
61,36
262,47
176,17
126,34
284,14
451,23
246,56
138,15
166,31
175,0
286,45
58,36
326,47
303,17
184,34
548,14
830,23
301,56
421,15
380,31
154,0
265,45
63,36
282,47
210,17
136,34
326,14
443,23
281,56
253,15
386,31
291,0
250,45
51,36
400,47
249,17
174,34
312,14
455,23
282,56
216,15
197,31
178,0
311,45
58,36
284,47
167,17
155,34
243,14
410,23
309,56
180,15
204,31
218,0
531,45
39,36
287,47
168,17
144,34
270,14
420,23
243,56
298,15
413,31
169,0
274,45
48,36
241,47
192,17
610,34
317,14
437,23
269,56
186,15
362,31
239,0
324,45
68,36
240,47
209,17
116,34
338,14
476,23
242,56
206,15
445,31
375,0
318,45
68,36
276,47
168,17
161,34
239,14
415,23
285,56
210,15
238,31
331,0
331,45
68,36
248,47
179,17
143,34
228,14
429,23
260,56
184,15
232,31
238,0
350,45
51,36
249,47
171,17
139,34
293,14
456,23
228,56
234,15
256,31
259,0
317,45
59,36
316,47
150,17
146,34
245,14
480,23
251,56
179,15
205,31
189,0
316,45
70,36
522,47
200,17
217,34
290,14
416,23
303,56
257,15
267,31
171,0
304,45
59,36
297,47
309,17
196,34
239,14
381,23
295,56
215,15
196,31
149,0
303,45
64,36
320,47
179,17
158,34
271,14
341,23
388,56
226,15
286,31
349,0
337,45
66,36
365,47
172,17
164,34
322,14
360,23
302,56
315,15
394,31
284,0
250,45
54,36
473,47
254,17
209,34
284,14
417,23
270,56
344,15
382,31
185,0
311,45
52,36
279,47
218,17
203,34
426,14
441,23
255,56
221,15
200,31
190,0
663,45
81,36
310,47
179,17
186,34
245,14
373,23
332,56
263,15
510,31
363,0
251,45
75,36
267,47
156,17
193,34
271,14
439,23
262,56
271,15
433,31
235,0
314,45
63,36
279,47
161,17
172,34
294,14
429,23
273,56
231,15
253,31
310,0
338,45
59,36
276,47
174,17
170,34
246,14
396,23
293,56
201,15
225,31
233,0
478,45
62,36
308,47
191,17
195,34
260,14
358,23
305,56
189,15
217,31
164,0
304,45
80,36
367,47
264,17
193,34
311,14
431,23
257,56
188,15
213,31
215,0
292,45
65,36
326,47
177,17
156,34
243,14
388,23
252,56
171,15
248,31
234,0
264,45
64,36
263,47
176,17
203,34
260,14
393,23
273,56
182,15
243,31
273,0
313,45
77,36
304,47
173,17
173,34
248,14
407,23
198,56
191,15
254,31
308,0
307,45
61,36
281,47
149,17
206,34
473,14
495,23
301,56
92,15
267,31
203,0
297,45
61,36
312,47
191,17
163,34
273,14
419,23
280,56
180,15
286,31
229,0
252,45
63,36
289,47
182,17
172,34
259,14
500,23
323,56
178,15
277,31
301,0
321,45
69,36
374,47
190,17
183,34
239,14
385,23
275,56
187,15
240,31
167,0
290,45
55,36
276,47
170,17
170,34
383,14
432,23
254,56
223,15
215,31
212,0
312,45
62,36
272,47
167,17
286,34
138,14
1499,23
592,56
374,15
272,31
220,0
295,45
71,36
288,47
169,17
295,34
525,14
463,23
305,56
167,15
259,31
246,0
254,45
67,36
263,47
220,17
192,34
397,14
455,23
365,56
216,15
209,31
199,0
246,45
57,36
294,47
159,17
177,34
256,14
418,23
297,56
190,15
239,31
195,0
277,45
52,36
267,47
171,17
149,34
252,14
404,23
270,56
210,15
245,31
247,0
256,45
58,36
445,47
182,17
196,34
303,14
427,23
269,56
216,15
223,31
201,0
312,45
67,36
280,47
184,17
118,34
276,14
426,23
271,56
211,15
204,31
224,0
269,45
61,36
296,47
163,17
114,34
302,14
409,23
267,56
231,15
192,31
290,0
261,45
56,36
267,47
162,17
97,34
301,14
488,23
281,56
204,15
210,31
175,0
277,45
67,36
469,47
243,17
186,34
238,14
718,23
346,56
181,15
245,31
208,0
288,45
63,36
240,47
192,17
167,34
318,14
403,23
239,56
211,15
188,31
254,0
292,45
69,36
265,47
212,17
258,34
520,14
445,23
516,56
264,15
215,31
200,0
281,45
71,36
284,47
213,17
197,34
274,14
477,23
411,56
223,15
227,31
192,0
345,45
94,36
284,47
191,17
184,34
504,14
367,23
243,56
178,15
160,31
208,0
303,45
59,36
278,47
169,17
159,34
218,14
441,23
293,56
190,15
257,31
540,0
321,45
56,36
288,47
141,17
137,34
237,14
332,23
183,56
162,15
165,31
169,0
382,45
42,36
227,47
175,17
94,34
262,14
319,23
190,56
159,15
206,31
121,0
407,45
23,36
286,47
158,17
130,34
251,14
324,23
234,56
189,15
252,31
172,0
313,45
57,36
256,47
172,17
135,34
268,14
375,23
238,56
197,15
293,31
255,0
305,45
61,36
278,47
182,17
537,34
270,14
428,23
235,56
178,15
283,31
266,0
313,45
52,36
248,47
202,17
169,34
300,14
355,23
268,56
207,15
320,31
339,0
322,45
46,36
381,47
252,17
198,34
268,14
441,23
294,56
239,15
189,31
257,0
322,45
58,36
259,47
173,17
166,34
337,14
398,23
412,56
515,15
349,31
172,0
325,45
41,36
364,47
180,17
175,34
278,14
384,23
320,56
173,15
348,31
269,0
310,45
82,36
300,47
192,17
168,34
275,14
364,23
436,56
344,15
400,31
303,0
326,45
57,36
269,47
163,17
158,34
273,14
474,23
311,56
225,15
250,31
241,0
323,45
56,36
268,47
208,17
136,34
213,14
346,23
419,56
204,15
205,31
259,0
282,45
54,36
237,47
186,17
141,34
239,14
428,23
257,56
174,15
268,31
208,0
332,45
71,36
249,47
175,17
139,34
265,14
372,23
324,56
160,15
266,31
244,0
319,45
58,36
358,47
196,17
204,34
281,14
383,23
258,56
173,15
244,31
245,0
284,45
48,36
234,47
227,17
207,34
252,14
364,23
289,56
220,15
241,31
245,0
282,45
54,36
307,47
163,17
152,34
253,14
393,23
262,56
180,15
260,31
228,0
285,45
62,36
268,47
175,17
214,34
264,14
355,23
276,56
245,15
312,31
319,0
299,45
56,36
256,47
165,17
123,34
263,14
371,23
283,56
206,15
293,31
282,0
302,45
56,36
284,47
162,17
185,34
253,14
378,23
297,56
215,15
441,31
290,0
328,45
63,36
263,47
202,17
145,34
274,14
425,23
337,56
177,15
245,31
231,0
306,45
48,36
243,47
162,17
184,34
289,14
832,23
327,56
207,15
309,31
228,0
274,45
53,36
222,47
183,17
158,34
252,14
448,23
283,56
258,15
216,31
264,0
317,45
59,36
273,47
173,17
156,34
548,14
435,23
291,56
348,15
600,31
222,0
300,45
54,36
480,47
227,17
191,34
269,14
390,23
310,56
346,15
327,31
197,0
293,45
45,36
262,47
199,17
169,34
264,14
432,23
309,56
212,15
295,31
248,0
330,45
58,36
388,47
159,17
211,34
267,14
897,23
466,56
259,15
249,31
194,0
294,45
54,36
222,47
177,17
144,34
254,14
427,23
318,56
265,15
245,31
205,0
320,45
54,36
274,47
188,17
137,34
244,14
380,23
303,56
203,15
200,31
279,0
266,45
51,36
208,47
179,17
125,34
297,14
350,23
269,56
220,15
248,31
246,0
242,45
49,36
248,47
202,17
131,34
245,14
367,23
437,56
235,15
390,31
258,0
308,45
46,36
292,47
186,17
175,34
293,14
435,23
290,56
224,15
278,31
219,0
266,45
55,36
250,47
225,17
194,34
230,14
435,23
256,56
436,15
360,31
234,0
286,45
51,36
363,47
197,17
164,34
274,14
480,23
308,56
224,15
295,31
264,0
254,45
58,36
235,47
177,17
174,34
233,14
359,23
297,56
242,15
248,31
233,0
268,45
49,36
307,47
187,17
152,34
245,14
402,23
228,56
262,15
325,31
228,0
257,45
54,36
254,47
177,17
154,34
481,14
538,23
271,56
233,15
228,31
216,0
280,45
44,36
335,47
188,17
174,34
206,14
407,23
326,56
209,15
262,31
249,0
287,45
47,36
273,47
165,17
151,34
272,14
425,23
250,56
195,15
235,31
229,0
286,45
52,36
254,47
197,17
134,34
273,14
361,23
248,56
182,15
273,31
265,0
273,45
52,36
289,47
145,17
161,34
502,14
446,23
258,56
195,15
269,31
226,0
233,45
53,36
297,47
218,17
168,34
281,14
408,23
344,56
190,15
445,31
307,0
304,45
42,36
264,47
149,17
172,34
252,14
412,23
277,56
195,15
270,31
166,0
257,45
60,36
244,47
166,17
178,34
259,14
397,23
231,56
202,15
310,31
339,0
269,45
52,36
301,47
158,17
181,34
252,14
353,23
265,56
223,15
249,31
211,0
258,45
43,36
390,47
137,17
176,34
274,14
355,23
270,56
212,15
244,31
209,0
305,45
59,36
332,47
177,17
178,34
249,14
349,23
219,56
188,15
200,31
240,0
280,45
51,36
285,47
172,17
184,34
196,14
342,23
315,56
166,15
210,31
208,0
290,45
37,36
268,47
158,17
175,34
231,14
319,23
193,56
197,15
229,31
295,0
314,45
55,36
263,47
157,17
177,34
254,14
389,23
258,56
222,15
284,31
314,0
242,45
52,36
294,47
141,17
161,34
225,14
421,23
171,56
181,15
187,31
209,0
226,45
65,36
253,47
172,17
115,34
248,14
390,23
183,56
151,15
176,31
185,0
211,45
38,36
243,47
164,17
125,34
211,14
352,23
176,56
166,15
172,31
170,0
247,45
51,36
282,47
131,17
143,34
199,14
349,23
200,56
132,15
182,31
176,0
265,45
47,36
273,47
180,17
153,34
222,14
312,23
158,56
146,15
167,31
167,0
265,45
35,36
212,47
171,17
135,34
171,14
729,23
201,56
153,15
174,31
227,0
125,45
76,36
263,47
166,17
143,34
197,14
328,23
276,56
152,15
180,31
170,0
237,45
35,36
217,47
123,17
146,34
210,14
687,23
268,56
250,15
174,31
188,0
222,45
45,36
223,47
164,17
148,34
240,14
431,23
264,56
183,15
203,31
164,0
256,45
50,36
252,47
128,17
157,34
202,14
360,23
208,56
340,15
143,31
181,0
242,45
45,36
259,47
144,17
141,34
238,14
329,23
190,56
165,15
195,31
199,0
271,45
55,36
247,47
141,17
126,34
236,14
440,23
204,56
174,15
155,31
234,0
247,45
58,36
233,47
141,17
175,34
552,14
525,23
288,56
179,15
189,31
142,0
265,45
61,36
281,47
66,17
247,34
270,14
344,23
228,56
189,15
225,31
192,0
203,45
57,36
325,47
140,17
176,34
203,14
355,23
218,56
183,15
147,31
187,0
280,45
37,36
285,47
103,17
250,34
257,14
370,23
202,56
220,15
161,31
226,0
310,45
54,36
438,47
177,17
179,34
220,14
327,23
204,56
161,15
184,31
168,0
284,45
43,36
291,47
68,17
225,34
179,14
346,23
167,56
224,15
56,31
517,0
311,45
59,36
289,47
135,17
188,34
160,14
413,23
357,56
156,15
200,31
384,0
246,45
63,36
337,47
104,17
229,34
184,14
356,23
221,56
164,15
180,31
150,0
287,45
60,36
293,47
108,17
225,34
194,14
394,23
236,56
142,15
169,31
159,0
278,45
69,36
220,47
107,17
182,34
476,14
418,23
234,56
135,15
173,31
147,0
266,45
67,36
267,47
158,17
163,34
154,14
344,23
222,56
154,15
167,31
176,0
269,45
65,36
340,47
115,17
224,34
233,14
370,23
278,56
140,15
194,31
202,0
278,45
67,36
248,47
122,17
191,34
226,14
334,23
215,56
214,15
163,31
163,0
264,45
56,36
328,47
84,17
231,34
251,14
350,23
225,56
155,15
180,31
180,0
229,45
52,36
259,47
96,17
187,34
206,14
335,23
284,56
185,15
183,31
168,0
249,45
51,36
349,47
176,17
174,34
196,14
332,23
219,56
162,15
179,31
150,0
281,45
45,36
289,47
121,17
196,34
184,14
365,23
186,56
179,15
211,31
231,0
205,45
52,36
284,47
107,17
222,34
386,14
348,23
210,56
182,15
186,31
204,0
300,45
53,36
234,47
166,17
132,34
227,14
346,23
236,56
505,15
206,31
188,0
293,45
68,36
273,47
166,17
193,34
232,14
292,23
237,56
153,15
211,31
161,0
283,45
68,36
242,47
130,17
179,34
610,14
786,23
265,56
232,15
85,31
369,0
225,45
56,36
273,47
132,17
187,34
337,14
401,23
237,56
174,15
216,31
280,0
292,45
52,36
323,47
172,17
188,34
510,14
374,23
243,56
145,15
214,31
145,0
278,45
60,36
316,47
158,17
208,34
228,14
400,23
252,56
151,15
227,31
158,0
255,45
59,36
266,47
150,17
172,34
239,14
352,23
204,56
203,15
220,31
194,0
246,45
64,36
306,47
118,17
217,34
208,14
371,23
219,56
177,15
184,31
170,0
237,45
60,36
311,47
87,17
316,34
358,14
376,23
215,56
224,15
55,31
190,0
286,45
59,36
290,47
122,17
225,34
492,14
370,23
303,56
45,15
303,31
263,0
219,45
69,36
468,47
200,17
191,34
187,14
359,23
294,56
196,15
168,31
151,0
262,45
52,36
283,47
164,17
212,34
254,14
425,23
222,56
143,15
166,31
183,0
302,45
60,36
300,47
148,17
206,34
230,14
376,23
267,56
188,15
157,31
180,0
273,45
60,36
299,47
93,17
303,34
265,14
359,23
231,56
164,15
203,31
161,0
259,45
62,36
323,47
174,17
197,34
230,14
358,23
236,56
178,15
189,31
168,0
247,45
82,36
273,47
111,17
231,34
216,14
368,23
223,56
166,15
167,31
196,0
239,45
54,36
360,47
201,17
198,34
250,14
385,23
310,56
199,15
146,31
153,0
256,45
61,36
348,47
214,17
250,34
209,14
339,23
410,56
220,15
191,31
118,0
267,45
53,36
306,47
426,17
206,34
214,14
382,23
243,56
231,15
181,31
212,0
265,45
31,36
256,47
193,17
339,34
261,14
353,23
255,56
190,15
174,31
171,0
266,45
64,36
297,47
195,17
157,34
240,14
354,23
335,56
185,15
207,31
242,0
312,45
54,36
252,47
180,17
133,34
227,14
461,23
315,56
164,15
228,31
264,0
301,45
52,36
249,47
183,17
158,34
184,14
473,23
319,56
175,15
231,31
257,0
283,45
45,36
259,47
173,17
164,34
225,14
411,23
278,56
276,15
224,31
206,0
285,45
52,36
277,47
179,17
120,34
250,14
375,23
324,56
168,15
226,31
180,0
284,45
54,36
294,47
206,17
126,34
215,14
359,23
224,56
169,15
235,31
206,0
332,45
54,36
228,47
198,17
118,34
197,14
345,23
220,56
370,15
180,31
239,0
282,45
53,36
268,47
172,17
150,34
175,14
411,23
281,56
188,15
169,31
180,0
250,45
64,36
288,47
177,17
122,34
215,14
353,23
211,56
165,15
213,31
259,0
376,45
41,36
257,47
163,17
157,34
202,14
358,23
265,56
151,15
202,31
196,0
266,45
49,36
279,47
184,17
170,34
595,14
448,23
300,56
215,15
198,31
222,0
283,45
64,36
309,47
176,17
165,34
217,14
392,23
282,56
197,15
343,31
395,0
310,45
62,36
336,47
177,17
174,34
205,14
413,23
296,56
202,15
481,31
347,0
600,45
67,36
307,47
178,17
182,34
203,14
582,23
304,56
224,15
358,31
284,0
356,45
78,36
270,47
179,17
149,34
240,14
468,23
293,56
212,15
264,31
247,0
302,45
86,36
268,47
203,17
165,34
235,14
448,23
276,56
202,15
332,31
332,0
329,45
67,36
286,47
183,17
164,34
236,14
395,23
314,56
181,15
416,31
266,0
272,45
60,36
233,47
161,17
153,34
219,14
485,23
336,56
228,15
230,31
361,0
299,45
65,36
261,47
165,17
159,34
280,14
412,23
346,56
367,15
309,31
245,0
311,45
63,36
243,47
173,17
146,34
225,14
351,23
277,56
167,15
222,31
510,0
322,45
57,36
239,47
169,17
173,34
200,14
438,23
279,56
199,15
217,31
214,0
336,45
66,36
286,47
201,17
122,34
286,14
417,23
275,56
222,15
206,31
224,0
279,45
59,36
286,47
165,17
177,34
232,14
453,23
259,56
224,15
239,31
294,0
312,45
78,36
299,47
129,17
228,34
225,14
477,23
261,56
215,15
223,31
256,0
341,45
67,36
295,47
183,17
142,34
242,14
474,23
335,56
240,15
234,31
231,0
291,45
58,36
440,47
254,17
195,34
1061,14
372,23
215,56
214,15
228,31
273,0
377,45
62,36
366,47
208,17
264,34
404,14
489,23
244,56
237,15
136,31
280,0
283,45
66,36
283,47
151,17
189,34
236,14
436,23
244,56
229,15
408,31
317,0
284,45
68,36
299,47
168,17
169,34
267,14
399,23
243,56
215,15
199,31
257,0
303,45
71,36
297,47
191,17
174,34
258,14
910,23
263,56
237,15
219,31
243,0
317,45
44,36
348,47
201,17
184,34
169,14
371,23
345,56
223,15
175,31
266,0
248,45
66,36
285,47
190,17
146,34
262,14
378,23
289,56
200,15
191,31
314,0
256,45
54,36
301,47
118,17
228,34
238,14
342,23
392,56
351,15
195,31
248,0
499,45
84,36
266,47
184,17
145,34
243,14
558,23
357,56
224,15
236,31
256,0
288,45
53,36
255,47
151,17
174,34
222,14
396,23
307,56
205,15
224,31
267,0
278,45
46,36
294,47
168,17
156,34
190,14
352,23
265,56
193,15
161,31
290,0
277,45
54,36
284,47
173,17
199,34
227,14
521,23
289,56
251,15
197,31
339,0
264,45
59,36
286,47
144,17
178,34
252,14
515,23
368,56
208,15
208,31
295,0
273,45
72,36
411,47
190,17
213,34
260,14
557,23
193,56
238,15
230,31
288,0
283,45
63,36
282,47
169,17
185,34
212,14
436,23
608,56
212,15
197,31
281,0
287,45
70,36
546,47
179,17
220,34
220,14
515,23
276,56
255,15
186,31
258,0
322,45
63,36
288,47
196,17
174,34
272,14
364,23
223,56
256,15
205,31
285,0
293,45
55,36
304,47
166,17
153,34
237,14
379,23
222,56
446,15
362,31
227,0
238,45
72,36
241,47
200,17
159,34
230,14
364,23
206,56
204,15
207,31
289,0
251,45
49,36
267,47
199,17
166,34
253,14
409,23
221,56
227,15
217,31
260,0
351,45
69,36
339,47
213,17
146,34
740,14
371,23
172,56
206,15
192,31
280,0
292,45
73,36
291,47
222,17
160,34
221,14
371,23
292,56
234,15
163,31
256,0
260,45
52,36
299,47
182,17
159,34
301,14
390,23
280,56
261,15
196,31
246,0
292,45
48,36
273,47
234,17
141,34
637,14
503,23
268,56
210,15
166,31
284,0
234,45
60,36
335,47
162,17
221,34
250,14
422,23
292,56
259,15
86,31
260,0
258,45
70,36
228,47
157,17
155,34
228,14
310,23
207,56
139,15
179,31
159,0
255,45
49,36
221,47
145,17
170,34
233,14
345,23
212,56
130,15
178,31
158,0
229,45
45,36
181,47
148,17
143,34
224,14
291,23
233,56
137,15
197,31
194,0
236,45
51,36
290,47
169,17
229,34
202,14
338,23
215,56
154,15
207,31
199,0
247,45
71,36
330,47
159,17
203,34
235,14
357,23
237,56
148,15
221,31
224,0
276,45
58,36
301,47
146,17
149,34
208,14
301,23
242,56
138,15
218,31
262,0
241,45
67,36
276,47
107,17
190,34
571,14
450,23
227,56
133,15
215,31
187,0
261,45
66,36
252,47
177,17
148,34
292,14
386,23
252,56
198,15
167,31
232,0
222,45
56,36
218,47
168,17
146,34
202,14
395,23
239,56
170,15
192,31
207,0
214,45
27,36
227,47
169,17
144,34
188,14
326,23
221,56
176,15
185,31
195,0
242,45
52,36
256,47
109,17
197,34
439,14
346,23
223,56
131,15
184,31
178,0
533,45
69,36
271,47
166,17
139,34
222,14
321,23
222,56
147,15
152,31
218,0
220,45
76,36
263,47
112,17
181,34
195,14
305,23
239,56
187,15
247,31
198,0
242,45
39,36
256,47
124,17
163,34
209,14
301,23
177,56
152,15
172,31
196,0
228,45
48,36
225,47
142,17
153,34
220,14
310,23
223,56
139,15
173,31
190,0
216,45
65,36
245,47
145,17
150,34
182,14
300,23
260,56
113,15
239,31
184,0
216,45
44,36
240,47
138,17
153,34
228,14
300,23
227,56
141,15
183,31
165,0
250,45
57,36
328,47
194,17
106,34
232,14
307,23
220,56
153,15
189,31
170,0
233,45
52,36
238,47
121,17
204,34
260,14
406,23
225,56
127,15
181,31
193,0
224,45
50,36
261,47
105,17
181,34
213,14
394,23
220,56
164,15
168,31
192,0
251,45
52,36
277,47
95,17
219,34
201,14
376,23
241,56
162,15
157,31
188,0
240,45
57,36
311,47
140,17
173,34
350,14
381,23
227,56
134,15
168,31
186,0
218,45
54,36
259,47
134,17
211,34
275,14
372,23
258,56
189,15
208,31
218,0
261,45
29,36
297,47
144,17
183,34
241,14
375,23
399,56
252,15
176,31
231,0
259,45
78,36
299,47
110,17
194,34
212,14
324,23
271,56
140,15
178,31
180,0
261,45
44,36
293,47
165,17
217,34
142,14
338,23
273,56
163,15
173,31
191,0
281,45
49,36
335,47
128,17
172,34
219,14
348,23
238,56
147,15
179,31
191,0
240,45
57,36
262,47
172,17
79,34
234,14
355,23
260,56
133,15
207,31
199,0
261,45
65,36
241,47
139,17
193,34
164,14
316,23
215,56
168,15
176,31
186,0
309,45
49,36
295,47
96,17
270,34
135,14
337,23
281,56
174,15
200,31
212,0
631,45
64,36
297,47
172,17
130,34
365,14
324,23
344,56
250,15
160,31
188,0
249,45
57,36
361,47
200,17
184,34
197,14
386,23
241,56
158,15
183,31
240,0
264,45
46,36
324,47
156,17
184,34
223,14
340,23
245,56
179,15
184,31
212,0
312,45
67,36
269,47
164,17
179,34
231,14
289,23
273,56
152,15
184,31
188,0
266,45
47,36
246,47
153,17
174,34
259,14
288,23
347,56
203,15
164,31
231,0
318,45
77,36
291,47
132,17
184,34
222,14
324,23
340,56
249,15
226,31
197,0
273,45
48,36
274,47
178,17
173,34
215,14
299,23
238,56
179,15
126,31
210,0
281,45
53,36
281,47
159,17
167,34
226,14
319,23
242,56
179,15
178,31
258,0
276,45
58,36
262,47
196,17
199,34
216,14
312,23
237,56
192,15
148,31
180,0
287,45
55,36
264,47
151,17
552,34
698,14
399,23
215,56
141,15
180,31
205,0
255,45
61,36
258,47
138,17
194,34
179,14
432,23
288,56
166,15
199,31
220,0
253,45
52,36
247,47
164,17
170,34
272,14
336,23
252,56
168,15
266,31
367,0
295,45
66,36
300,47
158,17
161,34
195,14
346,23
213,56
188,15
172,31
293,0
277,45
58,36
276,47
147,17
167,34
229,14
404,23
245,56
179,15
214,31
218,0
283,45
56,36
269,47
171,17
186,34
255,14
546,23
373,56
233,15
162,31
207,0
261,45
59,36
276,47
174,17
158,34
323,14
369,23
247,56
139,15
199,31
179,0
281,45
60,36
247,47
185,17
130,34
219,14
282,23
237,56
155,15
169,31
202,0
309,45
56,36
266,47
166,17
156,34
280,14
279,23
347,56
204,15
178,31
209,0
363,45
79,36
343,47
209,17
171,34
266,14
295,23
223,56
152,15
181,31
181,0
261,45
48,36
279,47
126,17
193,34
210,14
323,23
210,56
207,15
171,31
264,0
276,45
52,36
326,47
119,17
171,34
228,14
334,23
165,56
185,15
165,31
193,0
224,45
50,36
236,47
171,17
138,34
215,14
303,23
197,56
114,15
167,31
169,0
253,45
37,36
95,47
164,17
181,34
217,14
308,23
205,56
170,15
161,31
183,0
228,45
46,36
227,47
188,17
134,34
188,14
284,23
206,56
153,15
178,31
211,0
262,45
58,36
237,47
169,17
156,34
227,14
299,23
175,56
163,15
192,31
230,0
246,45
48,36
241,47
164,17
181,34
618,14
344,23
216,56
152,15
174,31
200,0
275,45
48,36
245,47
183,17
159,34
268,14
458,23
236,56
163,15
150,31
198,0
256,45
61,36
261,47
126,17
183,34
203,14
312,23
195,56
156,15
192,31
183,0
292,45
59,36
315,47
178,17
179,34
174,14
349,23
200,56
183,15
247,31
247,0
200,45
61,36
249,47
136,17
174,34
469,14
372,23
247,56
163,15
165,31
189,0
270,45
46,36
197,47
186,17
120,34
454,14
375,23
464,56
178,15
198,31
196,0
243,45
60,36
238,47
156,17
162,34
234,14
282,23
310,56
140,15
232,31
227,0
240,45
55,36
257,47
121,17
194,34
233,14
343,23
247,56
162,15
214,31
186,0
236,45
65,36
246,47
159,17
173,34
182,14
321,23
210,56
148,15
182,31
215,0
216,45
80,36
242,47
164,17
132,34
252,14
344,23
278,56
205,15
179,31
217,0
211,45
49,36
244,47
159,17
155,34
239,14
260,23
198,56
178,15
157,31
198,0
241,45
59,36
222,47
152,17
184,34
213,14
380,23
299,56
203,15
134,31
261,0
176,45
61,36
281,47
150,17
168,34
307,14
371,23
223,56
211,15
216,31
208,0
246,45
52,36
240,47
136,17
174,34
236,14
648,23
372,56
202,15
174,31
210,0
243,45
54,36
256,47
140,17
183,34
210,14
262,23
249,56
168,15
205,31
190,0
245,45
59,36
237,47
133,17
195,34
200,14
231,23
180,56
168,15
170,31
205,0
229,45
62,36
211,47
162,17
147,34
236,14
271,23
212,56
147,15
152,31
194,0
237,45
76,36
239,47
148,17
153,34
226,14
322,23
157,56
196,15
164,31
177,0
268,45
69,36
224,47
144,17
176,34
271,14
276,23
184,56
200,15
150,31
184,0
311,45
89,36
220,47
174,17
140,34
228,14
308,23
213,56
152,15
186,31
187,0
271,45
54,36
282,47
99,17
204,34
251,14
333,23
159,56
290,15
78,31
225,0
244,45
71,36
244,47
174,17
149,34
228,14
285,23
243,56
144,15
237,31
175,0
285,45
62,36
247,47
137,17
177,34
247,14
291,23
202,56
211,15
162,31
231,0
260,45
74,36
233,47
153,17
177,34
211,14
271,23
300,56
195,15
180,31
192,0
274,45
49,36
337,47
146,17
207,34
280,14
297,23
256,56
118,15
216,31
188,0
244,45
52,36
281,47
163,17
149,34
238,14
271,23
258,56
178,15
182,31
180,0
274,45
59,36
286,47
158,17
165,34
647,14
722,23
326,56
312,15
282,31
196,0
269,45
46,36
270,47
102,17
215,34
250,14
279,23
263,56
161,15
160,31
220,0
294,45
63,36
315,47
125,17
184,34
283,14
575,23
290,56
202,15
190,31
195,0
239,45
57,36
264,47
168,17
404,34
629,14
382,23
201,56
134,15
195,31
211,0
326,45
61,36
304,47
177,17
193,34
293,14
350,23
238,56
185,15
155,31
194,0
246,45
58,36
239,47
168,17
162,34
294,14
352,23
278,56
178,15
190,31
238,0
247,45
63,36
324,47
171,17
212,34
228,14
354,23
233,56
162,15
195,31
176,0
281,45
53,36
288,47
507,17
179,34
266,14
324,23
195,56
170,15
219,31
241,0
289,45
59,36
266,47
172,17
177,34
218,14
375,23
224,56
147,15
204,31
206,0
296,45
51,36
271,47
119,17
180,34
651,14
347,23
218,56
172,15
146,31
182,0
279,45
54,36
306,47
165,17
180,34
523,14
319,23
236,56
285,15
190,31
183,0
284,45
55,36
269,47
158,17
256,34
380,14
350,23
237,56
181,15
164,31
216,0
258,45
61,36
264,47
211,17
123,34
205,14
340,23
301,56
172,15
186,31
191,0
258,45
74,36
266,47
181,17
134,34
301,14
490,23
211,56
169,15
180,31
199,0
264,45
79,36
240,47
174,17
161,34
247,14
332,23
404,56
239,15
160,31
645,0
399,45
55,36
239,47
169,17
170,34
283,14
362,23
348,56
212,15
186,31
230,0
280,45
60,36
261,47
171,17
165,34
267,14
308,23
244,56
220,15
217,31
205,0
285,45
51,36
334,47
90,17
231,34
222,14
304,23
180,56
178,15
171,31
161,0
301,45
71,36
310,47
139,17
174,34
240,14
277,23
212,56
182,15
164,31
173,0
304,45
53,36
197,47
149,17
136,34
223,14
331,23
165,56
141,15
149,31
183,0
252,45
52,36
214,47
155,17
103,34
229,14
390,23
182,56
123,15
162,31
157,0
244,45
42,36
199,47
123,17
136,34
218,14
350,23
195,56
121,15
165,31
177,0
220,45
41,36
277,47
186,17
178,34
219,14
382,23
265,56
143,15
188,31
168,0
245,45
45,36
206,47
136,17
132,34
216,14
360,23
216,56
106,15
177,31
174,0
179,45
47,36
244,47
150,17
177,34
121,14
325,23
230,56
65,15
210,31
158,0
229,45
49,36
239,47
164,17
466,34
382,14
324,23
168,56
155,15
172,31
213,0
244,45
57,36
279,47
339,17
149,34
262,14
354,23
198,56
145,15
145,31
168,0
232,45
55,36
235,47
137,17
122,34
223,14
367,23
199,56
142,15
122,31
171,0
222,45
55,36
239,47
629,17
192,34
214,14
348,23
236,56
137,15
174,31
211,0
271,45
53,36
314,47
181,17
169,34
375,14
359,23
196,56
158,15
162,31
164,0
227,45
58,36
376,47
224,17
186,34
319,14
338,23
188,56
152,15
165,31
169,0
238,45
54,36
268,47
187,17
206,34
227,14
478,23
212,56
142,15
181,31
157,0
226,45
48,36
238,47
171,17
191,34
112,14
350,23
223,56
176,15
149,31
191,0
227,45
52,36
276,47
129,17
125,34
225,14
278,23
188,56
141,15
145,31
164,0
204,45
53,36
618,47
167,17
145,34
196,14
302,23
188,56
117,15
146,31
179,0
224,45
66,36
228,47
159,17
113,34
245,14
299,23
186,56
147,15
165,31
186,0
220,45
64,36
223,47
168,17
113,34
240,14
281,23
207,56
144,15
150,31
171,0
225,45
66,36
241,47
165,17
141,34
220,14
287,23
220,56
180,15
156,31
170,0
218,45
50,36
250,47
163,17
130,34
247,14
383,23
233,56
138,15
158,31
172,0
206,45
57,36
251,47
139,17
133,34
195,14
264,23
192,56
141,15
167,31
149,0
189,45
58,36
212,47
172,17
115,34
240,14
288,23
226,56
150,15
172,31
191,0
192,45
57,36
208,47
216,17
98,34
285,14
249,23
187,56
176,15
173,31
154,0
225,45
61,36
249,47
136,17
139,34
244,14
276,23
184,56
152,15
160,31
168,0
154,45
69,36
216,47
190,17
89,34
777,14
300,23
212,56
154,15
153,31
149,0
206,45
63,36
264,47
132,17
125,34
265,14
353,23
183,56
183,15
132,31
174,0
223,45
64,36
231,47
166,17
102,34
228,14
329,23
226,56
139,15
183,31
189,0
233,45
63,36
233,47
222,17
269,34
316,14
327,23
179,56
185,15
112,31
268,0
224,45
57,36
244,47
158,17
121,34
224,14
268,23
175,56
156,15
148,31
154,0
216,45
48,36
215,47
148,17
131,34
253,14
281,23
203,56
173,15
159,31
187,0
226,45
53,36
221,47
143,17
128,34
517,14
373,23
169,56
172,15
177,31
196,0
250,45
53,36
229,47
159,17
136,34
244,14
357,23
205,56
183,15
146,31
195,0
265,45
60,36
221,47
168,17
106,34
221,14
257,23
189,56
140,15
138,31
171,0
174,45
52,36
230,47
179,17
141,34
305,14
328,23
169,56
192,15
162,31
188,0
228,45
73,36
238,47
158,17
145,34
200,14
296,23
200,56
172,15
134,31
193,0
229,45
50,36
249,47
151,17
115,34
267,14
280,23
208,56
186,15
137,31
209,0
237,45
53,36
231,47
172,17
119,34
201,14
318,23
186,56
142,15
142,31
187,0
211,45
59,36
215,47
168,17
116,34
252,14
290,23
205,56
164,15
124,31
176,0
247,45
54,36
212,47
165,17
113,34
244,14
307,23
189,56
156,15
145,31
147,0
230,45
55,36
185,47
189,17
100,34
237,14
254,23
233,56
152,15
143,31
162,0
197,45
57,36
212,47
155,17
205,34
59,14
497,23
209,56
146,15
169,31
140,0
215,45
50,36
201,47
183,17
112,34
615,14
312,23
196,56
162,15
144,31
153,0
213,45
52,36
226,47
152,17
150,34
172,14
397,23
213,56
165,15
143,31
167,0
221,45
52,36
346,47
158,17
114,34
205,14
302,23
214,56
160,15
132,31
168,0
206,45
55,36
216,47
171,17
185,34
520,14
398,23
224,56
159,15
169,31
130,0
246,45
52,36
224,47
175,17
105,34
241,14
326,23
214,56
170,15
160,31
119,0
250,45
57,36
218,47
155,17
121,34
238,14
349,23
216,56
147,15
157,31
152,0
215,45
58,36
213,47
167,17
130,34
226,14
315,23
214,56
180,15
173,31
188,0
240,45
50,36
263,47
144,17
114,34
219,14
285,23
211,56
143,15
156,31
181,0
258,45
59,36
288,47
231,17
168,34
251,14
313,23
195,56
143,15
142,31
122,0
273,45
74,36
