46,752
116,178
105,234
101,1331
53,617
82,617
111,530
97,631
110,389
108,1015
46,1715
116,176
105,268
101,1448
53,514
82,341
111,750
97,999
110,150
108,1208
46,936
116,239
105,41
101,1396
53,449
82,358
111,180
97,507
110,185
108,762
46,1291
116,193
105,272
101,1192
53,516
82,382
111,182
97,387
110,131
108,472
46,661
116,123
105,201
101,856
53,434
82,306
111,199
97,387
110,130
108,737
46,928
116,148
105,187
101,465
53,570
82,448
111,229
97,477
110,137
108,636
46,678
116,161
105,197
101,979
53,469
82,345
111,198
97,382
110,115
108,524
46,664
116,131
105,249
101,785
53,588
82,335
111,211
97,379
110,128
108,513
46,642
116,103
105,251
101,554
53,543
82,313
111,171
97,420
110,68
108,826
46,741
116,152
105,185
101,793
53,543
82,373
111,165
97,365
110,110
108,1105
46,700
116,130
105,250
101,377
53,384
82,304
111,194
97,470
110,157
108,1220
46,731
116,132
105,583
101,409
53,547
82,371
111,205
97,370
110,121
108,688
46,774
116,127
105,246
101,868
53,637
82,384
111,228
97,374
110,117
108,601
46,684
116,224
105,79
101,878
53,491
82,349
111,208
97,355
110,131
108,939
46,759
116,138
105,247
101,864
53,518
82,344
111,201
97,360
110,122
108,897
46,671
116,122
105,237
101,801
53,484
82,375
111,199
97,351
110,133
108,826
46,728
116,144
105,259
101,899
53,546
82,341
111,225
97,349
110,160
108,758
46,822
116,171
105,295
101,707
53,697
82,327
111,257
97,288
110,170
108,1388
46,661
116,149
105,234
101,941
53,412
82,335
111,199
97,387
110,212
108,697
46,713
116,171
105,246
101,495
53,441
82,328
111,302
97,234
110,180
108,1079
46,611
116,160
105,209
101,399
53,544
82,371
111,230
97,360
110,140
108,1241
46,649
116,123
105,267
101,500
53,518
82,365
111,223
97,364
110,187
108,1259
46,1002
116,197
105,249
101,423
53,519
82,395
111,176
97,364
110,211
108,738
46,648
116,188
105,302
101,542
53,456
82,335
111,190
97,374
110,167
108,916
46,767
116,148
105,236
101,539
53,564
82,360
111,218
97,374
110,181
108,1107
46,711
116,164
105,258
101,794
53,506
82,368
111,209
97,383
110,193
108,1238
46,661
116,151
105,240
101,993
53,449
82,344
111,232
97,356
110,142
108,1017
46,1263
116,173
105,185
101,749
53,435
82,283
111,238
97,294
110,145
108,1052
46,942
116,171
105,219
101,707
53,424
82,328
111,221
97,336
110,155
108,791
46,699
116,144
105,233
101,414
53,341
82,322
111,212
97,414
110,217
108,709
46,653
116,144
105,262
101,730
53,413
82,300
111,222
97,362
110,199
108,757
46,706
116,141
105,270
101,402
53,377
82,353
111,342
97,458
110,174
108,623
46,683
116,158
105,389
101,589
53,419
82,323
111,202
97,459
110,244
108,833
46,703
116,150
105,270
101,677
53,480
82,326
111,206
97,406
110,158
108,605
46,654
116,123
105,242
101,664
53,638
82,397
111,314
97,484
110,223
108,1029
46,1189
116,206
105,111
101,707
53,915
82,543
111,278
97,425
110,162
108,830
46,759
116,181
105,282
101,586
53,978
82,498
111,287
97,545
110,201
108,720
46,709
116,157
105,156
101,802
53,1258
82,465
111,256
97,489
110,176
108,655
46,663
116,193
105,215
101,890
53,465
82,439
111,238
97,407
110,177
108,619
46,697
116,165
105,251
101,515
53,412
82,397
111,169
97,566
110,53
108,697
46,666
116,147
105,314
101,560
53,646
82,442
111,185
97,453
110,196
108,608
46,744
116,131
105,323
101,780
53,416
82,452
111,158
97,527
110,109
108,818
46,818
116,232
105,251
101,775
53,536
82,410
111,298
97,610
110,235
108,737
46,694
116,153
105,235
101,485
53,468
82,357
111,193
97,527
110,212
108,743
46,725
116,172
105,258
101,917
53,499
82,452
111,277
97,489
110,224
108,672
46,697
116,175
105,265
101,857
53,445
82,419
111,254
97,481
110,151
108,702
46,668
116,162
105,295
101,573
53,465
82,425
111,187
97,530
110,233
108,705
46,671
116,182
105,219
101,507
53,455
82,401
111,183
97,485
110,198
108,1045
46,743
116,151
105,255
101,893
53,419
82,394
111,204
97,478
110,169
108,1010
46,652
116,145
105,261
101,785
53,488
82,398
111,223
97,433
110,205
108,1632
46,1294
116,126
105,207
101,439
53,469
82,371
111,301
97,514
110,152
108,853
46,636
116,119
105,143
101,341
53,509
82,339
111,1016
97,273
110,192
108,422
46,925
116,134
105,193
101,512
53,440
82,336
111,197
97,413
110,182
108,627
46,731
116,144
105,200
101,531
53,407
82,410
111,442
97,433
110,181
108,618
46,752
116,168
105,216
101,484
53,512
82,414
111,190
97,526
110,158
108,601
46,710
116,152
105,190
101,550
53,578
82,372
111,183
97,471
110,139
108,496
46,690
116,131
105,228
101,725
53,580
82,398
111,450
97,578
110,159
108,676
46,694
116,135
105,193
101,449
53,393
82,356
111,245
97,474
110,133
108,551
46,661
116,150
105,407
101,964
53,442
82,459
111,179
97,454
110,140
108,744
46,688
116,161
105,224
101,337
53,370
82,326
111,261
97,532
110,136
108,615
46,640
116,142
105,212
101,345
53,372
82,359
111,233
97,455
110,151
108,950
46,876
116,156
105,222
101,422
53,437
82,369
111,241
97,422
110,201
108,709
46,861
116,134
105,223
101,409
53,388
82,354
111,181
97,383
110,151
108,614
46,621
116,141
105,231
101,274
53,333
82,309
111,199
97,369
110,141
108,657
46,633
116,133
105,252
101,308
53,325
82,307
111,358
97,204
110,105
108,817
46,651
116,128
105,333
101,353
53,357
82,330
111,461
97,172
110,150
108,461
46,882
116,135
105,170
101,308
53,403
82,490
111,520
97,146
110,130
108,556
46,681
116,119
105,246
101,523
53,349
82,470
111,513
97,163
110,84
108,723
46,763
116,148
105,229
101,389
53,442
82,392
111,253
97,463
110,149
108,586
46,803
116,192
105,199
101,1269
53,435
82,430
111,492
97,196
110,198
108,638
46,652
116,168
105,219
101,370
53,493
82,485
111,490
97,147
110,197
108,681
46,634
116,135
105,253
101,340
53,440
82,499
111,561
97,193
110,174
108,567
46,665
116,127
105,255
101,346
53,409
82,376
111,1007
97,181
110,138
108,506
46,618
116,147
105,271
101,465
53,450
82,317
111,236
97,449
110,160
108,514
46,1165
116,121
105,239
101,327
53,367
82,386
111,488
97,167
110,196
108,566
46,653
116,148
105,229
101,342
53,397
82,351
111,487
97,170
110,187
108,567
46,602
116,151
105,225
101,321
53,351
82,306
111,452
97,184
110,189
108,626
46,699
116,165
105,193
101,339
53,804
82,360
111,458
97,167
110,202
108,813
46,662
116,163
105,244
101,349
53,377
82,357
111,464
97,182
110,195
108,627
46,666
116,137
105,229
101,374
53,346
82,392
111,430
97,170
110,179
108,547
46,651
116,158
105,226
101,360
53,343
82,370
111,328
97,243
110,154
108,496
46,668
116,130
105,265
101,327
53,336
82,325
111,398
97,164
110,162
108,499
46,633
116,128
105,265
101,348
53,344
82,349
111,417
97,204
110,138
108,522
46,620
116,145
105,237
101,353
53,347
82,352
111,361
97,203
110,153
108,457
46,626
116,129
105,269
101,361
53,352
82,317
111,431
97,165
110,198
108,416
46,671
116,166
105,181
101,323
53,368
82,1019
111,434
97,191
110,167
108,483
46,702
116,115
105,260
101,366
53,360
82,377
111,456
97,164
110,157
108,499
46,671
116,123
105,282
101,389
53,744
82,671
111,207
97,372
110,118
108,449
46,678
116,135
105,201
101,402
53,325
82,367
111,367
97,191
110,160
108,474
46,629
116,125
105,228
101,338
53,351
82,374
111,426
97,203
110,164
108,444
46,615
116,179
105,113
101,402
53,852
82,359
111,458
97,156
110,189
108,646
46,630
116,121
105,229
101,376
53,405
82,319
111,385
97,185
110,143
108,507
46,596
116,114
105,195
101,1410
53,594
82,941
111,506
97,138
110,124
108,466
46,624
116,114
105,190
101,393
53,423
82,393
111,586
97,162
110,144
108,486
46,676
116,139
105,230
101,358
53,375
82,386
111,471
97,151
110,162
108,472
46,736
116,147
105,250
101,309
53,351
82,358
111,392
97,164
110,144
108,564
46,601
116,112
105,222
101,408
53,492
82,349
111,439
97,161
110,127
108,477
46,684
116,129
105,159
101,359
53,358
82,342
111,487
97,178
110,139
108,591
46,484
116,231
105,201
101,377
53,355
82,354
111,390
97,224
110,113
108,516
46,636
116,126
105,217
101,393
53,382
82,361
111,478
97,134
110,170
108,819
46,674
116,132
105,223
101,445
53,450
82,302
111,356
97,452
110,224
108,447
46,389
116,248
105,250
101,526
53,489
82,290
111,274
97,308
110,174
108,491
46,354
116,230
105,243
101,440
53,461
82,326
111,192
97,412
110,108
108,463
46,830
116,169
105,248
101,510
53,454
82,319
111,226
97,386
110,171
108,468
46,641
116,151
105,264
101,404
53,415
82,783
111,242
97,412
110,207
108,511
46,697
116,137
105,249
101,393
53,368
82,339
111,430
97,244
110,177
108,623
46,658
116,129
105,205
101,447
53,334
82,323
111,235
97,366
110,175
108,461
46,659
116,148
105,231
101,420
53,395
82,333
111,229
97,354
110,155
108,464
46,737
116,126
105,237
101,345
53,356
82,363
111,223
97,414
110,153
108,453
46,641
116,128
105,240
101,361
53,385
82,359
111,216
97,383
110,160
108,616
46,654
116,177
105,230
101,435
53,432
82,354
111,645
97,324
110,128
108,501
46,700
116,135
105,217
101,366
53,376
82,355
111,241
97,358
110,530
108,525
46,688
116,159
105,233
101,735
53,417
82,1056
111,208
97,385
110,164
108,460
46,669
116,174
105,210
101,658
53,436
82,381
111,247
97,387
110,196
108,509
46,677
116,167
105,224
101,417
53,408
82,351
111,237
97,372
110,140
108,506
46,648
116,144
105,290
101,472
53,421
82,364
111,244
97,406
110,153
108,1332
46,646
116,153
105,222
101,426
53,406
82,366
111,239
97,402
110,169
108,547
46,674
116,145
105,254
101,391
53,380
82,366
111,211
97,415
110,164
108,852
46,634
116,135
105,247
101,726
53,416
82,373
111,236
97,335
110,198
108,949
46,625
116,137
105,260
101,392
53,427
82,359
111,217
97,397
110,231
108,500
46,667
116,126
105,236
101,359
53,403
82,376
111,197
97,437
110,212
108,588
46,654
116,148
105,262
101,325
53,408
82,358
111,203
97,376
110,222
108,646
46,642
116,139
105,235
101,363
53,401
82,352
111,242
97,361
110,192
108,797
46,638
116,116
105,239
101,372
53,417
82,353
111,233
97,343
110,196
108,507
46,621
116,127
105,239
101,340
53,391
82,346
111,232
97,357
110,253
108,463
46,677
116,155
105,273
101,367
53,380
82,363
111,213
97,369
110,163
108,529
46,663
116,100
105,280
101,373
53,378
82,380
111,228
97,350
110,173
108,489
46,612
116,119
105,266
101,395
53,399
82,390
111,224
97,377
110,421
108,477
46,695
116,156
105,234
101,356
53,422
82,348
111,264
97,410
110,162
108,579
46,708
116,108
105,247
101,340
53,392
82,348
111,207
97,402
110,215
108,615
46,634
116,166
105,229
101,332
53,382
82,367
111,213
97,377
110,199
108,554
46,655
116,128
105,251
101,345
53,392
82,336
111,232
97,344
110,183
108,519
46,648
116,137
105,263
101,350
53,354
82,369
111,275
97,357
110,138
108,722
46,675
116,132
105,221
101,390
53,371
82,345
111,225
97,372
110,172
108,1464
46,681
116,155
105,197
101,378
53,402
82,335
111,217
97,350
110,198
108,587
46,605
116,141
105,240
101,378
53,471
82,394
111,168
97,377
110,164
108,838
46,613
116,147
105,269
101,359
53,422
82,375
111,209
97,339
110,164
108,604
46,643
116,128
105,270
101,386
53,394
82,366
111,195
97,372
110,154
108,688
46,669
116,128
105,251
101,341
53,372
82,518
111,167
97,173
110,219
108,685
46,614
116,144
105,197
101,394
53,400
82,422
111,248
97,161
110,160
108,641
46,588
116,122
105,198
101,380
53,370
82,326
111,402
97,161
110,152
108,515
46,840
116,124
105,242
101,391
53,422
82,363
111,218
97,387
110,162
108,591
46,595
116,140
105,254
101,349
53,394
82,341
111,198
97,390
110,198
108,744
46,636
116,155
105,263
101,352
53,401
82,372
111,233
97,281
110,137
108,579
46,676
116,165
105,235
101,374
53,417
82,367
111,518
97,386
110,232
108,594
46,669
116,161
105,262
101,386
53,437
82,376
111,213
97,365
110,251
108,567
46,644
116,183
105,153
101,401
53,462
82,748
111,513
97,245
110,198
108,555
46,650
116,157
105,258
101,372
53,380
82,386
111,203
97,365
110,437
108,686
46,649
116,147
105,263
101,399
53,402
82,365
111,222
97,379
110,186
108,519
46,581
116,174
105,155
101,731
53,461
82,357
111,240
97,365
110,189
108,471
46,749
116,94
105,255
101,341
53,363
82,295
111,442
97,187
110,193
108,609
46,670
116,131
105,232
101,321
53,344
82,268
111,241
97,297
110,163
108,381
46,617
116,148
105,255
101,334
53,325
82,271
111,461
97,134
110,145
108,421
46,636
116,164
105,217
101,365
53,364
82,288
111,445
97,170
110,147
108,441
46,666
116,120
105,226
101,361
53,358
82,295
111,421
97,182
110,147
108,419
46,681
116,143
105,215
101,350
53,345
82,251
111,417
97,194
110,168
108,444
46,604
116,156
105,229
101,327
53,320
82,272
111,349
97,186
110,168
108,367
46,598
116,130
105,230
101,311
53,340
82,271
111,382
97,171
110,147
108,426
46,676
116,139
105,275
101,336
53,328
82,252
111,446
97,156
110,144
108,534
46,599
116,151
105,220
101,313
53,347
82,239
111,411
97,156
110,174
108,623
46,598
116,133
105,261
101,323
53,352
82,323
111,345
97,186
110,136
108,407
46,588
116,139
105,255
101,303
53,304
82,289
111,455
97,142
110,118
108,411
46,553
116,132
105,239
101,293
53,342
82,262
111,381
97,163
110,132
108,429
46,580
116,155
105,187
101,320
53,329
82,263
111,436
97,176
110,183
108,405
46,547
116,125
105,247
101,486
53,386
82,309
111,393
97,182
110,136
108,447
46,579
116,151
105,265
101,339
53,364
82,299
111,740
97,195
110,170
108,418
46,577
116,129
105,306
101,445
53,400
82,320
111,428
97,180
110,139
108,440
46,594
116,136
105,255
101,368
53,348
82,278
111,440
97,143
110,193
108,569
46,563
116,143
105,234
101,335
53,366
82,284
111,421
97,166
110,141
108,417
46,611
116,100
105,257
101,355
53,349
82,285
111,386
97,185
110,132
108,423
46,623
116,122
105,244
101,344
53,332
82,274
111,437
97,157
110,111
108,482
46,609
116,144
105,256
101,360
53,378
82,266
111,410
97,175
110,137
108,445
46,602
116,147
105,229
101,351
53,335
82,263
111,415
97,153
110,167
108,422
46,563
116,113
105,227
101,324
53,357
82,244
111,395
97,139
110,575
108,453
46,589
116,148
105,239
101,321
53,312
82,254
111,420
97,134
110,180
108,435
46,565
116,124
105,256
101,375
53,328
82,265
111,405
97,158
110,161
108,470
46,611
116,100
105,289
101,314
53,338
82,237
111,447
97,148
110,166
108,551
46,554
116,132
105,219
101,322
53,348
82,267
111,417
97,540
110,141
108,441
46,580
116,147
105,219
101,376
53,345
82,297
111,432
97,142
110,157
108,513
46,541
116,131
105,231
101,314
53,337
82,269
111,407
97,143
110,172
108,470
46,606
116,182
105,238
101,328
53,316
82,291
111,376
97,123
110,145
108,469
46,543
116,137
105,239
101,314
53,298
82,280
111,379
97,97
110,160
108,493
46,519
116,128
105,210
101,308
53,307
82,278
111,382
97,123
110,138
108,463
46,597
116,130
105,235
101,316
53,304
82,320
111,393
97,142
110,177
108,467
46,566
116,138
105,232
101,321
53,329
82,292
111,343
97,141
110,170
108,502
46,555
116,126
105,215
101,337
53,342
82,288
111,442
97,159
110,125
108,490
46,512
116,103
105,233
101,351
53,432
82,328
111,441
97,185
110,71
108,689
46,500
116,113
105,221
101,463
53,350
82,278
111,349
97,163
110,162
108,494
46,552
116,130
105,209
101,340
53,331
82,287
111,421
97,96
110,150
108,485
46,528
116,124
105,240
101,342
53,330
82,294
111,396
97,192
110,110
108,545
46,565
116,133
105,210
101,322
53,326
82,289
111,389
97,146
110,183
108,548
46,551
116,159
105,215
101,359
53,352
82,426
111,421
97,160
110,142
108,513
46,546
116,118
105,237
101,381
53,343
82,317
111,355
97,157
110,149
108,447
46,586
116,146
105,234
101,358
53,357
82,323
111,429
97,133
110,134
108,469
46,574
116,117
105,278
101,345
53,351
82,301
111,413
97,124
110,183
108,452
46,569
116,146
105,247
101,354
53,307
82,311
111,378
97,157
110,121
108,527
46,566
116,136
105,243
101,356
53,341
82,318
111,439
97,161
110,143
108,532
46,546
116,185
105,180
101,368
53,303
82,271
111,381
97,142
110,167
108,492
46,527
116,143
105,231
101,357
53,314
82,293
111,389
97,150
110,155
108,469
46,537
116,152
105,265
101,348
53,330
82,306
111,386
97,143
110,168
108,493
46,721
116,156
105,205
101,383
53,365
82,296
111,400
97,154
110,182
108,440
46,653
116,142
105,201
101,355
53,352
82,302
111,374
97,200
110,134
108,634
46,651
116,143
105,226
101,355
53,313
82,270
111,397
97,169
110,174
108,516
46,649
116,165
105,217
101,371
53,314
82,294
111,346
97,178
110,138
108,479
46,641
116,134
105,230
101,375
53,354
82,297
111,350
97,201
110,158
108,485
46,686
116,154
105,270
101,359
53,354
82,324
111,406
97,174
110,193
108,442
46,650
116,155
105,223
101,363
53,437
82,327
111,369
97,186
110,163
108,490
46,666
116,153
105,201
101,955
53,700
82,362
111,318
97,258
110,99
108,447
46,669
116,136
105,249
101,356
53,340
82,313
111,381
97,179
110,184
108,439
46,703
116,149
105,246
101,366
53,344
82,324
111,345
97,185
110,157
108,497
46,653
116,146
105,277
101,379
53,370
82,333
111,344
97,185
110,210
108,427
46,650
116,151
105,248
101,360
53,394
82,299
111,333
97,172
110,183
108,452
46,597
116,154
105,196
101,376
53,343
82,282
111,332
97,221
110,135
108,543
46,616
116,108
105,245
101,387
53,358
82,310
111,436
97,179
110,157
108,524
46,599
116,163
105,246
101,376
53,346
82,320
111,410
97,208
110,137
108,521
46,598
116,150
105,215
101,366
53,334
82,291
111,381
97,182
110,148
108,614
46,601
116,131
105,220
101,332
53,343
82,302
111,399
97,155
110,177
108,601
46,589
116,156
105,204
101,350
53,338
82,283
111,378
97,202
110,166
108,515
46,599
116,135
105,229
101,372
53,346
82,304
111,380
97,168
110,162
108,552
46,571
116,149
105,229
101,339
53,361
82,301
111,426
97,169
110,169
108,465
46,612
116,114
105,224
101,355
53,339
82,288
111,412
97,168
110,165
108,561
46,790
116,143
105,243
101,385
53,381
82,305
111,295
97,269
110,146
108,472
46,561
116,148
105,205
101,389
53,324
82,330
111,338
97,206
110,159
108,491
46,600
116,131
105,201
101,352
53,364
82,306
111,364
97,210
110,160
108,438
46,621
116,169
105,171
101,354
53,364
82,323
111,313
97,294
110,126
108,501
46,569
116,100
105,241
101,490
53,409
82,369
111,251
97,257
110,157
108,423
46,820
116,119
105,214
101,370
53,328
82,292
111,318
97,244
110,129
108,396
46,592
116,131
105,226
101,343
53,343
82,279
111,356
97,176
110,143
108,430
46,603
116,135
105,241
101,338
53,348
82,315
111,345
97,198
110,153
108,437
46,587
116,145
105,214
101,397
53,355
82,310
111,352
97,174
110,160
108,427
46,553
116,137
105,200
101,364
53,336
82,297
111,340
97,203
110,154
108,515
46,850
116,123
105,220
101,344
53,345
82,301
111,331
97,187
110,168
108,398
46,623
116,127
105,236
101,368
53,339
82,312
111,308
97,214
110,150
108,401
46,634
116,152
105,205
101,335
53,358
82,319
111,287
97,232
110,191
108,446
46,572
116,135
105,233
101,373
53,341
82,298
111,300
97,259
110,160
108,404
46,616
116,161
105,194
101,399
53,343
82,273
111,322
97,200
110,193
108,463
46,776
116,144
105,206
101,386
53,776
82,475
111,659
97,314
110,174
108,440
46,623
116,126
105,233
101,411
53,364
82,344
111,323
97,230
110,166
108,440
46,586
116,138
105,234
101,393
53,377
82,304
111,319
97,245
110,171
108,459
46,596
116,158
105,203
101,374
53,357
82,328
111,296
97,240
110,145
108,442
46,660
116,134
105,210
101,534
53,530
82,347
111,274
97,297
110,149
108,452
46,611
116,136
105,224
101,378
53,377
82,309
111,286
97,244
110,130
108,419
46,548
116,151
105,198
101,472
53,409
82,330
111,378
97,195
110,142
108,476
46,577
116,147
105,205
101,1184
53,482
82,332
111,256
97,269
110,164
108,457
46,592
116,135
105,189
101,823
53,397
82,355
111,361
97,176
110,162
108,972
46,601
116,127
105,201
101,1245
53,737
82,419
111,403
97,166
110,152
108,496
46,600
116,119
105,226
101,423
53,351
82,332
111,397
97,202
110,153
108,466
46,605
116,138
105,240
101,401
53,379
82,341
111,315
97,223
110,149
108,459
46,598
116,121
105,205
101,391
53,347
82,343
111,357
97,273
110,156
108,498
46,573
116,140
105,205
101,394
53,404
82,345
111,341
97,207
110,152
108,406
46,651
116,149
105,253
101,410
53,412
82,298
111,376
97,210
110,97
108,582
46,681
116,167
105,242
101,363
53,324
82,295
111,419
97,190
110,181
108,438
46,648
116,146
105,231
101,368
53,347
82,308
111,382
97,166
110,158
108,419
46,685
116,125
105,244
101,394
53,349
82,310
111,288
97,231
110,167
108,517
46,590
116,130
105,200
101,374
53,297
82,370
111,791
97,213
110,165
108,450
46,628
116,98
105,175
101,372
53,364
82,307
111,327
97,143
110,143
108,499
46,669
116,98
105,240
101,341
53,333
82,293
111,527
97,229
110,151
108,526
46,675
116,114
105,256
101,332
53,354
82,336
111,218
97,298
110,98
108,490
46,586
116,118
105,202
101,402
53,321
82,304
111,324
97,260
110,121
108,494
46,620
116,138
105,222
101,369
53,403
82,378
111,347
97,224
110,134
108,471
46,613
116,113
105,241
101,387
53,355
82,362
111,346
97,262
110,159
108,517
46,607
116,127
105,224
101,371
53,357
82,338
111,311
97,208
110,153
108,434
46,681
116,144
105,231
101,344
53,339
82,323
111,350
97,177
110,162
108,473
46,623
116,140
105,208
101,362
53,357
82,354
111,491
97,219
110,150
108,509
46,637
116,149
105,218
101,396
53,325
82,357
111,372
97,258
110,142
108,487
46,611
116,136
105,214
101,360
53,305
82,335
111,295
97,309
110,161
108,473
46,586
116,126
105,193
101,322
53,304
82,258
111,434
97,118
110,141
108,488
46,619
116,138
105,190
101,310
53,310
82,288
111,411
97,111
110,157
108,423
46,598
116,155
105,169
101,347
53,405
82,493
111,464
97,156
110,93
108,462
46,581
116,74
105,181
101,381
53,667
82,687
111,443
97,137
110,146
108,435
46,608
116,132
105,218
101,417
53,335
82,346
111,350
97,134
110,118
108,518
46,554
116,122
105,209
101,327
53,324
82,367
111,398
97,160
110,150
108,500
46,579
116,141
105,196
101,378
53,346
82,335
111,383
97,196
110,130
108,533
46,554
116,144
105,190
101,341
53,361
82,346
111,379
97,173
110,130
108,554
46,636
116,145
105,167
101,365
53,365
82,391
111,342
97,122
110,144
108,532
46,581
116,141
105,240
101,389
53,323
82,335
111,366
97,142
110,167
108,446
46,566
116,157
105,236
101,370
53,329
82,315
111,373
97,171
110,157
108,477
46,573
116,143
105,209
101,347
53,324
82,318
111,390
97,225
110,148
108,468
46,521
116,171
105,209
101,325
53,280
82,315
111,371
97,176
110,170
108,491
46,574
116,135
105,229
101,333
53,326
82,384
111,579
97,172
110,151
108,477
46,550
116,113
105,213
101,353
53,1600
82,796
111,405
97,182
110,134
108,466
46,562
116,142
105,245
101,720
53,365
82,402
111,523
97,190
110,544
108,441
46,551
116,144
105,227
101,361
53,369
82,379
111,447
97,176
110,151
108,549
46,570
116,123
105,221
101,975
53,391
82,413
111,346
97,198
110,159
108,529
46,593
116,111
105,203
101,375
53,302
82,311
111,811
97,218
110,123
108,487
46,608
116,122
105,230
101,443
53,366
82,371
111,395
97,249
110,162
108,460
46,646
116,120
105,250
101,535
53,367
82,363
111,360
97,236
110,175
108,506
46,592
116,104
105,250
101,363
53,324
82,360
111,404
97,134
110,159
108,481
46,540
116,164
105,218
101,387
53,336
82,378
111,432
97,194
110,154
108,480
46,592
116,138
105,260
101,350
53,294
82,414
111,326
97,199
110,143
108,471
46,580
116,134
105,249
101,758
53,1201
82,404
111,332
97,190
110,70
108,466
46,611
116,92
105,267
101,339
53,363
82,361
111,340
97,221
110,144
108,440
46,526
116,130
105,246
101,343
53,335
82,342
111,424
97,203
110,166
108,436
46,561
116,137
105,217
101,402
53,328
82,386
111,339
97,146
110,138
108,482
46,598
116,129
105,252
101,373
53,324
82,356
111,391
97,178
110,140
108,462
46,530
116,139
105,189
101,328
53,314
82,336
111,358
97,158
110,107
108,514
46,551
116,141
105,163
101,325
53,311
82,380
111,415
97,190
110,130
108,525
46,599
116,83
105,238
101,335
53,329
82,348
111,372
97,229
110,114
108,473
46,566
116,122
105,206
101,316
53,323
82,334
111,347
97,224
110,124
108,484
46,529
116,141
105,219
101,331
53,313
82,381
111,443
97,193
110,133
108,606
46,718
116,208
105,186
101,359
53,418
82,301
111,262
97,378
110,202
108,494
46,703
116,163
105,255
101,416
53,344
82,340
111,273
97,302
110,150
108,544
46,565
116,153
105,205
101,354
53,333
82,309
111,278
97,258
110,152
108,450
46,671
116,133
105,258
101,384
53,314
82,324
111,327
97,235
110,148
108,468
46,658
116,137
105,233
101,329
53,350
82,360
111,283
97,275
110,128
108,478
46,698
116,130
105,241
101,362
53,364
82,328
111,296
97,281
110,164
108,497
46,615
116,136
105,204
101,349
53,336
82,327
111,248
97,293
110,118
108,454
46,624
116,142
105,201
101,338
53,346
82,311
111,404
97,192
110,246
108,736
46,657
116,116
105,222
101,333
53,352
82,309
111,292
97,272
110,179
108,472
46,644
116,159
105,239
101,321
53,364
82,325
111,252
97,316
110,160
108,466
46,665
116,119
105,210
101,334
53,341
82,344
111,312
97,269
110,127
108,554
46,627
116,161
105,222
101,312
53,343
82,320
111,437
97,313
110,198
108,581
46,637
116,116
105,243
101,356
53,359
82,321
111,279
97,320
110,148
108,592
46,664
116,108
105,241
101,365
53,359
82,355
111,301
97,271
110,186
108,580
46,643
116,160
105,229
101,336
53,365
82,354
111,321
97,310
110,153
108,465
46,612
116,136
105,225
101,352
53,333
82,357
111,278
97,340
110,116
108,510
46,638
116,143
105,217
101,363
53,320
82,338
111,295
97,263
110,131
108,473
46,630
116,155
105,211
101,340
53,340
82,313
111,294
97,346
110,151
108,480
46,607
116,126
105,239
101,334
53,357
82,351
111,353
97,224
110,136
108,533
46,592
116,158
105,189
101,332
53,369
82,362
111,309
97,319
110,157
108,495
46,659
116,96
105,261
101,354
53,337
82,347
111,279
97,300
110,147
108,529
46,700
116,146
105,231
101,333
53,329
82,332
111,338
97,306
110,153
108,611
46,650
116,185
105,218
101,326
53,343
82,362
111,312
97,301
110,145
108,531
46,643
116,124
105,238
101,353
53,324
82,321
111,265
97,315
110,145
108,509
46,679
116,174
105,207
101,336
53,361
82,298
111,296
97,271
110,183
108,544
46,638
116,110
105,262
101,329
53,351
82,338
111,305
97,263
110,132
108,539
46,642
116,109
105,258
101,350
53,316
82,330
111,309
97,271
110,183
108,538
46,665
116,122
105,240
101,354
53,345
82,363
111,299
97,322
110,133
108,498
46,613
116,133
105,241
101,345
53,330
82,323
111,261
97,313
110,137
108,516
46,611
116,133
105,241
101,360
53,329
82,337
111,271
97,302
110,542
108,449
46,624
116,157
105,221
101,355
53,367
82,343
111,286
97,314
110,192
108,542
46,643
116,136
105,226
101,338
53,349
82,351
111,278
97,323
110,144
108,643
46,592
116,115
105,257
101,339
53,336
82,307
111,297
97,266
110,148
108,518
46,617
116,142
105,240
101,349
53,364
82,317
111,315
97,348
110,108
108,664
46,593
116,153
105,215
101,350
53,341
82,337
111,228
97,350
110,97
108,580
46,610
116,128
105,251
101,341
53,352
82,317
111,256
97,276
110,177
108,482
46,581
116,162
105,240
101,331
53,298
82,330
111,305
97,262
110,116
108,515
46,639
116,158
105,206
101,569
53,450
82,368
111,343
97,261
110,150
108,488
46,568
116,115
105,202
101,354
53,398
82,326
111,383
97,151
110,137
108,447
46,561
116,115
105,176
101,463
53,458
82,345
111,376
97,123
110,141
108,428
46,579
116,83
105,193
101,368
53,389
82,329
111,352
97,246
110,151
108,535
46,640
116,139
105,227
101,345
53,324
82,354
111,318
97,304
110,109
108,502
46,604
116,118
105,187
101,352
53,309
82,342
111,395
97,195
110,186
108,462
46,569
116,130
105,194
101,334
53,309
82,320
111,363
97,261
110,183
108,463
46,561
116,115
105,231
101,306
53,322
82,313
111,219
97,316
110,130
108,463
46,566
116,132
105,232
101,357
53,324
82,301
111,299
97,288
110,166
108,454
46,588
116,153
105,218
101,321
53,356
82,297
111,323
97,265
110,186
108,448
46,573
116,107
105,226
101,367
53,330
82,312
111,281
97,278
110,146
108,465
46,655
116,95
105,214
101,523
53,716
82,336
111,293
97,260
110,125
108,478
46,581
116,104
105,247
101,327
53,306
82,284
111,251
97,216
110,146
108,555
46,655
116,131
105,204
101,340
53,286
82,239
111,310
97,176
110,165
108,396
46,637
116,133
105,231
101,306
53,294
82,244
111,288
97,212
110,135
108,378
46,588
116,133
105,200
101,332
53,280
82,293
111,429
97,127
110,151
108,384
46,578
116,129
105,229
101,297
53,281
82,255
111,286
97,158
110,135
108,353
46,575
116,143
105,201
101,296
53,278
82,272
111,188
97,238
110,72
108,420
46,606
116,138
105,217
101,281
53,296
82,247
111,262
97,215
110,136
108,369
46,604
116,104
105,245
101,302
53,553
82,602
111,518
97,125
110,145
108,344
46,593
116,135
105,234
101,318
53,316
82,226
111,438
97,60
110,184
108,368
46,564
116,124
105,205
101,311
53,311
82,230
111,391
97,96
110,146
108,404
46,549
116,124
105,181
101,283
53,296
82,240
111,436
97,66
110,156
108,414
46,550
116,105
105,218
101,276
53,291
82,296
111,397
97,122
110,144
108,475
46,586
116,139
105,197
101,299
53,297
82,243
111,415
97,141
110,129
108,472
46,577
116,118
105,228
101,307
53,303
82,242
111,440
97,102
110,139
108,456
46,593
116,113
105,168
101,296
53,331
82,265
111,451
97,150
110,154
108,509
46,543
116,132
105,216
101,291
53,322
82,260
111,408
97,129
110,133
108,470
46,535
116,108
105,212
101,255
53,316
82,286
111,429
97,131
110,157
108,430
46,560
116,124
105,181
101,285
53,371
82,273
111,420
97,141
110,131
108,464
46,566
116,96
105,177
101,325
53,352
82,273
111,383
97,162
110,142
108,466
46,565
116,122
105,199
101,292
53,376
82,277
111,441
97,128
110,126
108,432
46,589
116,101
105,229
101,284
53,320
82,314
111,428
97,173
110,134
108,441
46,544
116,133
105,158
101,302
53,416
82,296
111,399
97,171
110,135
108,418
46,542
116,117
105,175
101,298
53,341
82,296
111,249
97,153
110,131
108,422
46,493
116,123
105,205
101,293
53,225
82,223
111,391
97,132
110,97
108,462
46,534
116,116
105,202
101,306
53,295
82,259
111,351
97,162
110,105
108,451
46,582
116,125
105,185
101,316
53,333
82,283
111,378
97,155
110,157
108,423
46,542
116,118
105,185
101,297
53,327
82,286
111,300
97,200
110,154
108,398
46,537
116,127
105,202
101,295
53,352
82,573
111,267
97,209
110,117
108,398
46,508
116,113
105,192
101,298
53,367
82,310
111,396
97,114
110,134
108,446
46,553
116,125
105,186
101,295
53,338
82,288
111,360
97,178
110,109
108,472
46,563
116,131
105,207
101,317
53,335
82,280
111,360
97,161
110,130
108,432
46,586
116,112
105,189
101,302
53,344
82,278
111,272
97,154
110,148
108,387
46,565
116,111
105,249
101,294
53,339
82,258
111,344
97,192
110,125
108,422
46,568
116,87
105,217
101,315
53,346
82,291
111,200
97,274
110,130
108,418
46,573
116,123
105,223
101,303
53,369
82,284
111,494
97,197
110,173
108,396
46,546
116,95
105,196
101,314
53,287
82,279
111,368
97,153
110,136
108,405
46,514
116,170
105,238
101,321
53,332
82,320
111,352
97,141
110,133
108,419
46,545
116,131
105,203
101,330
53,303
82,268
111,320
97,129
110,149
108,507
46,469
116,175
105,237
101,294
53,312
82,242
111,438
97,180
110,157
108,404
46,552
116,142
105,199
101,310
53,305
82,298
111,368
97,157
110,141
108,465
46,545
116,137
105,218
101,306
53,317
82,293
111,368
97,155
110,142
108,450
46,561
116,130
105,198
101,281
53,298
82,285
111,413
97,193
110,74
108,503
46,610
116,146
105,201
101,296
53,310
82,249
111,230
97,148
110,219
108,449
46,582
116,142
105,200
101,265
53,309
82,250
111,210
97,202
110,162
108,417
46,576
116,140
105,198
101,281
53,330
82,279
111,197
97,172
110,166
108,400
46,566
116,114
105,204
101,291
53,287
82,242
111,202
97,214
110,136
108,416
46,567
116,141
105,190
101,277
53,305
82,234
111,254
97,168
110,205
108,448
46,540
116,234
105,294
101,341
53,455
82,347
111,239
97,274
110,724
108,381
46,556
116,132
105,195
101,289
53,356
82,297
111,234
97,351
110,146
108,421
46,546
116,153
105,204
101,287
53,303
82,268
111,342
97,172
110,160
108,441
46,536
116,176
105,193
101,322
53,322
82,264
111,377
97,153
110,121
108,524
