46,429
116,140
105,202
101,928
53,586
82,575
111,259
97,254
110,275
108,472
46,406
116,103
105,162
101,339
53,519
82,303
111,166
97,231
110,201
108,349
46,340
116,108
105,165
101,367
53,599
82,282
111,87
97,239
110,215
108,355
46,306
116,107
105,152
101,334
53,578
82,187
111,141
97,238
110,203
108,346
46,433
116,99
105,182
101,365
53,610
82,349
111,178
97,204
110,187
108,617
46,358
116,118
105,154
101,233
53,513
82,281
111,213
97,203
110,181
108,361
46,629
116,143
105,160
101,838
53,431
82,300
111,196
97,194
110,212
108,430
46,755
116,106
105,246
101,253
53,546
82,288
111,477
97,194
110,256
108,490
46,540
116,129
105,212
101,312
53,423
82,259
111,234
97,195
110,181
108,467
46,389
116,123
105,217
101,288
53,610
82,262
111,312
97,195
110,193
108,440
46,360
116,130
105,220
101,221
53,505
82,225
111,163
97,210
110,174
108,394
46,370
116,134
105,187
101,273
53,507
82,218
111,234
97,188
110,152
108,369
46,413
116,141
105,163
101,1142
53,704
82,275
111,229
97,192
110,148
108,515
46,364
116,111
105,184
101,266
53,521
82,477
111,256
97,219
110,147
108,503
46,344
116,122
105,180
101,677
53,556
82,245
111,173
97,173
110,214
108,335
46,356
116,151
105,159
101,298
53,462
82,204
111,139
97,188
110,188
108,371
46,328
116,140
105,178
101,249
53,412
82,225
111,153
97,176
110,207
108,406
46,314
116,161
105,197
101,705
53,540
82,679
111,288
97,197
110,158
108,531
46,401
116,117
105,158
101,666
53,591
82,253
111,220
97,211
110,178
108,474
46,379
116,133
105,186
101,334
53,567
82,243
111,243
97,223
110,183
108,429
46,344
116,210
105,210
101,791
53,508
82,366
111,210
97,206
110,185
108,367
46,386
116,212
105,186
101,244
53,477
82,454
111,252
97,261
110,191
108,428
46,393
116,121
105,200
101,314
53,622
82,278
111,130
97,180
110,192
108,381
46,337
116,132
105,185
101,204
53,476
82,407
111,296
97,189
110,182
108,358
46,319
116,184
105,198
101,297
53,440
82,238
111,155
97,182
110,200
108,914
46,445
116,125
105,215
101,400
53,735
82,292
111,170
97,227
110,61
108,610
46,456
116,148
105,201
101,236
53,621
82,221
111,140
97,188
110,200
108,325
46,359
116,143
105,152
101,252
53,545
82,268
111,164
97,239
110,196
108,392
46,318
116,160
105,198
101,272
53,476
82,230
111,199
97,169
110,233
108,404
46,374
116,157
105,212
101,228
53,440
82,222
111,170
97,162
110,220
108,361
46,309
116,195
105,195
101,278
53,432
82,233
111,164
97,214
110,172
108,384
46,385
116,183
105,137
101,334
53,598
82,433
111,214
97,198
110,213
108,331
46,419
116,130
105,193
101,281
53,408
82,249
111,145
97,158
110,215
108,369
46,346
116,193
105,199
101,280
53,425
82,209
111,148
97,199
110,208
108,503
46,358
116,265
105,245
101,479
53,678
82,221
111,116
97,238
110,160
108,431
46,341
116,168
105,208
101,303
53,516
82,263
111,209
97,214
110,169
108,386
46,382
116,155
105,219
101,261
53,473
82,250
111,124
97,201
110,342
108,459
46,444
116,115
105,216
101,337
53,412
82,218
111,198
97,222
110,167
108,414
46,276
116,181
105,210
101,306
53,422
82,310
111,251
97,161
110,197
108,460
46,363
116,196
105,233
101,298
53,391
82,288
111,209
97,202
110,225
108,564
46,352
116,122
105,219
101,309
53,420
82,252
111,182
97,168
110,181
108,541
46,354
116,123
105,208
101,279
53,414
82,259
111,154
97,208
110,179
108,321
46,221
116,168
105,224
101,275
53,418
82,304
111,124
97,224
110,139
108,353
46,368
116,158
105,205
101,268
53,348
82,282
111,109
97,192
110,174
108,397
46,254
116,162
105,210
101,351
53,437
82,228
111,145
97,197
110,169
108,377
46,389
116,131
105,172
101,846
53,425
82,244
111,163
97,177
110,176
108,354
46,317
116,151
105,185
101,271
53,439
82,295
111,201
97,227
110,177
108,356
46,371
116,102
105,210
101,662
53,428
82,331
111,177
97,215
110,101
108,539
46,503
116,167
105,203
101,396
53,485
82,287
111,184
97,255
110,56
108,546
46,306
116,150
105,140
101,247
53,384
82,304
111,197
97,176
110,202
108,378
46,327
116,135
105,182
101,1190
53,605
82,243
111,170
97,219
110,203
108,398
46,277
116,171
105,130
101,336
53,418
82,254
111,134
97,184
110,165
108,313
46,294
116,142
105,139
101,338
53,494
82,587
111,275
97,140
110,170
108,381
46,327
116,142
105,164
101,302
53,548
82,231
111,148
97,192
110,176
108,334
46,301
116,133
105,184
101,299
53,421
82,271
111,177
97,224
110,179
108,330
46,290
116,105
105,194
101,255
53,401
82,215
111,177
97,230
110,210
108,285
46,275
116,148
105,197
101,268
53,401
82,257
111,115
97,220
110,195
108,586
46,242
116,140
105,133
101,316
53,609
82,350
111,137
97,243
110,167
108,284
46,465
116,129
105,188
101,429
53,396
82,246
111,142
97,210
110,243
108,432
46,336
116,106
105,166
101,306
53,436
82,250
111,142
97,202
110,178
108,308
46,324
116,197
105,171
101,653
53,813
82,339
111,146
97,201
110,158
108,316
46,343
116,164
105,192
101,365
53,418
82,315
111,245
97,220
110,216
108,435
46,404
116,198
105,179
101,356
53,514
82,246
111,218
97,190
110,210
108,406
46,345
116,164
105,205
101,270
53,400
82,271
111,171
97,250
110,160
108,322
46,313
116,213
105,169
101,310
53,448
82,304
111,172
97,265
110,196
108,369
46,261
116,184
105,201
101,253
53,349
82,462
111,316
97,124
110,189
108,348
46,1458
116,133
105,187
101,667
53,438
82,257
111,157
97,187
110,168
108,319
46,242
116,162
105,534
101,462
53,398
82,248
111,186
97,191
110,179
108,326
46,298
116,191
105,204
101,316
53,440
82,224
111,154
97,223
110,170
108,351
46,323
116,150
105,180
101,279
53,413
82,395
111,264
97,220
110,163
108,371
46,337
116,152
105,197
101,238
53,387
82,227
111,169
97,216
110,191
108,368
46,373
116,144
105,182
101,265
53,364
82,204
111,164
97,241
110,71
108,625
46,360
116,118
105,159
101,254
53,375
82,235
111,110
97,291
110,212
108,467
46,260
116,158
105,148
101,358
53,396
82,235
111,145
97,106
110,220
108,373
46,411
116,133
105,188
101,463
53,388
82,332
111,333
97,191
110,189
108,354
46,225
116,142
105,133
101,261
53,375
82,220
111,134
97,167
110,189
108,394
46,231
116,168
105,171
101,222
53,377
82,275
111,94
97,196
110,195
108,375
46,209
116,151
105,232
101,283
53,427
82,351
111,297
97,132
110,228
108,381
46,280
116,124
105,210
101,274
53,436
82,353
111,203
97,197
110,158
108,345
46,286
116,136
105,236
101,252
53,367
82,333
111,126
97,214
110,205
108,387
46,272
116,175
105,215
101,217
53,396
82,331
111,210
97,141
110,190
108,327
46,282
116,153
105,224
101,299
53,522
82,361
111,146
97,186
110,183
108,315
46,161
116,144
105,235
101,287
53,380
82,266
111,118
97,235
110,208
108,316
46,283
116,131
105,176
101,236
53,381
82,240
111,179
97,173
110,186
108,261
46,227
116,94
105,222
101,354
53,344
82,372
111,89
97,215
110,196
108,409
46,225
116,144
105,199
101,176
53,356
82,268
111,216
97,167
110,152
108,248
46,283
116,141
105,201
101,186
53,331
82,322
111,139
97,201
110,172
108,316
46,253
116,206
105,204
101,374
53,439
82,238
111,200
97,275
110,402
108,413
46,331
116,189
105,174
101,249
53,355
82,394
111,181
97,198
110,150
108,349
46,234
116,149
105,183
101,213
53,384
82,344
111,113
97,154
110,187
108,308
46,303
116,138
105,180
101,267
53,383
82,344
111,191
97,204
110,172
108,279
46,265
116,154
105,200
101,158
53,351
82,255
111,181
97,169
110,178
108,239
46,410
116,146
105,168
101,391
53,921
82,403
111,223
97,226
110,186
108,331
46,373
116,141
105,194
101,382
53,399
82,381
111,175
97,149
110,169
108,351
46,338
116,160
105,165
101,227
53,380
82,437
111,207
97,216
110,190
108,262
46,250
116,185
105,190
101,280
53,342
82,295
111,133
97,204
110,198
108,268
46,270
116,173
105,184
101,170
53,412
82,388
111,134
97,226
110,168
108,285
46,236
116,116
105,185
101,702
53,773
82,381
111,186
97,155
110,187
108,261
46,201
116,126
105,189
101,149
53,314
82,303
111,189
97,145
110,184
108,287
46,338
116,129
105,181
101,227
53,345
82,390
111,114
97,248
110,189
108,354
46,279
116,105
105,147
101,297
53,500
82,211
111,151
97,222
110,157
108,351
46,316
116,107
105,179
101,203
53,360
82,245
111,88
97,206
110,166
108,297
46,207
116,151
105,188
101,216
53,372
82,254
111,100
97,195
110,202
108,249
46,247
116,184
105,192
101,289
53,444
82,332
111,119
97,208
110,196
108,347
46,260
116,152
105,140
101,203
53,346
82,259
111,117
97,197
110,177
108,307
46,258
116,183
105,295
101,824
53,428
82,253
111,125
97,169
110,204
108,289
46,483
116,223
105,224
101,639
53,442
82,329
111,264
97,124
110,225
108,508
46,458
116,120
105,150
101,315
53,408
82,292
111,226
97,141
110,204
108,448
46,317
116,124
105,173
101,267
53,314
82,236
111,192
97,189
110,201
108,395
46,350
116,117
105,182
101,257
53,471
82,270
111,207
97,138
110,208
108,358
46,419
116,195
105,221
101,553
53,392
82,300
111,206
97,78
110,224
108,464
46,354
116,122
105,195
101,258
53,386
82,346
111,232
97,143
110,198
108,335
46,300
116,136
105,142
101,223
53,476
82,300
111,235
97,187
110,189
108,400
46,347
116,124
105,178
101,330
53,360
82,258
111,217
97,183
110,219
108,328
46,295
116,159
105,191
101,208
53,339
82,312
111,295
97,158
110,253
108,371
46,244
116,185
105,155
101,223
53,376
82,359
111,241
97,155
110,205
108,372
46,224
116,152
105,164
101,247
53,541
82,316
111,186
97,147
110,174
108,325
46,273
116,148
105,196
101,221
53,320
82,240
111,176
97,139
110,261
108,320
46,261
116,158
105,176
101,203
53,300
82,250
111,164
97,176
110,232
108,265
46,347
116,108
105,193
101,889
53,485
82,223
111,196
97,142
110,220
108,269
46,271
116,166
105,151
101,231
53,439
82,260
111,175
97,169
110,178
108,286
46,234
116,190
105,194
101,201
53,374
82,262
111,218
97,78
110,153
108,281
46,344
116,118
105,163
101,345
53,366
82,255
111,183
97,201
110,194
108,387
46,292
116,117
105,162
101,254
53,373
82,287
111,168
97,168
110,154
108,714
46,345
116,129
105,184
101,244
53,395
82,265
111,174
97,199
110,193
108,284
46,283
116,138
105,168
101,207
53,339
82,285
111,204
97,199
110,204
108,294
46,307
116,130
105,178
101,309
53,364
82,288
111,170
97,184
110,193
108,278
46,291
116,159
105,161
101,174
53,387
82,314
111,196
97,182
110,188
108,276
46,210
116,167
105,211
101,294
53,700
82,233
111,182
97,196
110,172
108,291
46,264
116,179
105,165
101,212
53,350
82,275
111,184
97,173
110,195
108,246
46,420
116,135
105,176
101,239
53,422
82,272
111,138
97,161
110,215
108,330
46,240
116,177
105,117
101,268
53,620
82,349
111,156
97,206
110,174
108,263
46,514
116,126
105,215
101,533
53,435
82,270
111,166
97,195
110,210
108,293
46,331
116,176
105,197
101,460
53,505
82,250
111,187
97,201
110,198
108,326
46,275
116,146
105,190
101,684
53,430
82,287
111,142
97,166
110,213
108,298
46,206
116,163
105,172
101,264
53,387
82,331
111,71
97,288
110,480
108,322
46,222
116,197
105,187
101,239
53,366
82,273
111,178
97,173
110,220
108,300
46,245
116,135
105,205
101,256
53,373
82,268
111,150
97,160
110,209
108,333
46,358
116,130
105,194
101,280
53,338
82,255
111,125
97,182
110,273
108,622
46,550
116,166
105,188
101,601
53,596
82,243
111,212
97,108
110,197
108,591
46,667
116,117
105,181
101,270
53,336
82,253
111,173
97,133
110,210
108,357
46,300
116,144
105,213
101,184
53,446
82,308
111,153
97,173
110,216
108,328
46,270
116,156
105,172
101,203
53,356
82,305
111,222
97,173
110,183
108,385
46,281
116,178
105,170
101,285
53,363
82,327
111,199
97,247
110,217
108,390
46,261
116,191
105,172
101,237
53,343
82,312
111,218
97,208
110,217
108,326
46,266
116,163
105,214
101,643
53,355
82,362
111,148
97,208
110,207
108,350
46,234
116,250
105,205
101,256
53,346
82,255
111,186
97,184
110,192
108,327
46,315
116,135
105,198
101,268
53,465
82,292
111,262
97,248
110,203
108,419
46,286
116,121
105,159
101,192
53,339
82,271
111,183
97,163
110,190
108,681
46,343
116,118
105,202
101,280
53,298
82,321
111,204
97,170
110,185
108,308
46,348
116,101
105,156
101,247
53,339
82,225
111,132
97,194
110,184
108,263
46,261
116,162
105,158
101,240
53,298
82,258
111,154
97,176
110,195
108,248
46,227
116,131
105,163
101,976
53,375
82,301
111,127
97,159
110,208
108,265
46,241
116,141
105,164
101,183
53,377
82,232
111,105
97,241
110,178
108,258
46,255
116,136
105,145
101,689
53,441
82,272
111,157
97,161
110,212
108,269
46,226
116,151
105,136
101,231
53,423
82,220
111,183
97,130
110,187
108,283
46,369
116,102
105,145
101,621
53,397
82,246
111,115
97,183
110,201
108,296
46,311
116,82
105,144
101,247
53,302
82,220
111,101
97,149
110,247
108,315
46,220
116,157
105,168
101,168
53,320
82,251
111,118
97,246
110,222
108,311
46,464
116,123
105,145
101,247
53,351
82,215
111,191
97,150
110,194
108,266
46,210
116,151
105,170
101,237
53,684
82,231
111,153
97,157
110,176
108,350
46,276
116,115
105,154
101,229
53,642
82,288
111,211
97,179
110,193
108,259
46,410
116,178
105,206
101,293
53,373
82,225
111,213
97,220
110,193
108,314
46,212
116,152
105,213
101,853
53,403
82,215
111,195
97,192
110,211
108,253
46,226
116,185
105,161
101,255
53,339
82,263
111,199
97,203
110,188
108,201
46,200
116,159
105,174
101,296
53,357
82,231
111,190
97,189
110,213
108,241
46,241
116,163
105,150
101,276
53,416
82,266
111,166
97,136
110,244
108,285
46,202
116,200
105,199
101,215
53,370
82,219
111,199
97,166
110,256
108,292
46,219
116,166
105,1037
101,481
53,433
82,344
111,167
97,136
110,201
108,289
46,206
116,134
105,216
101,229
53,383
82,214
111,176
97,200
110,177
108,258
46,248
116,202
105,110
101,249
53,547
82,223
111,153
97,182
110,198
108,216
46,202
116,157
105,135
101,264
53,372
82,296
111,135
97,174
110,191
108,275
46,214
116,177
105,157
101,273
53,362
82,292
111,191
97,192
110,193
108,230
46,265
116,131
105,167
101,275
53,336
82,258
111,220
97,193
110,214
108,328
46,270
116,144
105,185
101,239
53,344
82,228
111,125
97,213
110,185
108,343
46,207
116,161
105,181
101,208
53,337
82,267
111,166
97,120
110,214
108,283
46,363
116,185
105,199
101,238
53,410
82,324
111,107
97,167
110,223
108,311
46,353
116,138
105,169
101,461
53,473
82,325
111,204
97,129
110,215
108,221
46,215
116,150
105,157
101,256
53,380
82,195
111,196
97,132
110,229
108,299
46,249
116,187
105,336
101,362
53,354
82,300
111,168
97,191
110,813
108,306
46,234
116,199
105,161
101,212
53,327
82,242
111,193
97,207
110,174
108,243
46,182
116,154
105,200
101,262
53,346
82,240
111,175
97,173
110,185
108,227
46,221
116,136
105,177
101,190
53,355
82,236
111,163
97,249
110,160
108,185
46,469
116,102
105,138
101,698
53,343
82,254
111,167
97,210
110,201
108,367
46,373
116,92
105,164
101,237
53,284
82,208
111,207
97,157
110,195
108,257
46,250
116,125
105,185
101,217
53,445
82,258
111,162
97,212
110,128
108,265
46,196
116,146
105,177
101,216
53,335
82,313
111,138
97,241
110,179
108,293
46,221
116,181
105,203
101,239
53,396
82,380
111,76
97,648
110,259
108,284
46,261
116,163
105,148
101,276
53,310
82,233
111,171
97,207
110,170
108,240
46,274
116,147
105,183
101,237
53,324
82,211
111,137
97,201
110,195
108,267
46,297
116,135
105,180
101,234
53,312
82,226
111,162
97,228
110,154
108,236
46,221
116,148
105,170
101,492
53,360
82,236
111,181
97,154
110,192
108,290
46,195
116,161
105,216
101,398
53,368
82,236
111,167
97,176
110,194
108,256
46,341
116,161
105,159
101,253
53,389
82,214
111,167
97,164
110,178
108,203
46,198
116,121
105,210
101,282
53,332
82,214
111,182
97,119
110,172
108,229
46,232
116,152
105,218
101,570
53,378
82,216
111,162
97,232
110,194
108,268
46,189
116,115
105,183
101,182
53,321
82,184
111,148
97,187
110,159
108,238
46,192
116,140
105,561
101,246
53,593
82,322
111,226
97,140
110,195
108,267
46,208
116,155
105,137
101,218
53,315
82,323
111,219
97,211
110,184
108,276
46,306
116,163
105,211
101,244
53,316
82,254
111,92
97,235
110,154
108,326
46,256
116,144
105,144
101,270
53,366
82,274
111,123
97,170
110,235
108,235
46,367
116,126
105,144
101,1064
53,400
82,291
111,140
97,172
110,167
108,341
46,231
116,110
105,118
101,268
53,412
82,260
111,159
97,142
110,190
108,298
46,303
116,131
105,128
101,296
53,388
82,264
111,166
97,181
110,176
108,308
46,259
116,139
105,115
101,269
53,365
82,283
111,140
97,181
110,191
108,291
46,240
116,173
105,173
101,193
53,466
82,314
111,153
97,195
110,149
108,286
46,224
116,157
105,172
101,273
53,372
82,238
111,168
97,186
110,174
108,248
46,397
116,108
105,136
101,238
53,374
82,262
111,126
97,161
110,221
108,263
46,412
116,147
105,131
101,246
53,456
82,273
111,177
97,170
110,209
108,281
46,427
116,559
105,206
101,430
53,384
82,239
111,156
97,166
110,202
108,269
46,256
116,168
105,159
101,188
53,356
82,255
111,164
97,160
110,211
108,325
46,261
116,186
105,135
101,179
53,630
82,300
111,139
97,151
110,212
108,273
46,175
116,160
105,175
101,192
53,396
82,405
111,191
97,190
110,160
108,270
46,183
116,134
105,172
101,172
53,347
82,220
111,189
97,143
110,225
108,240
46,219
116,154
105,202
101,270
53,408
82,300
111,141
97,165
110,203
108,211
46,271
116,156
105,227
101,260
53,345
82,392
111,100
97,207
110,205
108,269
46,227
116,141
105,178
101,228
53,314
82,321
111,199
97,125
110,193
108,204
46,156
116,148
105,182
101,250
53,614
82,309
111,177
97,219
110,169
108,259
46,256
116,181
105,174
101,223
53,351
82,313
111,146
97,211
110,222
108,364
46,268
116,187
105,138
101,225
53,389
82,290
111,182
97,174
110,136
108,300
46,270
116,115
105,161
101,194
53,411
82,263
111,131
97,125
110,199
108,219
46,148
116,165
105,167
101,227
53,376
82,264
111,105
97,162
110,238
108,275
46,166
116,168
105,165
101,207
53,467
82,343
111,150
97,125
110,189
108,228
46,132
116,180
105,190
101,241
53,320
82,307
111,145
97,134
110,226
108,265
46,177
116,150
105,132
101,204
53,488
82,283
111,152
97,129
110,207
108,269
46,256
116,147
105,186
101,254
53,493
82,299
111,343
97,184
110,183
108,411
46,266
116,143
105,191
101,247
53,403
82,250
111,212
97,157
110,151
108,409
46,217
116,162
105,185
101,251
53,349
82,295
111,199
97,188
110,168
108,368
46,264
116,173
105,178
101,655
53,434
82,309
111,179
97,198
110,223
108,259
46,384
116,195
105,162
101,344
53,357
82,272
111,248
97,182
110,245
108,384
46,325
116,148
105,167
101,274
53,369
82,281
111,172
97,207
110,188
108,324
46,245
116,171
105,208
101,310
53,381
82,314
111,200
97,181
110,201
108,336
46,524
116,147
105,159
101,341
53,336
82,299
111,167
97,199
110,185
108,289
46,278
116,159
105,164
101,720
53,356
82,279
111,227
97,180
110,191
108,241
46,233
116,141
105,177
101,233
53,395
82,438
111,88
97,176
110,181
108,349
46,238
116,148
105,187
101,220
53,541
82,315
111,158
97,182
110,194
108,287
46,269
116,143
105,156
101,217
53,503
82,328
111,197
97,176
110,188
108,303
46,262
116,148
105,187
101,210
53,447
82,298
111,187
97,178
110,179
108,252
46,247
116,125
105,195
101,226
53,329
82,269
111,165
97,165
110,201
108,287
46,209
116,153
105,95
101,376
53,414
82,286
111,183
97,201
110,224
108,247
46,250
116,113
105,202
101,241
53,394
82,262
111,158
97,124
110,196
108,230
46,177
116,157
105,188
101,207
53,311
82,274
111,126
97,161
110,209
108,328
46,223
116,176
105,180
101,247
53,315
82,219
111,166
97,153
110,196
108,233
46,190
116,197
105,192
101,230
53,299
82,261
111,162
97,198
110,192
108,286
46,171
116,150
105,199
101,212
53,334
82,288
111,151
97,155
110,213
108,246
46,250
116,121
105,158
101,257
53,441
82,291
111,177
97,152
110,176
108,229
46,189
116,138
105,220
101,237
53,299
82,326
111,161
97,188
110,194
108,195
46,245
116,157
105,141
101,173
53,331
82,258
111,161
97,154
110,213
108,226
46,200
116,144
105,192
101,220
53,303
82,264
111,156
97,203
110,188
108,236
46,229
116,168
105,202
101,254
53,496
82,319
111,123
97,172
110,174
108,298
46,272
116,168
105,121
101,290
53,288
82,289
111,98
97,198
110,191
108,238
46,138
116,169
105,132
101,200
53,303
82,262
111,75
97,223
110,197
108,225
46,192
116,166
105,105
101,736
53,302
82,283
111,100
97,178
110,200
108,242
46,206
116,159
105,111
101,217
53,341
82,254
111,100
97,227
110,159
108,264
46,172
116,154
105,134
101,201
53,300
82,308
111,110
97,163
110,208
108,295
46,144
116,133
105,164
101,208
53,366
82,319
111,91
97,172
110,202
108,240
46,220
116,144
105,135
101,194
53,1033
82,313
111,160
97,213
110,173
108,268
46,186
116,126
105,167
101,186
53,324
82,227
111,114
97,161
110,173
108,272
46,435
116,104
105,393
101,346
53,285
82,222
111,122
97,177
110,190
108,316
46,239
116,105
105,199
101,191
53,619
82,319
111,115
97,161
110,176
108,523
46,215
116,180
105,169
101,201
53,431
82,277
111,133
97,119
110,200
108,629
46,270
116,153
105,165
101,207
53,283
82,238
111,145
97,140
110,190
108,266
46,200
116,153
105,119
101,166
53,369
82,312
111,193
97,67
110,205
108,320
46,187
116,83
105,189
101,283
53,375
82,332
111,146
97,118
110,200
108,232
46,175
116,117
105,159
101,209
53,342
82,218
111,197
97,81
110,206
108,227
46,213
116,186
105,142
101,216
53,410
82,282
111,135
97,133
110,186
108,224
46,444
116,143
105,167
101,317
53,280
82,280
111,50
97,169
110,250
108,543
46,199
116,117
105,185
101,209
53,300
82,251
111,146
97,100
110,197
108,191
46,308
116,152
105,195
101,720
53,385
82,261
111,169
97,88
110,235
108,197
46,206
116,134
105,188
101,210
53,463
82,333
111,134
97,195
110,138
108,261
46,214
116,145
105,183
101,769
53,323
82,255
111,134
97,116
110,212
108,369
46,228
116,146
105,204
101,297
53,439
82,293
111,135
97,207
110,204
108,385
46,234
116,161
105,187
101,231
53,393
82,320
111,125
97,172
110,219
108,284
46,206
116,154
105,187
101,244
53,342
82,279
111,142
97,131
110,216
108,241
46,243
116,128
105,239
101,214
53,496
82,335
111,295
97,211
110,201
108,341
46,246
116,146
105,195
101,730
53,390
82,322
111,159
97,187
110,182
108,268
46,202
116,139
105,234
101,234
53,287
82,324
111,171
97,210
110,159
108,324
46,190
116,158
105,207
101,268
53,305
82,297
111,135
97,190
110,200
108,294
46,245
116,156
105,197
101,263
53,306
82,305
111,172
97,148
110,234
108,276
46,421
116,149
105,180
101,293
53,321
82,254
111,193
97,116
110,210
108,341
46,304
116,137
105,172
101,326
53,342
82,291
111,185
97,208
110,151
108,380
46,280
116,189
105,179
101,307
53,303
82,275
111,190
97,189
110,152
108,345
46,236
116,184
105,164
101,278
53,333
82,264
111,192
97,212
110,176
108,317
46,250
116,185
105,221
101,254
53,348
82,344
111,219
97,145
110,179
108,284
46,234
116,182
105,168
101,289
53,337
82,309
111,221
97,155
110,193
108,316
46,173
116,183
105,179
101,974
53,337
82,352
111,135
97,178
110,203
108,218
46,253
116,198
105,191
101,244
53,359
82,262
111,187
97,177
110,191
108,274
46,321
116,129
105,199
101,225
53,382
82,318
111,183
97,161
110,187
108,312
46,286
116,187
105,205
101,389
53,466
82,237
111,206
97,162
110,178
108,243
46,348
116,110
105,201
101,275
53,423
82,282
111,192
97,154
110,152
108,272
46,230
116,159
105,237
101,211
53,347
82,329
111,209
97,213
110,221
108,293
46,237
116,164
105,238
101,270
53,366
82,322
111,218
97,113
110,169
108,314
46,347
116,113
105,200
101,285
53,307
82,275
111,155
97,184
110,184
108,626
46,247
116,162
105,217
101,254
53,316
82,278
111,166
97,204
110,160
108,419
46,350
116,117
105,228
101,301
53,344
82,323
111,234
97,206
110,186
108,316
46,219
116,170
105,226
101,240
53,361
82,384
111,183
97,207
110,194
108,326
46,228
116,137
105,221
101,270
53,353
82,217
111,202
97,212
110,151
108,328
46,274
116,206
105,108
101,330
53,311
82,256
111,197
97,200
110,163
108,286
46,242
116,150
105,222
101,313
53,341
82,342
111,162
97,196
110,194
108,313
46,209
116,140
105,243
101,262
53,415
82,404
111,169
97,207
110,191
108,309
46,305
116,125
105,186
101,249
53,382
82,228
111,162
97,210
110,194
108,279
46,208
116,149
105,169
101,245
53,373
82,266
111,172
97,165
110,197
108,303
46,209
116,181
105,149
101,258
53,351
82,246
111,159
97,257
110,202
108,337
46,307
116,179
105,174
101,251
53,355
82,279
111,150
97,208
110,213
108,309
46,193
116,165
105,182
101,259
53,352
82,201
111,200
97,205
110,180
108,294
46,234
116,160
105,220
101,256
53,297
82,306
111,193
97,224
110,175
108,284
46,241
116,166
105,172
101,266
53,298
82,185
111,210
97,191
110,175
108,279
46,246
116,105
105,209
101,244
53,317
82,242
111,205
97,216
110,178
108,260
46,224
116,142
105,203
101,207
53,791
82,314
111,212
97,222
110,178
108,312
46,249
116,151
105,162
101,767
53,388
82,263
111,212
97,245
110,197
108,297
46,237
116,126
105,250
101,157
53,365
82,295
111,165
97,250
110,194
108,321
46,190
116,276
105,231
101,289
53,337
82,300
111,204
97,184
110,190
108,278
46,230
116,150
105,198
101,200
53,292
82,296
111,167
97,209
110,199
108,284
46,263
116,153
105,189
101,249
53,302
82,263
111,206
97,235
110,203
108,306
46,229
116,158
105,192
101,228
53,301
82,254
111,204
97,185
110,219
108,347
46,242
116,163
105,159
101,220
53,341
82,239
111,159
97,268
110,194
108,266
46,229
116,213
105,171
101,367
53,364
82,286
111,207
97,200
110,180
108,266
46,221
116,139
105,209
101,217
53,259
82,264
111,225
97,232
110,188
108,278
46,275
116,133
105,218
101,212
53,352
82,306
111,142
97,234
110,171
108,269
46,267
116,156
105,147
101,272
53,352
82,268
111,191
97,148
110,205
108,274
46,232
116,127
105,205
101,200
53,323
82,207
111,144
97,191
110,214
108,382
46,198
116,149
105,163
101,161
53,293
82,202
111,186
97,144
110,267
108,303
46,229
116,106
105,188
101,673
53,353
82,272
111,180
97,159
110,250
108,251
46,242
116,125
105,230
101,226
53,492
82,361
111,167
97,189
110,214
108,245
46,259
116,211
105,242
101,311
53,350
82,220
111,188
97,140
110,251
108,293
46,394
116,146
105,225
101,300
53,369
82,338
111,220
97,219
110,208
108,610
46,285
116,127
105,194
101,205
53,349
82,263
111,183
97,245
110,226
108,378
46,251
116,153
105,217
101,219
53,337
82,276
111,221
97,141
110,220
108,251
46,258
116,168
105,231
101,283
53,311
82,308
111,200
97,228
110,200
108,245
46,288
116,189
105,437
101,407
53,358
82,280
111,251
97,221
110,203
108,252
46,253
116,193
105,193
101,261
53,334
82,358
111,204
97,258
110,190
108,301
46,276
116,139
105,232
101,215
53,369
82,272
111,261
97,146
110,204
108,224
46,219
116,126
105,224
101,216
53,397
82,295
111,180
97,222
110,179
108,262
46,243
116,111
105,224
101,219
53,274
82,284
111,180
97,182
110,234
108,238
46,263
116,140
105,214
101,253
53,419
82,445
111,130
97,246
110,192
108,284
46,268
116,165
105,221
101,230
53,340
82,304
111,185
97,203
110,197
108,250
46,308
116,106
105,238
101,274
53,463
82,347
111,144
97,212
110,183
108,236
46,228
116,131
105,231
101,210
53,315
82,182
111,196
97,153
110,270
108,233
46,194
116,166
105,207
101,334
53,361
82,258
111,124
97,198
110,188
108,199
46,378
116,103
105,175
101,241
53,392
82,275
111,227
97,120
110,193
108,390
46,303
116,156
105,168
101,276
53,324
82,234
111,94
97,157
110,262
108,376
46,235
116,157
105,180
101,249
53,269
82,308
111,102
97,260
110,180
108,313
46,389
116,162
105,151
101,282
53,274
82,278
111,99
97,189
110,222
108,327
46,148
116,186
105,166
101,236
53,281
82,272
111,288
97,223
110,209
108,338
46,209
116,131
105,221
101,205
53,284
82,259
111,196
97,174
110,179
108,216
46,216
116,85
105,232
101,192
53,296
82,230
111,108
97,122
110,304
108,380
46,222
116,144
105,190
101,216
53,307
82,207
111,183
97,109
110,186
108,218
46,215
116,152
105,232
101,240
53,315
82,382
111,153
97,147
110,215
108,272
46,299
116,143
105,168
101,261
53,855
82,296
111,164
97,188
110,175
108,302
46,226
116,148
105,166
101,256
53,347
82,260
111,136
97,153
110,226
108,318
46,202
116,140
105,98
101,442
53,302
82,244
111,168
97,209
110,196
108,262
46,234
116,110
105,172
101,166
53,296
82,251
111,148
97,201
110,196
108,257
46,235
116,109
105,159
101,189
53,304
82,286
111,187
97,200
110,146
108,314
46,203
116,176
105,126
101,220
53,353
82,235
111,217
97,198
110,175
108,308
46,299
116,99
105,227
101,272
53,393
82,281
111,263
97,169
110,187
108,275
46,405
116,415
105,232
101,350
53,793
82,331
111,202
97,210
110,208
108,359
46,240
116,198
105,242
101,410
53,403
82,329
111,198
97,174
110,206
108,393
46,345
116,126
105,211
101,267
53,348
82,315
111,214
97,232
110,182
108,639
46,343
116,135
105,184
101,341
53,353
82,318
111,221
97,184
110,211
108,287
46,269
116,167
105,228
101,280
53,388
82,350
111,182
97,200
110,226
108,318
46,260
116,222
105,206
101,263
53,332
82,290
111,224
97,213
110,198
108,311
46,259
116,132
105,223
101,210
53,349
82,295
111,191
97,233
110,216
108,348
46,262
116,176
105,186
101,213
53,324
82,249
111,218
97,207
110,194
108,243
46,275
116,178
105,196
101,241
53,322
82,254
111,194
97,168
110,249
108,291
46,251
116,137
105,233
101,232
53,297
82,328
111,172
97,232
110,193
108,448
46,314
116,157
105,201
101,275
53,320
82,238
111,216
97,119
110,213
108,327
46,286
116,162
105,224
101,263
53,464
82,309
111,151
97,177
110,194
108,279
46,261
116,139
105,220
101,259
53,316
82,286
111,118
97,193
110,327
108,455
46,221
116,148
105,238
101,237
53,302
82,275
111,158
97,184
110,239
108,213
46,242
116,126
105,243
101,217
53,280
82,247
111,116
97,127
110,242
108,303
46,189
116,186
105,207
101,263
53,302
82,245
111,158
97,137
110,233
108,329
46,246
116,142
105,252
101,191
53,477
82,371
111,127
97,170
110,221
108,276
46,226
116,137
105,230
101,199
53,286
82,268
111,142
97,149
110,314
108,129
46,203
116,165
105,188
101,207
53,258
82,281
111,81
97,176
110,661
108,247
46,255
116,150
105,205
101,199
53,315
82,306
111,170
97,201
110,562
108,259
46,288
116,154
105,201
101,229
53,275
82,600
111,289
97,199
110,199
108,236
46,268
116,139
105,230
101,255
53,266
82,283
111,236
97,161
110,207
108,311
46,222
116,166
105,203
101,323
53,312
82,276
111,165
97,191
110,201
108,197
46,232
116,132
105,257
101,215
53,298
82,253
111,190
97,171
110,202
108,289
46,305
116,138
105,170
101,758
53,325
82,291
111,157
97,148
110,218
108,365
46,552
116,153
105,213
101,312
53,325
82,288
111,206
97,176
110,298
108,335
46,237
116,183
105,189
101,287
53,325
82,253
111,225
97,190
110,196
108,236
46,256
116,129
105,223
101,227
53,308
82,274
111,221
97,154
110,207
108,366
46,324
116,144
105,221
101,289
53,293
82,288
111,256
97,166
110,245
108,331
46,236
116,157
105,199
101,716
53,320
82,274
111,210
97,257
110,208
108,390
46,232
116,202
105,196
101,250
53,344
82,266
111,201
97,200
110,202
108,331
46,281
116,159
105,228
101,258
53,320
82,284
111,194
97,205
110,178
108,322
46,292
116,167
105,182
101,250
53,299
82,296
111,181
97,213
110,194
108,312
46,246
116,171
105,202
101,211
53,327
82,242
111,210
97,250
110,177
108,277
46,236
116,167
105,210
101,231
53,412
82,270
111,200
97,137
110,229
108,346
46,347
116,128
105,187
101,317
53,341
82,312
111,270
97,189
110,245
108,341
46,276
116,143
105,210
101,259
53,312
82,306
111,197
97,207
110,181
108,264
46,239
116,119
105,246
101,193
53,355
82,335
111,165
97,185
110,194
108,251
46,203
116,159
105,186
101,260
53,367
82,253
111,202
97,132
110,209
108,296
46,253
116,163
105,221
101,745
53,358
82,318
111,166
97,217
110,140
108,322
46,210
116,142
105,222
101,226
53,378
82,315
111,180
97,196
110,179
108,282
46,233
116,164
105,204
101,233
53,331
82,293
111,192
97,227
110,186
108,335
46,243
116,124
105,256
101,240
53,332
82,355
111,288
97,281
110,169
108,314
46,196
116,183
105,186
101,285
53,370
82,290
111,183
97,230
110,204
108,265
46,215
116,119
105,171
101,285
53,353
82,287
111,139
97,140
110,187
108,352
