562,47
335,17
333,34
1122,14
888,23
753,56
303,15
765,31
469,0
384,45
163,36
915,47
274,17
239,34
810,14
532,23
623,56
233,15
788,31
263,0
446,45
117,36
947,47
510,17
159,34
713,14
482,23
315,56
361,15
618,31
235,0
295,45
119,36
395,47
202,17
201,34
445,14
610,23
287,56
266,15
393,31
342,0
601,45
111,36
1291,47
246,17
740,34
682,14
616,23
334,56
375,15
320,31
548,0
281,45
99,36
452,47
173,17
209,34
549,14
611,23
283,56
193,15
320,31
259,0
436,45
95,36
1539,47
218,17
266,34
552,14
481,23
223,56
212,15
659,31
352,0
320,45
74,36
467,47
209,17
249,34
714,14
482,23
208,56
194,15
255,31
292,0
412,45
78,36
564,47
236,17
265,34
473,14
408,23
298,56
193,15
298,31
331,0
443,45
88,36
472,47
192,17
234,34
402,14
450,23
263,56
271,15
164,31
301,0
431,45
25,36
405,47
175,17
221,34
415,14
434,23
278,56
231,15
207,31
353,0
352,45
95,36
579,47
165,17
201,34
408,14
400,23
222,56
260,15
52,31
1092,0
222,45
78,36
447,47
153,17
257,34
387,14
725,23
304,56
380,15
210,31
269,0
318,45
94,36
441,47
203,17
228,34
355,14
407,23
222,56
224,15
183,31
262,0
318,45
106,36
392,47
159,17
191,34
332,14
470,23
218,56
242,15
194,31
290,0
319,45
129,36
590,47
173,17
245,34
338,14
352,23
237,56
248,15
176,31
305,0
296,45
140,36
334,47
177,17
210,34
571,14
388,23
185,56
205,15
171,31
253,0
271,45
105,36
334,47
200,17
213,34
622,14
509,23
236,56
254,15
193,31
254,0
331,45
78,36
374,47
206,17
161,34
504,14
430,23
204,56
222,15
895,31
984,0
527,45
103,36
556,47
226,17
227,34
390,14
857,23
260,56
212,15
241,31
946,0
245,45
118,36
905,47
196,17
206,34
871,14
505,23
239,56
209,15
621,31
309,0
394,45
86,36
388,47
185,17
239,34
379,14
464,23
196,56
250,15
252,31
270,0
352,45
101,36
454,47
179,17
241,34
356,14
383,23
212,56
232,15
248,31
279,0
486,45
117,36
431,47
204,17
225,34
410,14
762,23
238,56
217,15
210,31
315,0
595,45
119,36
583,47
227,17
214,34
374,14
425,23
230,56
229,15
225,31
261,0
442,45
98,36
518,47
783,17
254,34
341,14
420,23
260,56
251,15
205,31
280,0
707,45
109,36
401,47
165,17
232,34
299,14
443,23
238,56
242,15
201,31
281,0
326,45
91,36
409,47
180,17
201,34
307,14
430,23
227,56
217,15
205,31
266,0
337,45
82,36
374,47
159,17
200,34
400,14
416,23
216,56
205,15
223,31
252,0
732,45
120,36
362,47
165,17
223,34
383,14
403,23
195,56
196,15
228,31
271,0
332,45
117,36
363,47
176,17
217,34
989,14
784,23
220,56
208,15
202,31
271,0
337,45
79,36
720,47
182,17
183,34
358,14
395,23
226,56
209,15
209,31
289,0
711,45
148,36
490,47
189,17
181,34
359,14
388,23
230,56
195,15
218,31
265,0
313,45
95,36
463,47
209,17
209,34
399,14
394,23
221,56
215,15
214,31
250,0
370,45
98,36
532,47
218,17
211,34
376,14
474,23
242,56
206,15
215,31
260,0
349,45
106,36
389,47
204,17
217,34
350,14
509,23
200,56
225,15
222,31
259,0
420,45
121,36
411,47
195,17
207,34
336,14
448,23
215,56
217,15
218,31
256,0
356,45
114,36
381,47
187,17
232,34
416,14
662,23
232,56
221,15
202,31
253,0
331,45
104,36
378,47
186,17
298,34
381,14
409,23
232,56
215,15
214,31
259,0
318,45
122,36
696,47
216,17
235,34
364,14
398,23
240,56
224,15
175,31
244,0
331,45
108,36
380,47
207,17
220,34
322,14
404,23
212,56
199,15
217,31
271,0
378,45
90,36
346,47
201,17
196,34
355,14
413,23
221,56
203,15
225,31
292,0
380,45
103,36
460,47
242,17
224,34
518,14
413,23
210,56
183,15
226,31
245,0
284,45
95,36
358,47
190,17
205,34
322,14
433,23
227,56
235,15
223,31
235,0
338,45
92,36
331,47
201,17
215,34
388,14
422,23
237,56
224,15
239,31
246,0
316,45
100,36
396,47
225,17
234,34
305,14
377,23
220,56
243,15
206,31
236,0
352,45
103,36
354,47
178,17
239,34
361,14
456,23
216,56
236,15
192,31
225,0
344,45
97,36
368,47
189,17
226,34
329,14
399,23
202,56
216,15
210,31
231,0
317,45
101,36
366,47
224,17
200,34
525,14
422,23
204,56
213,15
209,31
237,0
275,45
109,36
347,47
187,17
224,34
375,14
412,23
212,56
205,15
189,31
259,0
348,45
101,36
487,47
177,17
213,34
340,14
443,23
197,56
134,15
261,31
246,0
534,45
79,36
445,47
188,17
253,34
414,14
489,23
199,56
198,15
204,31
243,0
348,45
72,36
427,47
173,17
198,34
442,14
341,23
225,56
191,15
183,31
238,0
336,45
81,36
567,47
236,17
224,34
324,14
883,23
245,56
204,15
249,31
290,0
340,45
110,36
441,47
209,17
175,34
402,14
367,23
223,56
209,15
195,31
282,0
286,45
91,36
424,47
175,17
218,34
355,14
386,23
213,56
218,15
180,31
274,0
312,45
119,36
414,47
206,17
174,34
367,14
393,23
202,56
221,15
172,31
272,0
330,45
124,36
361,47
192,17
183,34
346,14
425,23
200,56
222,15
179,31
259,0
278,45
99,36
360,47
223,17
193,34
340,14
408,23
215,56
224,15
182,31
242,0
277,45
60,36
381,47
183,17
193,34
584,14
425,23
188,56
188,15
191,31
243,0
267,45
89,36
332,47
213,17
186,34
348,14
343,23
209,56
191,15
172,31
242,0
274,45
125,36
340,47
203,17
205,34
368,14
395,23
203,56
179,15
170,31
229,0
290,45
111,36
387,47
173,17
196,34
316,14
416,23
232,56
177,15
215,31
224,0
314,45
122,36
353,47
187,17
199,34
335,14
371,23
204,56
169,15
208,31
256,0
414,45
109,36
567,47
202,17
211,34
321,14
379,23
210,56
182,15
194,31
233,0
265,45
88,36
350,47
188,17
198,34
350,14
402,23
171,56
220,15
209,31
230,0
328,45
100,36
627,47
249,17
204,34
601,14
430,23
200,56
164,15
241,31
248,0
474,45
54,36
294,47
193,17
185,34
380,14
484,23
207,56
170,15
212,31
253,0
411,45
72,36
427,47
151,17
197,34
496,14
444,23
218,56
214,15
181,31
263,0
284,45
111,36
328,47
172,17
210,34
413,14
756,23
197,56
154,15
223,31
272,0
408,45
70,36
350,47
189,17
174,34
387,14
437,23
219,56
208,15
224,31
291,0
319,45
93,36
413,47
221,17
164,34
400,14
433,23
207,56
223,15
228,31
255,0
297,45
91,36
493,47
200,17
165,34
319,14
384,23
207,56
237,15
200,31
268,0
305,45
103,36
405,47
190,17
182,34
334,14
412,23
193,56
180,15
197,31
248,0
876,45
89,36
309,47
194,17
189,34
362,14
395,23
185,56
190,15
226,31
252,0
383,45
77,36
348,47
183,17
202,34
354,14
541,23
227,56
222,15
235,31
248,0
289,45
90,36
355,47
184,17
179,34
334,14
450,23
208,56
166,15
239,31
235,0
334,45
66,36
458,47
196,17
156,34
312,14
424,23
229,56
159,15
225,31
277,0
887,45
102,36
412,47
212,17
161,34
359,14
419,23
205,56
211,15
217,31
250,0
331,45
69,36
337,47
167,17
225,34
335,14
433,23
223,56
172,15
241,31
232,0
343,45
71,36
370,47
194,17
188,34
363,14
414,23
222,56
190,15
217,31
242,0
599,45
117,36
398,47
219,17
173,34
343,14
392,23
234,56
213,15
232,31
264,0
341,45
100,36
392,47
190,17
174,34
322,14
434,23
207,56
171,15
203,31
251,0
349,45
86,36
301,47
196,17
162,34
340,14
411,23
239,56
193,15
208,31
263,0
435,45
73,36
367,47
180,17
207,34
385,14
416,23
233,56
196,15
215,31
285,0
384,45
49,36
333,47
210,17
220,34
339,14
426,23
233,56
204,15
212,31
269,0
388,45
66,36
352,47
182,17
221,34
342,14
512,23
249,56
243,15
173,31
251,0
422,45
90,36
541,47
198,17
172,34
361,14
417,23
184,56
221,15
210,31
247,0
429,45
93,36
372,47
194,17
227,34
327,14
501,23
313,56
195,15
196,31
241,0
296,45
90,36
524,47
187,17
196,34
401,14
445,23
201,56
219,15
210,31
231,0
388,45
88,36
393,47
174,17
231,34
315,14
392,23
190,56
211,15
205,31
272,0
465,45
100,36
385,47
198,17
205,34
343,14
720,23
213,56
228,15
182,31
258,0
350,45
97,36
403,47
262,17
209,34
355,14
472,23
206,56
232,15
208,31
266,0
311,45
93,36
525,47
220,17
179,34
362,14
445,23
230,56
242,15
226,31
284,0
347,45
99,36
373,47
206,17
191,34
319,14
501,23
341,56
618,15
249,31
286,0
329,45
85,36
338,47
197,17
208,34
338,14
478,23
192,56
205,15
151,31
260,0
319,45
65,36
362,47
192,17
200,34
293,14
434,23
192,56
219,15
166,31
263,0
683,45
115,36
361,47
188,17
211,34
285,14
445,23
200,56
214,15
192,31
250,0
376,45
71,36
347,47
180,17
229,34
292,14
450,23
217,56
203,15
182,31
225,0
506,45
71,36
346,47
204,17
224,34
326,14
408,23
186,56
218,15
162,31
246,0
352,45
93,36
494,47
216,17
198,34
1124,14
437,23
305,56
347,15
277,31
340,0
332,45
75,36
388,47
214,17
221,34
366,14
413,23
243,56
179,15
220,31
278,0
285,45
93,36
303,47
211,17
250,34
606,14
423,23
197,56
231,15
185,31
327,0
269,45
82,36
341,47
215,17
234,34
341,14
382,23
236,56
220,15
179,31
300,0
866,45
119,36
415,47
193,17
229,34
352,14
395,23
231,56
239,15
201,31
285,0
324,45
105,36
434,47
204,17
206,34
295,14
391,23
224,56
289,15
53,31
496,0
291,45
111,36
388,47
184,17
195,34
329,14
367,23
211,56
220,15
182,31
266,0
305,45
99,36
374,47
190,17
209,34
332,14
359,23
227,56
228,15
183,31
248,0
256,45
87,36
489,47
203,17
219,34
582,14
416,23
208,56
218,15
190,31
243,0
277,45
102,36
441,47
186,17
214,34
338,14
387,23
196,56
225,15
202,31
258,0
246,45
104,36
409,47
174,17
196,34
315,14
372,23
209,56
223,15
173,31
263,0
286,45
104,36
464,47
235,17
204,34
610,14
616,23
203,56
211,15
211,31
248,0
317,45
102,36
385,47
187,17
216,34
332,14
412,23
191,56
234,15
189,31
250,0
256,45
145,36
384,47
190,17
256,34
332,14
374,23
202,56
237,15
207,31
242,0
289,45
119,36
386,47
187,17
245,34
334,14
401,23
246,56
290,15
203,31
261,0
288,45
124,36
470,47
184,17
217,34
339,14
344,23
234,56
208,15
227,31
244,0
346,45
108,36
486,47
179,17
237,34
354,14
367,23
223,56
225,15
206,31
281,0
346,45
110,36
437,47
207,17
165,34
712,14
438,23
207,56
257,15
201,31
248,0
274,45
112,36
389,47
164,17
228,34
367,14
430,23
232,56
260,15
192,31
170,0
277,45
90,36
312,47
190,17
207,34
334,14
402,23
222,56
219,15
224,31
246,0
317,45
116,36
391,47
205,17
249,34
597,14
416,23
203,56
220,15
242,31
1036,0
213,45
112,36
368,47
187,17
231,34
399,14
423,23
207,56
243,15
210,31
256,0
354,45
128,36
483,47
211,17
254,34
382,14
457,23
254,56
225,15
225,31
287,0
288,45
122,36
341,47
181,17
250,34
508,14
465,23
242,56
214,15
232,31
280,0
304,45
121,36
412,47
170,17
261,34
343,14
411,23
233,56
168,15
230,31
272,0
320,45
97,36
442,47
170,17
217,34
355,14
361,23
212,56
229,15
241,31
256,0
303,45
103,36
382,47
150,17
234,34
345,14
387,23
195,56
227,15
196,31
256,0
305,45
89,36
395,47
161,17
236,34
369,14
462,23
252,56
238,15
182,31
257,0
261,45
106,36
364,47
186,17
241,34
371,14
951,23
287,56
273,15
189,31
260,0
297,45
95,36
376,47
173,17
231,34
348,14
387,23
186,56
223,15
228,31
273,0
303,45
129,36
373,47
183,17
247,34
352,14
393,23
218,56
216,15
207,31
249,0
256,45
131,36
491,47
216,17
233,34
309,14
342,23
191,56
207,15
250,31
245,0
310,45
86,36
402,47
175,17
217,34
321,14
384,23
142,56
200,15
210,31
258,0
316,45
108,36
381,47
172,17
259,34
335,14
361,23
199,56
1170,15
293,31
323,0
296,45
90,36
411,47
155,17
218,34
317,14
392,23
346,56
447,15
245,31
266,0
221,45
119,36
373,47
169,17
231,34
299,14
351,23
215,56
230,15
214,31
281,0
341,45
94,36
386,47
188,17
210,34
453,14
490,23
249,56
199,15
266,31
264,0
268,45
124,36
341,47
177,17
235,34
341,14
394,23
217,56
229,15
246,31
275,0
263,45
128,36
340,47
188,17
244,34
290,14
374,23
247,56
222,15
266,31
258,0
336,45
121,36
333,47
203,17
243,34
304,14
397,23
254,56
244,15
287,31
247,0
437,45
99,36
356,47
174,17
203,34
370,14
419,23
186,56
213,15
235,31
264,0
293,45
116,36
331,47
191,17
195,34
347,14
387,23
155,56
215,15
241,31
273,0
240,45
103,36
309,47
203,17
236,34
345,14
412,23
204,56
202,15
252,31
285,0
278,45
116,36
332,47
206,17
213,34
363,14
487,23
121,56
302,15
637,31
302,0
257,45
91,36
560,47
191,17
224,34
726,14
452,23
242,56
208,15
247,31
272,0
704,45
127,36
360,47
174,17
246,34
363,14
455,23
225,56
196,15
232,31
253,0
256,45
141,36
442,47
186,17
218,34
492,14
429,23
209,56
216,15
250,31
260,0
230,45
112,36
362,47
180,17
203,34
295,14
425,23
203,56
214,15
235,31
240,0
255,45
150,36
421,47
189,17
222,34
365,14
388,23
162,56
241,15
212,31
255,0
269,45
129,36
361,47
177,17
245,34
297,14
389,23
224,56
179,15
250,31
271,0
334,45
118,36
428,47
209,17
195,34
522,14
426,23
219,56
200,15
204,31
263,0
528,45
101,36
517,47
165,17
221,34
593,14
452,23
736,56
236,15
244,31
306,0
326,45
88,36
390,47
184,17
165,34
354,14
421,23
210,56
184,15
193,31
284,0
295,45
97,36
365,47
151,17
214,34
363,14
486,23
231,56
218,15
142,31
286,0
489,45
86,36
497,47
228,17
184,34
333,14
397,23
211,56
205,15
197,31
258,0
405,45
104,36
398,47
184,17
185,34
364,14
451,23
198,56
233,15
187,31
292,0
326,45
100,36
488,47
218,17
237,34
412,14
674,23
203,56
245,15
180,31
249,0
429,45
110,36
406,47
185,17
100,34
324,14
401,23
242,56
249,15
232,31
212,0
417,45
111,36
412,47
180,17
179,34
855,14
640,23
231,56
224,15
185,31
638,0
333,45
64,36
408,47
149,17
188,34
373,14
369,23
210,56
202,15
221,31
1669,0
329,45
90,36
412,47
186,17
172,34
339,14
388,23
222,56
216,15
205,31
278,0
454,45
86,36
363,47
190,17
203,34
362,14
385,23
208,56
223,15
229,31
290,0
442,45
80,36
312,47
194,17
185,34
365,14
413,23
462,56
244,15
263,31
258,0
385,45
75,36
382,47
196,17
196,34
399,14
376,23
219,56
219,15
215,31
262,0
375,45
114,36
457,47
216,17
202,34
349,14
380,23
443,56
237,15
171,31
278,0
329,45
115,36
342,47
204,17
165,34
357,14
401,23
240,56
216,15
334,31
41,0
605,45
98,36
421,47
198,17
174,34
544,14
399,23
215,56
250,15
205,31
284,0
340,45
124,36
350,47
139,17
204,34
538,14
475,23
163,56
216,15
182,31
247,0
362,45
110,36
398,47
229,17
104,34
351,14
394,23
185,56
232,15
204,31
239,0
365,45
100,36
628,47
206,17
183,34
349,14
285,23
237,56
293,15
223,31
238,0
377,45
85,36
361,47
167,17
159,34
325,14
345,23
200,56
266,15
232,31
215,0
345,45
83,36
380,47
217,17
194,34
362,14
374,23
203,56
258,15
230,31
202,0
374,45
125,36
646,47
254,17
206,34
531,14
415,23
221,56
192,15
221,31
195,0
518,45
51,36
439,47
179,17
199,34
560,14
429,23
201,56
219,15
200,31
273,0
517,45
55,36
396,47
191,17
206,34
444,14
435,23
194,56
198,15
217,31
247,0
451,45
67,36
451,47
168,17
191,34
402,14
396,23
237,56
153,15
235,31
242,0
436,45
93,36
344,47
191,17
174,34
380,14
414,23
195,56
229,15
196,31
247,0
430,45
86,36
340,47
185,17
214,34
317,14
390,23
228,56
223,15
215,31
282,0
720,45
89,36
428,47
194,17
190,34
592,14
443,23
203,56
249,15
185,31
253,0
423,45
58,36
367,47
195,17
161,34
538,14
837,23
234,56
219,15
203,31
212,0
686,45
95,36
348,47
189,17
189,34
310,14
399,23
179,56
239,15
170,31
268,0
469,45
107,36
366,47
187,17
191,34
319,14
376,23
202,56
267,15
207,31
306,0
413,45
79,36
404,47
221,17
183,34
384,14
431,23
294,56
249,15
255,31
310,0
1238,45
119,36
374,47
211,17
214,34
360,14
419,23
216,56
230,15
225,31
318,0
496,45
90,36
500,47
232,17
234,34
379,14
385,23
236,56
296,15
185,31
288,0
520,45
117,36
446,47
141,17
263,34
394,14
406,23
212,56
259,15
233,31
303,0
495,45
102,36
607,47
218,17
231,34
322,14
452,23
898,56
254,15
231,31
411,0
382,45
76,36
401,47
185,17
222,34
342,14
331,23
224,56
195,15
210,31
280,0
471,45
98,36
341,47
182,17
194,34
324,14
338,23
216,56
246,15
206,31
313,0
383,45
110,36
363,47
162,17
237,34
340,14
360,23
212,56
249,15
216,31
278,0
434,45
79,36
498,47
192,17
208,34
375,14
341,23
219,56
237,15
230,31
310,0
469,45
73,36
388,47
162,17
201,34
448,14
382,23
215,56
243,15
198,31
272,0
476,45
105,36
388,47
165,17
213,34
347,14
391,23
207,56
238,15
219,31
294,0
539,45
100,36
322,47
182,17
204,34
348,14
397,23
209,56
251,15
231,31
294,0
470,45
95,36
377,47
157,17
212,34
409,14
412,23
833,56
339,15
262,31
466,0
403,45
82,36
316,47
171,17
192,34
408,14
408,23
206,56
272,15
195,31
262,0
383,45
133,36
378,47
179,17
199,34
581,14
413,23
198,56
251,15
180,31
277,0
458,45
113,36
396,47
197,17
212,34
366,14
415,23
246,56
236,15
215,31
299,0
503,45
91,36
378,47
186,17
223,34
404,14
410,23
208,56
261,15
211,31
268,0
469,45
34,36
343,47
183,17
201,34
556,14
438,23
236,56
238,15
193,31
292,0
537,45
103,36
433,47
188,17
200,34
368,14
418,23
200,56
164,15
219,31
222,0
388,45
58,36
417,47
173,17
156,34
344,14
361,23
231,56
167,15
176,31
238,0
416,45
78,36
465,47
177,17
197,34
394,14
383,23
207,56
193,15
199,31
286,0
294,45
61,36
422,47
199,17
195,34
318,14
387,23
186,56
243,15
123,31
266,0
417,45
110,36
373,47
196,17
269,34
365,14
418,23
237,56
208,15
204,31
227,0
423,45
70,36
358,47
161,17
191,34
340,14
369,23
185,56
215,15
191,31
217,0
404,45
58,36
684,47
227,17
200,34
1006,14
399,23
270,56
176,15
209,31
188,0
420,45
100,36
316,47
183,17
164,34
332,14
386,23
214,56
216,15
201,31
210,0
404,45
61,36
283,47
189,17
140,34
308,14
519,23
272,56
213,15
176,31
168,0
378,45
58,36
382,47
142,17
186,34
301,14
364,23
220,56
219,15
203,31
161,0
401,45
64,36
358,47
170,17
169,34
325,14
373,23
186,56
223,15
244,31
176,0
458,45
48,36
300,47
168,17
174,34
278,14
366,23
209,56
227,15
190,31
229,0
388,45
45,36
329,47
182,17
166,34
348,14
431,23
189,56
227,15
192,31
228,0
410,45
38,36
361,47
193,17
180,34
329,14
402,23
172,56
199,15
217,31
233,0
404,45
16,36
384,47
208,17
185,34
371,14
403,23
247,56
247,15
220,31
256,0
410,45
25,36
390,47
169,17
190,34
374,14
340,23
199,56
223,15
272,31
216,0
465,45
66,36
362,47
159,17
190,34
550,14
374,23
208,56
185,15
209,31
243,0
441,45
45,36
368,47
197,17
197,34
359,14
407,23
183,56
206,15
239,31
230,0
449,45
44,36
347,47
180,17
213,34
317,14
384,23
189,56
229,15
237,31
235,0
818,45
67,36
376,47
172,17
180,34
308,14
358,23
195,56
244,15
234,31
175,0
409,45
83,36
307,47
197,17
142,34
324,14
386,23
197,56
210,15
200,31
238,0
414,45
72,36
328,47
177,17
169,34
378,14
391,23
211,56
210,15
204,31
221,0
395,45
82,36
339,47
177,17
177,34
320,14
528,23
321,56
233,15
217,31
203,0
344,45
56,36
279,47
200,17
136,34
268,14
353,23
210,56
195,15
187,31
252,0
402,45
78,36
262,47
215,17
160,34
287,14
365,23
230,56
188,15
197,31
232,0
593,45
54,36
324,47
180,17
153,34
312,14
372,23
200,56
223,15
176,31
255,0
399,45
82,36
380,47
169,17
205,34
315,14
384,23
199,56
179,15
242,31
262,0
719,45
54,36
297,47
198,17
173,34
302,14
378,23
235,56
172,15
228,31
231,0
427,45
48,36
260,47
205,17
160,34
377,14
404,23
195,56
226,15
229,31
176,0
416,45
57,36
291,47
196,17
163,34
437,14
455,23
181,56
184,15
217,31
252,0
354,45
63,36
341,47
188,17
156,34
370,14
448,23
201,56
209,15
184,31
259,0
368,45
60,36
404,47
189,17
143,34
328,14
384,23
217,56
210,15
172,31
250,0
432,45
60,36
305,47
166,17
166,34
347,14
389,23
163,56
197,15
209,31
213,0
400,45
60,36
354,47
176,17
182,34
293,14
401,23
190,56
226,15
201,31
244,0
347,45
74,36
327,47
181,17
186,34
295,14
408,23
248,56
187,15
222,31
221,0
433,45
58,36
317,47
183,17
181,34
407,14
426,23
191,56
186,15
236,31
243,0
349,45
69,36
281,47
205,17
143,34
295,14
385,23
197,56
166,15
186,31
245,0
356,45
39,36
319,47
178,17
165,34
279,14
446,23
189,56
174,15
192,31
221,0
357,45
64,36
289,47
193,17
125,34
260,14
402,23
229,56
146,15
211,31
256,0
353,45
57,36
274,47
193,17
163,34
296,14
357,23
190,56
188,15
201,31
293,0
380,45
57,36
272,47
210,17
166,34
288,14
395,23
190,56
183,15
183,31
252,0
340,45
55,36
263,47
213,17
125,34
277,14
390,23
199,56
172,15
175,31
257,0
338,45
52,36
797,47
203,17
189,34
249,14
362,23
174,56
204,15
264,31
186,0
361,45
49,36
310,47
171,17
207,34
278,14
382,23
181,56
214,15
202,31
214,0
373,45
61,36
265,47
197,17
169,34
258,14
359,23
201,56
214,15
206,31
270,0
374,45
44,36
235,47
194,17
174,34
270,14
380,23
225,56
230,15
168,31
245,0
354,45
62,36
330,47
174,17
196,34
323,14
369,23
207,56
188,15
181,31
245,0
650,45
72,36
315,47
188,17
153,34
316,14
339,23
196,56
181,15
231,31
270,0
1022,45
98,36
374,47
176,17
167,34
300,14
345,23
211,56
140,15
245,31
981,0
316,45
55,36
323,47
146,17
231,34
312,14
345,23
201,56
182,15
191,31
314,0
579,45
105,36
444,47
178,17
247,34
420,14
384,23
223,56
573,15
194,31
279,0
443,45
116,36
420,47
200,17
225,34
412,14
399,23
255,56
173,15
308,31
215,0
419,45
131,36
463,47
171,17
231,34
382,14
378,23
257,56
181,15
261,31
251,0
347,45
144,36
391,47
194,17
218,34
360,14
403,23
237,56
234,15
251,31
250,0
395,45
127,36
287,47
203,17
223,34
363,14
370,23
248,56
210,15
269,31
233,0
390,45
117,36
407,47
178,17
213,34
383,14
404,23
227,56
227,15
256,31
250,0
402,45
135,36
413,47
186,17
163,34
416,14
393,23
236,56
187,15
278,31
262,0
350,45
126,36
390,47
229,17
216,34
353,14
398,23
261,56
207,15
253,31
315,0
358,45
138,36
381,47
218,17
243,34
389,14
421,23
235,56
221,15
223,31
253,0
321,45
146,36
354,47
214,17
232,34
365,14
447,23
340,56
214,15
253,31
269,0
350,45
146,36
343,47
228,17
220,34
374,14
374,23
262,56
240,15
246,31
237,0
363,45
144,36
309,47
242,17
180,34
376,14
359,23
241,56
217,15
258,31
237,0
312,45
130,36
348,47
202,17
222,34
334,14
383,23
220,56
228,15
239,31
240,0
299,45
136,36
327,47
197,17
198,34
332,14
392,23
228,56
198,15
231,31
243,0
299,45
106,36
338,47
247,17
211,34
375,14
398,23
232,56
236,15
246,31
243,0
293,45
129,36
371,47
181,17
245,34
311,14
342,23
268,56
240,15
201,31
269,0
423,45
142,36
434,47
176,17
206,34
328,14
393,23
226,56
231,15
205,31
178,0
292,45
125,36
461,47
193,17
161,34
320,14
390,23
240,56
162,15
210,31
198,0
369,45
123,36
327,47
217,17
156,34
369,14
408,23
236,56
204,15
211,31
279,0
303,45
93,36
309,47
224,17
174,34
420,14
429,23
248,56
266,15
246,31
279,0
399,45
120,36
687,47
388,17
236,34
382,14
401,23
227,56
220,15
260,31
209,0
374,45
110,36
348,47
255,17
193,34
386,14
465,23
266,56
250,15
234,31
266,0
384,45
113,36
379,47
196,17
231,34
358,14
454,23
222,56
230,15
243,31
254,0
416,45
124,36
417,47
210,17
185,34
345,14
378,23
206,56
226,15
264,31
193,0
382,45
120,36
353,47
202,17
174,34
382,14
378,23
264,56
206,15
269,31
202,0
317,45
110,36
805,47
241,17
231,34
318,14
337,23
230,56
219,15
275,31
170,0
346,45
111,36
358,47
230,17
211,34
322,14
397,23
226,56
227,15
235,31
199,0
415,45
159,36
324,47
224,17
222,34
357,14
413,23
204,56
257,15
261,31
235,0
534,45
91,36
452,47
188,17
243,34
299,14
395,23
201,56
219,15
217,31
267,0
381,45
122,36
317,47
200,17
222,34
304,14
424,23
227,56
232,15
238,31
210,0
467,45
98,36
326,47
228,17
181,34
331,14
416,23
197,56
267,15
259,31
183,0
538,45
79,36
363,47
199,17
198,34
313,14
400,23
234,56
229,15
243,31
224,0
365,45
112,36
369,47
246,17
191,34
366,14
433,23
278,56
283,15
218,31
227,0
358,45
112,36
352,47
193,17
198,34
305,14
414,23
235,56
225,15
256,31
257,0
341,45
118,36
339,47
217,17
188,34
291,14
368,23
226,56
234,15
253,31
244,0
390,45
117,36
333,47
181,17
238,34
361,14
452,23
225,56
229,15
222,31
251,0
402,45
126,36
359,47
203,17
246,34
352,14
366,23
247,56
227,15
271,31
238,0
273,45
98,36
387,47
210,17
194,34
310,14
385,23
201,56
228,15
248,31
271,0
488,45
118,36
421,47
244,17
189,34
372,14
411,23
205,56
228,15
265,31
232,0
364,45
106,36
308,47
209,17
221,34
353,14
427,23
191,56
235,15
245,31
236,0
1471,45
159,36
403,47
177,17
230,34
325,14
425,23
198,56
248,15
270,31
207,0
461,45
130,36
323,47
244,17
199,34
358,14
406,23
232,56
241,15
261,31
208,0
371,45
130,36
325,47
207,17
205,34
331,14
436,23
209,56
251,15
291,31
304,0
363,45
110,36
309,47
245,17
223,34
331,14
412,23
207,56
232,15
321,31
190,0
369,45
100,36
331,47
232,17
172,34
357,14
378,23
216,56
239,15
260,31
233,0
378,45
117,36
277,47
224,17
198,34
284,14
457,23
288,56
254,15
286,31
457,0
128,45
51,36
397,47
213,17
663,34
514,14
394,23
227,56
224,15
205,31
334,0
343,45
130,36
392,47
198,17
209,34
323,14
349,23
218,56
240,15
229,31
326,0
351,45
165,36
366,47
214,17
168,34
307,14
446,23
250,56
221,15
264,31
157,0
371,45
117,36
297,47
192,17
201,34
336,14
406,23
207,56
238,15
270,31
303,0
421,45
158,36
351,47
153,17
154,34
512,14
375,23
202,56
163,15
222,31
185,0
416,45
82,36
337,47
180,17
136,34
293,14
313,23
190,56
196,15
192,31
213,0
320,45
92,36
411,47
157,17
142,34
324,14
336,23
203,56
197,15
223,31
163,0
380,45
70,36
313,47
194,17
129,34
347,14
345,23
159,56
210,15
199,31
178,0
371,45
73,36
320,47
191,17
147,34
337,14
319,23
194,56
175,15
195,31
176,0
355,45
74,36
303,47
208,17
140,34
296,14
317,23
173,56
186,15
209,31
222,0
350,45
60,36
266,47
241,17
139,34
364,14
369,23
191,56
173,15
200,31
184,0
340,45
66,36
260,47
215,17
148,34
321,14
316,23
207,56
174,15
304,31
29,0
387,45
91,36
294,47
207,17
151,34
364,14
367,23
226,56
529,15
259,31
192,0
403,45
69,36
276,47
202,17
144,34
340,14
328,23
192,56
176,15
230,31
164,0
357,45
98,36
305,47
173,17
145,34
320,14
380,23
166,56
173,15
231,31
157,0
369,45
103,36
321,47
181,17
173,34
321,14
356,23
187,56
197,15
218,31
156,0
382,45
125,36
321,47
236,17
130,34
378,14
345,23
207,56
184,15
210,31
202,0
329,45
119,36
308,47
208,17
172,34
303,14
349,23
206,56
193,15
218,31
189,0
358,45
114,36
302,47
194,17
141,34
311,14
322,23
184,56
159,15
229,31
180,0
343,45
94,36
387,47
178,17
160,34
303,14
331,23
178,56
227,15
165,31
196,0
365,45
122,36
349,47
156,17
206,34
364,14
359,23
247,56
237,15
227,31
197,0
339,45
110,36
539,47
185,17
224,34
544,14
380,23
187,56
208,15
219,31
145,0
396,45
111,36
283,47
204,17
179,34
354,14
378,23
195,56
230,15
214,31
187,0
359,45
110,36
318,47
203,17
163,34
357,14
354,23
215,56
212,15
209,31
285,0
440,45
119,36
341,47
214,17
119,34
353,14
369,23
179,56
250,15
198,31
201,0
348,45
115,36
342,47
169,17
209,34
327,14
383,23
195,56
225,15
198,31
178,0
307,45
122,36
338,47
177,17
179,34
371,14
376,23
170,56
243,15
160,31
277,0
383,45
110,36
295,47
197,17
174,34
317,14
368,23
171,56
239,15
156,31
245,0
318,45
105,36
388,47
197,17
163,34
302,14
380,23
222,56
184,15
209,31
227,0
401,45
122,36
333,47
197,17
178,34
326,14
383,23
172,56
204,15
203,31
253,0
387,45
96,36
333,47
163,17
175,34
339,14
390,23
157,56
226,15
196,31
254,0
356,45
119,36
374,47
168,17
172,34
306,14
342,23
182,56
213,15
229,31
134,0
399,45
88,36
323,47
182,17
139,34
352,14
374,23
215,56
183,15
269,31
56,0
422,45
66,36
321,47
175,17
144,34
334,14
398,23
208,56
183,15
225,31
213,0
360,45
109,36
333,47
192,17
165,34
324,14
340,23
201,56
214,15
360,31
233,0
381,45
119,36
304,47
195,17
194,34
315,14
368,23
201,56
237,15
191,31
215,0
340,45
116,36
306,47
188,17
163,34
348,14
404,23
210,56
232,15
248,31
226,0
382,45
60,36
252,47
572,17
210,34
345,14
364,23
220,56
185,15
248,31
255,0
371,45
111,36
337,47
206,17
161,34
358,14
401,23
169,56
226,15
197,31
229,0
382,45
86,36
328,47
202,17
155,34
378,14
387,23
181,56
227,15
171,31
269,0
355,45
80,36
314,47
188,17
176,34
301,14
394,23
226,56
217,15
298,31
1209,0
293,45
90,36
346,47
215,17
166,34
406,14
411,23
213,56
220,15
262,31
212,0
422,45
91,36
345,47
238,17
167,34
360,14
401,23
217,56
178,15
261,31
171,0
391,45
104,36
310,47
216,17
128,34
347,14
392,23
187,56
202,15
235,31
196,0
367,45
69,36
378,47
262,17
156,34
376,14
382,23
203,56
205,15
274,31
213,0
410,45
115,36
342,47
246,17
199,34
510,14
532,23
200,56
169,15
227,31
138,0
410,45
119,36
329,47
267,17
175,34
374,14
397,23
217,56
240,15
269,31
103,0
390,45
60,36
322,47
231,17
133,34
347,14
368,23
232,56
166,15
306,31
132,0
392,45
96,36
314,47
223,17
119,34
296,14
383,23
206,56
168,15
235,31
184,0
372,45
69,36
317,47
206,17
178,34
338,14
336,23
175,56
192,15
217,31
187,0
367,45
104,36
317,47
256,17
146,34
364,14
386,23
165,56
205,15
220,31
203,0
342,45
78,36
324,47
208,17
150,34
339,14
398,23
202,56
190,15
223,31
177,0
347,45
103,36
301,47
229,17
128,34
349,14
394,23
278,56
134,15
315,31
160,0
379,45
79,36
297,47
213,17
144,34
328,14
390,23
205,56
175,15
224,31
175,0
339,45
88,36
423,47
188,17
161,34
426,14
378,23
201,56
164,15
201,31
180,0
361,45
116,36
358,47
186,17
150,34
302,14
360,23
184,56
190,15
168,31
198,0
417,45
91,36
323,47
186,17
140,34
287,14
380,23
217,56
198,15
208,31
191,0
355,45
74,36
329,47
170,17
163,34
290,14
361,23
176,56
175,15
189,31
166,0
393,45
76,36
320,47
241,17
109,34
370,14
405,23
172,56
197,15
177,31
179,0
371,45
89,36
316,47
186,17
137,34
328,14
393,23
216,56
193,15
207,31
115,0
389,45
67,36
312,47
200,17
147,34
347,14
363,23
188,56
193,15
175,31
173,0
350,45
78,36
301,47
152,17
154,34
317,14
386,23
164,56
201,15
190,31
139,0
390,45
71,36
364,47
179,17
152,34
338,14
423,23
171,56
155,15
227,31
90,0
404,45
101,36
347,47
190,17
162,34
327,14
385,23
180,56
161,15
224,31
117,0
378,45
65,36
330,47
191,17
151,34
282,14
382,23
165,56
190,15
200,31
123,0
369,45
74,36
349,47
198,17
145,34
360,14
452,23
201,56
153,15
215,31
110,0
385,45
79,36
321,47
196,17
159,34
322,14
428,23
205,56
160,15
282,31
173,0
357,45
80,36
338,47
170,17
154,34
307,14
391,23
180,56
240,15
150,31
35,0
401,45
85,36
446,47
141,17
155,34
289,14
381,23
171,56
225,15
172,31
45,0
362,45
95,36
344,47
179,17
161,34
312,14
420,23
246,56
280,15
229,31
130,0
329,45
79,36
352,47
173,17
156,34
351,14
389,23
145,56
191,15
208,31
80,0
371,45
83,36
337,47
176,17
126,34
306,14
365,23
168,56
193,15
190,31
76,0
354,45
69,36
310,47
190,17
138,34
309,14
362,23
191,56
169,15
204,31
131,0
417,45
74,36
249,47
205,17
136,34
283,14
422,23
182,56
202,15
196,31
103,0
367,45
74,36
267,47
215,17
126,34
313,14
410,23
185,56
182,15
212,31
149,0
375,45
68,36
262,47
218,17
124,34
329,14
380,23
190,56
184,15
201,31
157,0
293,45
105,36
262,47
180,17
149,34
305,14
390,23
183,56
173,15
205,31
99,0
351,45
81,36
295,47
179,17
123,34
341,14
380,23
195,56
165,15
175,31
73,0
340,45
77,36
278,47
204,17
132,34
306,14
413,23
157,56
194,15
153,31
71,0
364,45
85,36
288,47
209,17
111,34
297,14
402,23
171,56
190,15
162,31
121,0
364,45
82,36
323,47
188,17
118,34
403,14
375,23
176,56
215,15
203,31
167,0
334,45
103,36
304,47
187,17
148,34
346,14
417,23
200,56
247,15
208,31
151,0
330,45
79,36
279,47
194,17
147,34
348,14
376,23
171,56
223,15
198,31
195,0
367,45
86,36
273,47
226,17
146,34
363,14
402,23
151,56
242,15
147,31
212,0
330,45
72,36
269,47
223,17
128,34
349,14
422,23
155,56
260,15
183,31
204,0
310,45
110,36
318,47
179,17
136,34
337,14
390,23
174,56
246,15
175,31
186,0
347,45
95,36
271,47
211,17
122,34
310,14
390,23
148,56
205,15
139,31
224,0
313,45
58,36
324,47
167,17
126,34
289,14
376,23
195,56
228,15
196,31
190,0
366,45
131,36
324,47
151,17
177,34
289,14
382,23
152,56
219,15
172,31
166,0
278,45
77,36
321,47
194,17
132,34
328,14
353,23
182,56
211,15
165,31
203,0
518,45
106,36
346,47
215,17
143,34
349,14
379,23
160,56
259,15
108,31
274,0
422,45
117,36
280,47
187,17
147,34
305,14
395,23
199,56
205,15
229,31
225,0
277,45
93,36
377,47
179,17
129,34
322,14
395,23
214,56
217,15
152,31
234,0
351,45
117,36
341,47
157,17
168,34
330,14
405,23
193,56
205,15
195,31
172,0
397,45
112,36
288,47
181,17
136,34
356,14
407,23
183,56
206,15
225,31
175,0
656,45
29,36
345,47
179,17
126,34
309,14
377,23
196,56
220,15
200,31
171,0
358,45
87,36
302,47
207,17
113,34
373,14
396,23
162,56
207,15
203,31
185,0
347,45
82,36
352,47
185,17
147,34
332,14
361,23
191,56
195,15
234,31
129,0
343,45
65,36
289,47
173,17
137,34
343,14
345,23
192,56
255,15
234,31
27,0
407,45
133,36
306,47
244,17
98,34
624,14
451,23
189,56
251,15
187,31
180,0
319,45
72,36
335,47
200,17
126,34
335,14
383,23
189,56
161,15
242,31
105,0
390,45
75,36
306,47
190,17
129,34
335,14
392,23
161,56
175,15
220,31
72,0
360,45
69,36
332,47
169,17
163,34
358,14
378,23
187,56
212,15
195,31
145,0
347,45
74,36
314,47
183,17
134,34
336,14
409,23
188,56
141,15
260,31
109,0
339,45
73,36
