46,245
116,199
105,165
101,369
53,382
82,352
111,169
97,354
110,233
108,320
46,268
116,213
105,172
101,761
53,558
82,272
111,209
97,254
110,243
108,306
46,175
116,177
105,149
101,595
53,496
82,292
111,228
97,187
110,241
108,327
46,326
116,155
105,435
101,964
53,857
82,268
111,187
97,213
110,263
108,323
46,263
116,190
105,167
101,325
53,601
82,247
111,204
97,227
110,235
108,265
46,263
116,172
105,150
101,301
53,323
82,218
111,176
97,198
110,242
108,286
46,330
116,155
105,182
101,361
53,365
82,222
111,191
97,192
110,229
108,409
46,485
116,183
105,206
101,302
53,407
82,233
111,177
97,186
110,250
108,408
46,254
116,193
105,159
101,455
53,552
82,254
111,196
97,161
110,247
108,292
46,232
116,168
105,152
101,355
53,339
82,290
111,99
97,191
110,253
108,287
46,316
116,170
105,170
101,393
53,294
82,241
111,180
97,151
110,212
108,291
46,271
116,188
105,143
101,507
53,480
82,246
111,172
97,164
110,230
108,240
46,267
116,186
105,166
101,268
53,303
82,209
111,205
97,146
110,226
108,250
46,267
116,189
105,167
101,384
53,374
82,233
111,180
97,141
110,192
108,367
46,213
116,187
105,145
101,319
53,402
82,217
111,205
97,112
110,254
108,316
46,260
116,156
105,168
101,338
53,276
82,231
111,235
97,96
110,260
108,317
46,216
116,201
105,127
101,283
53,394
82,257
111,192
97,141
110,295
108,301
46,242
116,177
105,145
101,344
53,279
82,242
111,189
97,149
110,248
108,296
46,246
116,155
105,160
101,597
53,385
82,253
111,176
97,162
110,232
108,261
46,360
116,181
105,432
101,544
53,332
82,279
111,170
97,177
110,233
108,266
46,231
116,181
105,146
101,345
53,363
82,222
111,229
97,95
110,302
108,317
46,234
116,183
105,145
101,270
53,385
82,226
111,210
97,134
110,257
108,264
46,385
116,203
105,137
101,397
53,310
82,238
111,185
97,150
110,249
108,252
46,225
116,182
105,165
101,313
53,370
82,229
111,201
97,193
110,260
108,255
46,195
116,192
105,142
101,259
53,366
82,214
111,206
97,172
110,282
108,263
46,229
116,174
105,148
101,261
53,352
82,252
111,193
97,221
110,275
108,240
46,224
116,172
105,144
101,311
53,340
82,194
111,195
97,153
110,224
108,235
46,275
116,191
105,210
101,262
53,468
82,219
111,206
97,156
110,223
108,200
46,222
116,154
105,172
101,264
53,351
82,207
111,218
97,132
110,229
108,261
46,235
116,161
105,158
101,268
53,308
82,192
111,205
97,124
110,238
108,269
46,382
116,183
105,179
101,261
53,371
82,205
111,544
97,128
110,265
108,334
46,229
116,201
105,160
101,245
53,315
82,212
111,179
97,130
110,216
108,261
46,249
116,194
105,147
101,210
53,356
82,216
111,234
97,139
110,242
108,268
46,345
116,174
105,161
101,222
53,443
82,212
111,218
97,130
110,242
108,259
46,290
116,192
105,150
101,266
53,293
82,225
111,186
97,128
110,232
108,225
46,242
116,175
105,158
101,269
53,240
82,229
111,194
97,168
110,229
108,252
46,274
116,222
105,130
101,298
53,298
82,225
111,223
97,123
110,243
108,226
46,222
116,196
105,156
101,228
53,322
82,211
111,165
97,166
110,235
108,223
46,249
116,192
105,170
101,222
53,294
82,199
111,196
97,146
110,240
108,269
46,253
116,188
105,149
101,275
53,194
82,198
111,203
97,130
110,228
108,242
46,201
116,211
105,122
101,552
53,334
82,243
111,187
97,119
110,231
108,316
46,245
116,201
105,154
101,233
53,267
82,217
111,199
97,116
110,251
108,286
46,266
116,202
105,141
101,274
53,274
82,208
111,209
97,142
110,213
108,406
46,331
116,170
105,181
101,273
53,383
82,201
111,219
97,124
110,217
108,271
46,246
116,201
105,129
101,254
53,315
82,207
111,180
97,133
110,235
108,273
46,242
116,186
105,151
101,224
53,333
82,197
111,195
97,129
110,230
108,232
46,235
116,195
105,133
101,243
53,356
82,241
111,243
97,72
110,374
108,280
46,240
116,182
105,146
101,312
53,563
82,280
111,341
97,158
110,236
108,294
46,191
116,194
105,152
101,297
53,275
82,207
111,184
97,143
110,246
108,238
46,217
116,204
105,175
101,182
53,274
82,197
111,213
97,102
110,228
108,242
46,198
116,225
105,187
101,263
53,345
82,220
111,173
97,174
110,244
108,281
46,222
116,163
105,163
101,306
53,305
82,222
111,178
97,148
110,247
108,291
46,204
116,212
105,146
101,311
53,346
82,231
111,177
97,151
110,241
108,258
46,251
116,219
105,125
101,855
53,359
82,236
111,238
97,133
110,277
108,298
46,252
116,215
105,162
101,369
53,455
82,258
111,201
97,182
110,229
108,231
46,207
116,169
105,153
101,284
53,325
82,213
111,281
97,436
110,257
108,259
46,185
116,197
105,163
101,621
53,386
82,301
111,211
97,258
110,264
108,229
46,220
116,226
105,187
101,286
53,404
82,245
111,239
97,132
110,270
108,272
46,227
116,235
105,146
101,354
53,393
82,238
111,229
97,155
110,246
108,247
46,209
116,219
105,157
101,298
53,385
82,266
111,235
97,126
110,283
108,270
46,243
116,196
105,146
101,568
53,361
82,256
111,205
97,156
110,232
108,297
46,216
116,211
105,138
101,267
53,332
82,219
111,200
97,138
110,231
108,230
46,220
116,217
105,154
101,247
53,365
82,227
111,223
97,142
110,238
108,228
46,206
116,226
105,146
101,305
53,801
82,326
111,266
97,160
110,248
108,238
46,190
116,217
105,139
101,823
53,335
82,219
111,172
97,161
110,251
108,339
46,224
116,202
105,160
101,285
53,313
82,213
111,242
97,136
110,239
108,245
46,250
116,203
105,177
101,303
53,588
82,214
111,187
97,133
110,236
108,275
46,233
116,220
105,158
101,884
53,477
82,203
111,176
97,125
110,254
108,282
46,223
116,220
105,184
101,250
53,356
82,199
111,254
97,91
110,274
108,297
46,226
116,250
105,142
101,293
53,336
82,216
111,244
97,134
110,232
108,262
46,290
116,211
105,149
101,325
53,384
82,203
111,274
97,285
110,373
108,316
46,206
116,226
105,164
101,348
53,403
82,244
111,245
97,110
110,260
108,254
46,217
116,237
105,153
101,346
53,350
82,211
111,209
97,126
110,231
108,269
46,297
116,227
105,156
101,415
53,364
82,235
111,221
97,143
110,226
108,258
46,440
116,638
105,167
101,283
53,373
82,286
111,107
97,368
110,242
108,248
46,203
116,249
105,178
101,545
53,306
82,219
111,216
97,153
110,257
108,287
46,220
116,234
105,169
101,317
53,353
82,239
111,176
97,144
110,244
108,310
46,324
116,217
105,187
101,319
53,359
82,213
111,202
97,164
110,242
108,296
46,239
116,220
105,173
101,264
53,335
82,243
111,189
97,186
110,259
108,238
46,231
116,223
105,148
101,303
53,443
82,244
111,209
97,161
110,226
108,283
46,222
116,234
105,166
101,592
53,357
82,215
111,230
97,138
110,270
108,288
46,183
116,242
105,138
101,396
53,343
82,234
111,196
97,125
110,241
108,264
46,213
116,229
105,175
101,302
53,356
82,223
111,203
97,142
110,273
108,276
46,228
116,236
105,166
101,295
53,345
82,250
111,222
97,146
110,243
108,258
46,231
116,244
105,174
101,331
53,306
82,230
111,226
97,151
110,239
108,281
46,239
116,217
105,170
101,270
53,580
82,226
111,185
97,139
110,260
108,268
46,211
116,231
105,155
101,276
53,337
82,216
111,211
97,160
110,246
108,260
46,223
116,220
105,168
101,595
53,413
82,229
111,142
97,201
110,258
108,274
46,232
116,236
105,159
101,321
53,351
82,215
111,177
97,156
110,236
108,259
46,259
116,214
105,168
101,309
53,364
82,225
111,190
97,132
110,238
108,266
46,257
116,232
105,184
101,736
53,388
82,254
111,162
97,135
110,256
108,275
46,235
116,229
105,178
101,273
53,336
82,249
111,252
97,142
110,264
108,323
46,280
116,251
105,159
101,301
53,334
82,220
111,179
97,165
110,243
108,298
46,279
116,242
105,169
101,272
53,374
82,248
111,192
97,144
110,260
108,268
46,225
116,215
105,172
101,1082
53,797
82,311
111,208
97,157
110,251
108,223
46,191
116,233
105,162
101,330
53,371
82,257
111,167
97,118
110,244
108,254
46,242
116,221
105,193
101,308
53,416
82,250
111,200
97,131
110,245
108,308
46,246
116,236
105,160
101,270
53,395
82,220
111,210
97,86
110,235
108,275
46,248
116,238
105,142
101,359
53,363
82,230
111,200
97,97
110,244
108,237
46,239
116,210
105,213
101,309
53,404
82,199
111,233
97,122
110,226
108,268
46,213
116,184
105,137
101,275
53,331
82,246
111,173
97,156
110,240
108,266
46,210
116,173
105,156
101,268
53,316
82,262
111,217
97,102
110,285
108,288
46,241
116,231
105,148
101,249
53,298
82,219
111,198
97,163
110,224
108,224
46,215
116,203
105,148
101,267
53,294
82,259
111,188
97,156
110,230
108,242
46,199
116,210
105,144
101,230
53,302
82,241
111,182
97,169
110,220
108,254
46,223
116,185
105,155
101,249
53,282
82,228
111,181
97,116
110,228
108,227
46,206
116,207
105,156
101,244
53,270
82,224
111,209
97,148
110,243
108,253
46,221
116,190
105,458
101,325
53,400
82,161
111,248
97,159
110,248
108,209
46,218
116,214
105,164
101,292
53,322
82,221
111,212
97,164
110,229
108,269
46,230
116,209
105,139
101,338
53,286
82,230
111,235
97,149
110,233
108,259
46,262
116,237
105,161
101,275
53,323
82,244
111,193
97,150
110,241
108,232
46,204
116,236
105,156
101,286
53,304
82,231
111,210
97,167
110,235
108,254
46,219
116,234
105,174
101,290
53,319
82,230
111,194
97,160
110,224
108,238
46,259
116,214
105,137
101,319
53,413
82,286
111,163
97,182
110,248
108,262
46,261
116,232
105,167
101,285
53,334
82,228
111,181
97,180
110,255
108,287
46,226
116,265
105,157
101,327
53,288
82,247
111,254
97,138
110,265
108,259
46,254
116,240
105,164
101,283
53,316
82,197
111,169
97,154
110,247
108,257
46,260
116,253
105,145
101,315
53,277
82,247
111,177
97,115
110,255
108,258
46,195
116,251
105,160
101,835
53,331
82,246
111,164
97,160
110,234
108,268
46,235
116,249
105,158
101,231
53,397
82,203
111,198
97,157
110,236
108,300
46,270
116,242
105,155
101,272
53,316
82,210
111,229
97,163
110,242
108,542
46,402
116,206
105,172
101,245
53,854
82,245
111,168
97,166
110,234
108,253
46,245
116,228
105,188
101,248
53,466
82,290
111,215
97,136
110,248
108,273
46,241
116,240
105,180
101,324
53,311
82,239
111,208
97,165
110,234
108,258
46,238
116,224
105,175
101,303
53,354
82,243
111,185
97,195
110,246
108,226
46,261
116,241
105,193
101,219
53,295
82,237
111,171
97,202
110,236
108,247
46,257
116,207
105,148
101,241
53,360
82,241
111,155
97,179
110,231
108,256
46,238
116,232
105,155
101,557
53,386
82,236
111,143
97,180
110,228
108,245
46,214
116,239
105,161
101,261
53,354
82,221
111,165
97,161
110,228
108,238
46,248
116,245
105,160
101,703
53,424
82,231
111,165
97,172
110,219
108,299
46,264
116,262
105,191
101,212
53,511
82,316
111,201
97,124
110,244
108,291
46,241
116,279
105,166
101,269
53,362
82,198
111,201
97,144
110,221
108,315
46,205
116,226
105,170
101,338
53,412
82,193
111,159
97,157
110,236
108,278
46,252
116,218
105,164
101,279
53,330
82,189
111,231
97,123
110,245
108,281
46,226
116,237
105,199
101,330
53,323
82,236
111,187
97,139
110,230
108,252
46,236
116,258
105,177
101,294
53,312
82,194
111,194
97,135
110,230
108,246
46,243
116,239
105,191
101,490
53,346
82,218
111,162
97,128
110,241
108,261
46,247
116,255
105,159
101,311
53,370
82,203
111,196
97,131
110,240
108,243
46,219
116,264
105,196
101,274
53,350
82,198
111,202
97,129
110,209
108,260
46,239
116,235
105,160
101,302
53,357
82,178
111,215
97,118
110,249
108,270
46,226
116,235
105,155
101,228
53,304
82,210
111,198
97,140
110,227
108,235
46,205
116,252
105,139
101,282
53,378
82,214
111,175
97,173
110,252
108,281
46,251
116,243
105,133
101,287
53,512
82,257
111,211
97,114
110,222
108,240
46,215
116,234
105,164
101,265
53,418
82,183
111,175
97,130
110,237
108,254
46,223
116,237
105,157
101,276
53,318
82,208
111,193
97,113
110,229
108,244
46,198
116,247
105,152
101,265
53,365
82,233
111,168
97,161
110,243
108,322
46,277
116,234
105,183
101,272
53,339
82,209
111,195
97,152
110,238
108,250
46,241
116,250
105,181
101,277
53,315
82,230
111,226
97,76
110,235
108,268
46,187
116,215
105,133
101,281
53,532
82,199
111,164
97,149
110,235
108,268
46,187
116,263
105,171
101,294
53,318
82,217
111,186
97,139
110,218
108,266
46,222
116,224
105,169
101,230
53,293
82,196
111,123
97,177
110,218
108,249
46,228
116,177
105,157
101,254
53,404
82,287
111,212
97,129
110,236
108,255
46,244
116,192
105,145
101,963
53,307
82,218
111,165
97,164
110,252
108,265
46,334
116,189
105,159
101,291
53,265
82,202
111,190
97,176
110,236
108,261
46,231
116,224
105,156
101,290
53,264
82,219
111,191
97,155
110,245
108,282
46,244
116,209
105,143
101,313
53,271
82,202
111,203
97,110
110,240
108,267
46,262
116,221
105,143
101,262
53,274
82,190
111,168
97,165
110,242
108,241
46,214
116,218
105,156
101,286
53,330
82,184
111,233
97,141
110,231
108,272
46,270
116,193
105,157
101,297
53,303
82,213
111,201
97,145
110,225
108,270
46,267
116,202
105,164
101,276
53,301
82,202
111,185
97,189
110,249
108,348
46,288
116,198
105,185
101,251
53,244
82,228
111,195
97,173
110,257
108,283
46,249
116,224
105,141
101,282
53,305
82,203
111,192
97,147
110,265
108,310
46,165
116,217
105,160
101,657
53,298
82,210
111,160
97,496
110,367
108,320
46,180
116,199
105,148
101,290
53,298
82,214
111,185
97,147
110,232
108,286
46,235
116,200
105,155
101,270
53,327
82,248
111,207
97,162
110,227
108,275
46,202
116,212
105,138
101,365
53,327
82,202
111,170
97,167
110,225
108,278
46,198
116,235
105,150
101,261
53,299
82,204
111,175
97,158
110,243
108,239
46,215
116,246
105,129
101,274
53,288
82,206
111,178
97,164
110,219
108,235
46,164
116,236
105,137
101,246
53,270
82,211
111,164
97,155
110,226
108,261
46,220
116,205
105,156
101,239
53,308
82,187
111,189
97,132
110,244
108,274
46,184
116,246
105,145
101,300
53,374
82,195
111,186
97,155
110,246
108,255
46,191
116,231
105,161
101,285
53,335
82,194
111,210
97,140
110,254
108,263
46,214
116,247
105,165
101,294
53,308
82,198
111,191
97,134
110,243
108,269
46,184
116,248
105,325
101,403
53,354
82,193
111,215
97,118
110,272
108,268
46,211
116,248
105,146
101,342
53,277
82,238
111,246
97,219
110,252
108,270
46,209
116,283
105,145
101,307
53,338
82,226
111,169
97,165
110,238
108,278
46,161
116,248
105,155
101,322
53,367
82,216
111,185
97,132
110,255
108,294
46,231
116,230
105,160
101,306
53,314
82,223
111,196
97,131
110,229
108,269
46,227
116,241
105,195
101,342
53,252
82,214
111,206
97,157
110,246
108,324
46,268
116,234
105,194
101,221
53,317
82,202
111,236
97,142
110,249
108,269
46,220
116,243
105,165
101,278
53,347
82,207
111,226
97,175
110,248
108,263
46,213
116,242
105,182
101,268
53,337
82,217
111,153
97,156
110,259
108,229
46,219
116,274
105,178
101,280
53,336
82,218
111,175
97,147
110,236
108,245
46,182
116,230
105,167
101,315
53,331
82,206
111,187
97,148
110,238
108,263
46,178
116,275
105,173
101,348
53,416
82,196
111,211
97,142
110,277
108,292
46,401
116,55
105,421
101,301
53,329
82,213
111,215
97,110
110,240
108,266
46,184
116,296
105,182
101,353
53,311
82,217
111,235
97,164
110,224
108,333
46,660
116,203
105,218
101,294
53,327
82,207
111,252
97,160
110,244
108,281
46,422
116,222
105,184
101,334
53,294
82,192
111,208
97,135
110,255
108,277
46,282
116,215
105,228
101,382
53,173
82,295
111,239
97,112
110,312
108,245
46,185
116,263
105,167
101,276
53,303
82,196
111,258
97,128
110,235
108,226
46,197
116,266
105,202
101,257
53,311
82,197
111,208
97,148
110,229
108,248
46,209
116,258
105,160
101,284
53,311
82,198
111,203
97,185
110,241
108,235
46,207
116,201
105,181
101,321
53,313
82,182
111,229
97,151
110,256
108,301
46,250
116,251
105,113
101,250
53,258
82,195
111,188
97,163
110,246
108,291
46,511
116,193
105,159
101,270
53,302
82,218
111,191
97,150
110,229
108,247
46,211
116,259
105,183
101,248
53,296
82,206
111,190
97,181
110,253
108,263
46,203
116,271
105,175
101,325
53,346
82,276
111,76
97,315
110,278
108,227
46,205
116,223
105,157
101,272
53,273
82,201
111,191
97,164
110,239
108,278
46,627
116,286
105,380
101,290
53,331
82,234
111,201
97,134
110,256
108,277
46,210
116,206
105,181
101,250
53,328
82,208
111,159
97,157
110,225
108,253
46,242
116,191
105,153
101,296
53,311
82,185
111,237
97,86
110,331
108,263
46,224
116,192
105,146
101,253
53,299
82,197
111,213
97,110
110,228
108,218
46,210
116,223
105,154
101,246
53,271
82,203
111,198
97,158
110,229
108,208
46,228
116,205
105,140
101,276
53,306
82,207
111,185
97,157
110,224
108,220
46,202
116,228
105,170
101,224
53,280
82,184
111,229
97,129
110,232
108,227
46,221
116,215
105,152
101,227
53,266
82,179
111,224
97,121
110,227
108,209
46,196
116,237
105,140
101,249
53,295
82,207
111,255
97,108
110,274
108,225
46,213
116,212
105,164
101,235
53,281
82,178
111,204
97,125
110,241
108,218
46,214
116,230
105,158
101,220
53,301
82,199
111,234
97,129
110,238
108,229
46,206
116,230
105,154
101,260
53,302
82,214
111,194
97,157
110,239
108,213
46,196
116,222
105,146
101,248
53,275
82,197
111,190
97,128
110,219
108,212
46,212
116,206
105,142
101,237
53,277
82,190
111,223
97,127
110,250
108,210
46,208
116,240
105,172
101,240
53,326
82,186
111,189
97,142
110,214
108,214
46,208
116,208
105,131
101,279
53,292
82,193
111,177
97,189
110,216
108,218
46,187
116,252
105,148
101,258
53,289
82,196
111,168
97,163
110,217
108,224
46,213
116,231
105,157
101,207
53,302
82,190
111,165
97,164
110,218
108,210
46,204
116,227
105,155
101,230
53,257
82,211
111,183
97,160
110,214
108,266
46,227
116,222
105,128
101,214
53,296
82,219
111,204
97,138
110,214
108,269
46,205
116,213
105,161
101,580
53,292
82,219
111,202
97,137
110,228
108,226
46,226
116,215
105,150
101,363
53,334
82,209
111,199
97,182
110,221
108,231
46,225
116,226
105,155
101,275
53,391
82,204
111,167
97,169
110,241
108,267
46,236
116,233
105,153
101,308
53,534
82,237
111,231
97,80
110,414
108,337
46,191
116,235
105,130
101,300
53,486
82,212
111,171
97,178
110,216
108,203
46,207
116,238
105,155
101,257
53,309
82,204
111,201
97,153
110,231
108,231
46,186
116,227
105,164
101,308
53,292
82,179
111,176
97,157
110,218
108,225
46,224
116,223
105,153
101,248
53,298
82,169
111,180
97,144
110,238
108,217
46,236
116,231
105,177
101,240
53,338
82,179
111,217
97,129
110,221
108,236
46,198
116,243
105,155
101,226
53,331
82,197
111,188
97,164
110,234
108,237
46,203
116,234
105,231
101,211
53,323
82,195
111,190
97,139
110,238
108,216
46,170
116,252
105,158
101,245
53,330
82,190
111,174
97,151
110,221
108,269
46,313
116,217
105,187
101,546
53,320
82,191
111,210
97,135
110,244
108,260
46,195
116,292
105,161
101,251
53,296
82,252
111,165
97,170
110,265
108,215
46,204
116,221
105,181
101,269
53,338
82,218
111,184
97,139
110,222
108,261
46,210
116,238
105,152
101,256
53,296
82,253
111,423
97,178
110,233
108,209
46,187
116,225
105,179
101,231
53,326
82,172
111,245
97,132
110,226
108,264
46,163
116,253
105,186
101,426
53,344
82,225
111,168
97,189
110,265
108,284
46,203
116,249
105,142
101,268
53,309
82,195
111,189
97,170
110,221
108,277
46,207
116,270
105,165
101,301
53,383
82,228
111,193
97,180
110,240
108,244
46,198
116,287
105,366
101,315
53,349
82,208
111,194
97,159
110,232
108,258
46,232
116,280
105,161
101,257
53,311
82,193
111,203
97,153
110,240
108,270
46,259
116,238
105,155
101,254
53,325
82,190
111,185
97,193
110,234
108,221
46,236
116,219
105,172
101,274
53,305
82,206
111,203
97,171
110,214
108,246
46,204
116,219
105,177
101,254
53,296
82,211
111,200
97,158
110,211
108,280
46,220
116,235
105,198
101,216
53,311
82,183
111,223
97,119
110,245
108,260
46,216
116,225
105,184
101,255
53,293
82,198
111,219
97,161
110,233
108,219
46,208
116,255
105,174
101,254
53,298
82,187
111,183
97,166
110,222
108,316
46,510
116,188
105,346
101,333
53,333
82,256
111,184
97,221
110,226
108,338
46,308
116,226
105,185
101,258
53,306
82,185
111,250
97,161
110,218
108,238
46,184
116,243
105,171
101,291
53,331
82,192
111,211
97,169
110,250
108,202
46,252
116,180
105,150
101,219
53,264
82,209
111,189
97,138
110,215
108,258
46,188
116,225
105,120
101,256
53,327
82,178
111,194
97,145
110,209
108,219
46,195
116,202
105,149
101,235
53,314
82,197
111,204
97,159
110,226
108,211
46,196
116,214
105,132
101,268
53,305
82,159
111,216
97,114
110,216
108,239
46,201
116,199
105,139
101,245
53,277
82,190
111,169
97,136
110,236
108,242
46,216
116,215
105,149
101,289
53,240
82,207
111,242
97,129
110,259
108,229
46,177
116,249
105,136
101,246
53,287
82,172
111,212
97,113
110,215
108,211
46,174
116,227
105,125
101,243
53,274
82,193
111,161
97,168
110,232
108,206
46,228
116,212
105,146
101,295
53,264
82,194
111,182
97,141
110,275
108,218
46,218
116,221
105,149
101,227
53,273
82,192
111,146
97,203
110,238
108,356
46,230
116,217
105,141
101,225
53,263
82,205
111,125
97,203
110,213
108,234
46,174
116,236
105,131
101,219
53,277
82,209
111,169
97,200
110,210
108,220
46,180
116,223
105,135
101,209
53,231
82,238
111,140
97,222
110,212
108,282
46,168
116,222
105,125
101,252
53,265
82,224
111,152
97,193
110,212
108,234
46,185
116,238
105,156
101,233
53,238
82,218
111,175
97,204
110,230
108,240
46,203
116,210
105,169
101,203
53,277
82,217
111,163
97,172
110,228
108,201
46,205
116,230
105,150
101,247
53,316
82,183
111,183
97,170
110,222
108,213
46,181
116,203
105,144
101,273
53,251
82,202
111,196
97,152
110,245
108,229
46,194
116,212
105,140
101,224
53,329
82,195
111,179
97,175
110,210
108,216
46,170
116,229
105,130
101,328
53,312
82,198
111,166
97,198
110,249
108,178
46,206
116,217
105,137
101,276
53,347
82,215
111,173
97,180
110,229
108,240
46,210
116,208
105,173
101,245
53,342
82,316
111,191
97,157
110,231
108,216
46,165
116,220
105,168
101,216
53,285
82,191
111,159
97,193
110,225
108,200
46,169
116,232
105,159
101,225
53,290
82,181
111,180
97,160
110,237
108,279
46,220
116,207
105,182
101,242
53,330
82,180
111,174
97,161
110,234
108,316
46,230
116,197
105,150
101,230
53,302
82,186
111,182
97,176
110,246
108,226
46,223
116,250
105,207
101,321
53,465
82,235
111,241
97,206
110,241
108,244
46,179
116,229
105,161
101,279
53,417
82,218
111,193
97,152
110,233
108,290
46,174
116,244
105,161
101,322
53,305
82,198
111,215
97,184
110,224
108,223
46,172
116,262
105,194
101,273
53,383
82,252
111,199
97,154
110,230
108,250
46,201
116,225
105,221
101,183
53,314
82,182
111,224
97,131
110,235
108,201
46,189
116,246
105,154
101,330
53,346
82,196
111,152
97,195
110,228
108,212
46,262
116,189
105,206
101,224
53,305
82,185
111,178
97,173
110,223
108,184
46,196
116,234
105,188
101,215
53,286
82,209
111,141
97,198
110,233
108,181
46,221
116,164
105,376
101,304
53,291
82,186
111,158
97,156
110,232
108,198
46,157
116,245
105,172
101,232
53,262
82,214
111,151
97,170
110,216
108,211
46,200
116,210
105,177
101,229
53,293
82,177
111,173
97,166
110,212
108,174
46,166
116,232
105,161
101,248
53,342
82,203
111,159
97,155
110,238
108,236
46,161
116,235
105,134
101,273
53,275
82,202
111,175
97,152
110,244
108,246
46,212
116,221
105,157
101,333
53,287
82,193
111,192
97,150
110,234
108,300
46,219
116,233
105,176
101,282
53,319
82,213
111,180
97,178
110,242
108,278
46,344
116,211
105,167
101,244
53,307
82,181
111,229
97,137
110,236
108,217
46,228
116,210
105,222
101,232
53,329
82,239
111,164
97,187
110,243
108,233
46,188
116,273
105,214
101,273
53,323
82,208
111,182
97,161
110,247
108,255
46,194
116,238
105,170
101,266
53,332
82,218
111,187
97,175
110,249
108,254
46,185
116,249
105,189
101,255
53,312
82,249
111,139
97,188
110,226
108,195
46,193
116,225
105,185
101,251
53,312
82,186
111,215
97,177
110,234
108,218
46,203
116,238
105,176
101,283
53,343
82,184
111,204
97,198
110,264
108,231
46,186
116,249
105,183
101,322
53,310
82,225
111,185
97,226
110,244
108,190
46,175
116,234
105,168
101,268
53,285
82,204
111,177
97,192
110,228
108,266
46,240
116,187
105,159
101,231
53,286
82,238
111,149
97,180
110,205
108,228
46,232
116,208
105,166
101,244
53,308
82,215
111,179
97,133
110,253
108,214
46,205
116,210
105,173
101,212
53,256
82,205
111,171
97,171
110,229
108,242
46,204
116,213
105,166
101,236
53,278
82,216
111,149
97,170
110,245
108,236
46,236
116,201
105,172
101,281
53,252
82,198
111,171
97,167
110,220
108,186
46,188
116,220
105,137
101,238
53,283
82,203
111,164
97,148
110,216
108,222
46,176
116,221
105,137
101,268
53,262
82,203
111,166
97,133
110,251
108,217
46,153
116,242
105,158
101,254
53,297
82,169
111,196
97,147
110,221
108,205
46,154
116,225
105,141
101,218
53,279
82,188
111,169
97,185
110,224
108,200
46,178
116,238
105,157
101,230
53,250
82,210
111,176
97,149
110,236
108,202
46,168
116,251
105,135
101,242
53,254
82,181
111,189
97,139
110,241
108,190
46,181
116,221
105,154
101,288
53,286
82,179
111,189
97,131
110,255
108,182
46,225
116,233
105,160
101,222
53,281
82,189
111,260
97,106
110,240
108,190
46,189
116,202
105,157
101,280
53,276
82,167
111,188
97,143
110,230
108,286
46,706
116,182
105,156
101,285
53,326
82,189
111,337
97,156
110,239
108,171
46,152
116,204
105,131
101,219
53,263
82,214
111,176
97,138
110,255
108,265
46,182
116,220
105,120
101,220
53,276
82,186
111,179
97,157
110,441
108,323
46,218
116,205
105,141
101,268
53,451
82,179
111,197
97,145
110,224
108,199
46,203
116,246
105,186
101,211
53,284
82,172
111,186
97,160
110,221
108,179
46,198
116,206
105,160
101,268
53,274
82,173
111,184
97,162
110,228
108,194
46,194
116,221
105,169
101,267
53,304
82,185
111,169
97,169
110,219
108,218
46,186
116,216
105,151
101,203
53,286
82,194
111,173
97,187
110,220
108,219
46,194
116,223
105,166
101,306
53,340
82,187
111,160
97,170
110,265
108,292
46,222
116,209
105,159
101,216
53,277
82,178
111,182
97,160
110,243
108,228
46,222
116,196
105,183
101,237
53,286
82,193
111,184
97,109
110,246
108,215
46,221
116,176
105,171
101,258
53,311
82,180
111,181
97,144
110,259
108,223
46,184
116,254
105,165
101,311
53,232
82,209
111,188
97,143
110,240
108,185
46,181
116,235
105,172
101,216
53,268
82,183
111,181
97,145
110,234
108,212
46,183
116,207
105,167
101,271
53,269
82,173
111,192
97,138
110,221
108,197
46,191
116,189
105,135
101,278
53,305
82,186
111,209
97,133
110,231
108,223
46,193
116,209
105,170
101,229
53,323
82,174
111,219
97,121
110,245
108,201
46,178
116,255
105,149
101,279
53,325
82,187
111,195
97,158
110,227
108,252
46,195
116,277
105,175
101,293
53,367
82,198
111,187
97,496
110,233
108,226
46,212
116,205
105,167
101,308
53,327
82,205
111,164
97,170
110,221
108,218
46,156
116,256
105,169
101,292
53,318
82,206
111,180
97,178
110,228
108,199
46,187
116,222
105,146
101,206
53,283
82,206
111,187
97,137
110,238
108,192
46,171
116,265
105,162
101,226
53,295
82,176
111,179
97,132
110,217
108,239
46,199
116,223
105,154
101,223
53,252
82,176
111,210
97,131
110,237
108,274
46,192
116,225
105,148
101,218
53,303
82,190
111,222
97,138
110,252
108,312
46,433
116,176
105,175
101,244
53,275
82,188
111,188
97,152
110,256
108,324
46,241
116,205
105,146
101,202
53,292
82,175
111,214
97,175
110,241
108,255
46,201
116,212
105,157
101,265
53,306
82,174
111,202
97,152
110,240
108,260
46,209
116,215
105,152
101,250
53,280
82,171
111,217
97,155
110,228
108,210
46,146
116,263
105,167
101,213
53,303
82,207
111,222
97,134
110,223
108,229
46,179
116,265
105,166
101,227
53,328
82,172
111,215
97,126
110,248
108,226
46,199
116,233
105,164
101,249
53,271
82,166
111,227
97,143
110,252
108,238
46,180
116,271
105,169
101,253
53,277
82,197
111,217
97,161
110,268
108,279
46,182
116,234
105,153
101,229
53,300
82,193
111,207
97,137
110,233
108,201
46,167
116,282
105,150
101,218
53,319
82,214
111,210
97,149
110,263
108,203
46,208
116,229
105,164
101,275
53,306
82,200
111,199
97,135
110,227
108,171
46,177
116,226
105,502
101,312
53,642
82,222
111,166
97,155
110,238
108,271
46,243
116,225
105,163
101,298
53,331
82,186
111,181
97,156
110,228
108,191
46,194
116,268
105,141
101,338
53,329
82,193
111,201
97,132
110,233
108,187
46,198
116,253
105,148
101,332
53,282
82,200
111,174
97,148
110,197
108,198
46,173
116,227
105,141
101,253
53,299
82,176
111,206
97,121
110,220
108,173
46,188
116,195
105,168
101,351
53,318
82,182
111,172
97,142
110,206
108,188
46,216
116,213
105,158
101,284
53,327
82,194
111,179
97,109
110,244
108,210
46,214
116,217
105,141
101,336
53,308
82,185
111,156
97,207
110,227
108,202
46,199
116,254
105,157
101,259
53,271
82,207
111,167
97,189
110,222
108,242
46,200
116,258
105,164
101,224
53,253
82,200
111,135
97,215
110,234
108,249
46,198
116,260
105,152
101,252
53,295
82,197
111,154
97,235
110,229
108,208
46,206
116,284
105,162
101,272
53,343
82,211
111,215
97,185
110,222
108,193
46,182
116,255
105,166
101,470
53,363
82,262
111,211
97,135
110,229
108,190
46,190
116,247
105,143
101,265
53,294
82,214
111,183
97,177
110,220
108,298
46,226
116,225
105,149
101,228
53,281
82,210
111,202
97,199
110,210
108,225
46,197
116,253
105,158
101,263
53,263
82,254
111,192
97,194
110,267
108,197
46,178
116,287
105,162
101,234
53,278
82,198
111,155
97,173
110,234
108,308
46,165
116,261
105,139
101,411
53,365
82,186
111,171
97,198
110,222
108,194
46,178
116,256
105,151
101,389
53,365
82,232
111,166
97,199
110,216
108,171
46,319
116,189
105,182
101,216
53,258
82,196
111,180
97,161
110,233
108,252
46,292
116,188
105,161
101,257
53,257
82,212
111,187
97,167
110,232
108,196
46,192
116,245
105,144
101,254
53,295
82,246
111,161
97,163
110,237
108,212
46,210
116,224
105,179
101,266
53,270
82,252
111,86
97,281
110,241
108,211
46,208
116,230
105,166
101,284
53,305
82,227
111,140
97,243
110,249
108,201
46,215
116,218
105,164
101,258
53,284
82,223
111,197
97,180
110,234
108,213
46,208
116,229
105,170
101,322
53,312
82,186
111,203
97,153
110,234
108,219
46,317
116,282
105,236
101,231
53,301
82,240
111,222
97,173
110,243
108,219
46,254
116,223
105,172
101,259
53,400
82,160
111,245
97,89
110,232
108,306
46,258
116,230
105,132
101,342
53,291
82,187
111,263
97,151
110,252
108,198
46,264
116,206
105,234
101,244
53,349
82,247
111,186
97,191
110,237
108,247
46,213
116,246
105,176
101,222
53,303
82,195
111,171
97,229
110,238
108,225
46,171
116,265
105,176
101,264
53,302
82,203
111,202
97,175
110,219
108,239
46,204
116,233
105,171
101,264
53,270
82,222
111,202
97,193
110,221
108,232
46,206
116,271
105,183
101,256
53,304
82,233
111,177
97,208
110,237
108,216
46,186
116,296
105,205
101,258
53,271
82,216
111,194
97,185
110,233
108,251
46,203
116,254
105,163
101,323
53,296
82,218
111,244
97,183
110,242
108,224
46,191
116,245
105,148
101,278
53,262
82,172
111,230
97,130
110,228
108,173
46,250
116,213
105,196
101,235
53,259
82,232
111,242
97,154
110,240
108,182
46,181
116,243
105,198
101,207
53,283
82,219
111,197
97,184
110,236
108,202
46,225
116,217
105,214
101,189
53,273
82,188
111,211
97,160
110,217
108,246
46,230
116,247
105,204
101,222
53,295
82,221
111,228
97,131
110,240
108,231
46,215
116,251
105,173
101,282
53,299
82,182
111,187
97,188
110,242
108,184
46,202
116,265
105,174
101,287
53,318
82,193
111,191
97,150
110,308
108,255
46,276
116,277
105,212
101,228
53,285
82,172
111,209
97,114
110,233
108,197
46,212
116,271
105,144
101,290
53,339
82,223
111,211
97,168
110,244
108,191
46,205
116,252
105,177
101,277
53,338
82,176
111,220
97,171
110,230
108,206
46,202
116,233
105,168
101,265
53,280
82,193
111,207
97,126
110,249
108,267
46,176
116,256
105,196
101,262
53,314
82,184
111,196
97,146
110,238
108,263
46,244
116,239
105,208
101,228
53,306
82,208
111,157
97,172
110,241
108,204
46,198
116,285
105,192
101,232
53,295
82,231
111,165
97,194
110,268
108,310
