46,365
116,205
105,164
101,601
53,498
82,323
111,514
97,286
110,288
108,324
46,546
116,173
105,187
101,550
53,1261
82,263
111,721
97,299
110,248
108,373
46,675
116,294
105,228
101,312
53,454
82,354
111,971
97,376
110,329
108,453
46,648
116,273
105,175
101,583
53,460
82,410
111,634
97,269
110,266
108,929
46,417
116,201
105,210
101,416
53,649
82,422
111,408
97,357
110,240
108,659
46,294
116,259
105,166
101,686
53,346
82,270
111,498
97,296
110,237
108,331
46,312
116,198
105,152
101,483
53,413
82,504
111,364
97,271
110,269
108,379
46,233
116,216
105,153
101,670
53,506
82,406
111,315
97,239
110,252
108,433
46,323
116,512
105,312
101,383
53,486
82,395
111,365
97,240
110,225
108,629
46,344
116,267
105,194
101,337
53,434
82,372
111,294
97,366
110,312
108,331
46,349
116,186
105,167
101,419
53,397
82,316
111,237
97,263
110,225
108,380
46,248
116,215
105,155
101,307
53,461
82,362
111,259
97,319
110,324
108,323
46,206
116,254
105,151
101,467
53,607
82,360
111,292
97,282
110,217
108,609
46,284
116,270
105,177
101,538
53,429
82,341
111,233
97,236
110,937
108,444
46,237
116,192
105,140
101,280
53,509
82,660
111,300
97,244
110,223
108,322
46,418
116,291
105,169
101,548
53,367
82,271
111,183
97,257
110,249
108,735
46,315
116,185
105,125
101,420
53,493
82,376
111,242
97,261
110,224
108,306
46,206
116,226
105,187
101,312
53,647
82,335
111,198
97,265
110,256
108,272
46,290
116,231
105,273
101,400
53,549
82,340
111,215
97,200
110,266
108,344
46,230
116,272
105,254
101,413
53,943
82,411
111,214
97,297
110,270
108,353
46,257
116,207
105,169
101,401
53,497
82,356
111,232
97,260
110,269
108,238
46,262
116,193
105,173
101,347
53,449
82,334
111,223
97,246
110,233
108,316
46,245
116,191
105,184
101,309
53,488
82,425
111,248
97,244
110,208
108,346
46,315
116,257
105,182
101,926
53,385
82,277
111,222
97,232
110,188
108,344
46,272
116,196
105,157
101,769
53,475
82,369
111,208
97,261
110,238
108,292
46,1424
116,239
105,218
101,300
53,337
82,240
111,176
97,258
110,326
108,378
46,300
116,203
105,156
101,791
53,634
82,378
111,167
97,244
110,209
108,255
46,245
116,220
105,139
101,446
53,512
82,619
111,222
97,248
110,235
108,251
46,431
116,646
105,145
101,315
53,481
82,310
111,194
97,242
110,209
108,431
46,413
116,200
105,157
101,697
53,354
82,331
111,185
97,262
110,244
108,218
46,243
116,256
105,114
101,323
53,775
82,400
111,184
97,253
110,268
108,288
46,245
116,235
105,144
101,281
53,495
82,344
111,208
97,220
110,224
108,214
46,256
116,229
105,219
101,617
53,399
82,272
111,198
97,293
110,268
108,254
46,237
116,182
105,169
101,326
53,422
82,308
111,196
97,230
110,228
108,232
46,247
116,192
105,143
101,744
53,303
82,297
111,175
97,217
110,224
108,242
46,248
116,223
105,158
101,292
53,465
82,282
111,215
97,264
110,265
108,341
46,261
116,213
105,150
101,306
53,448
82,334
111,203
97,207
110,228
108,245
46,301
116,231
105,134
101,322
53,365
82,295
111,184
97,423
110,757
108,364
46,269
116,217
105,192
101,436
53,453
82,269
111,218
97,223
110,660
108,248
46,244
116,230
105,151
101,782
53,347
82,353
111,203
97,219
110,235
108,278
46,266
116,239
105,180
101,317
53,394
82,300
111,227
97,243
110,281
108,492
46,261
116,247
105,187
101,360
53,487
82,242
111,232
97,253
110,231
108,317
46,246
116,279
105,201
101,488
53,345
82,505
111,628
97,303
110,234
108,228
46,407
116,254
105,238
101,485
53,792
82,373
111,187
97,242
110,269
108,357
46,264
116,334
105,333
101,456
53,511
82,285
111,174
97,245
110,255
108,249
46,226
116,239
105,199
101,685
53,1115
82,287
111,220
97,259
110,249
108,194
46,246
116,220
105,166
101,418
53,409
82,254
111,226
97,359
110,289
108,233
46,231
116,221
105,168
101,491
53,364
82,288
111,237
97,275
110,296
108,196
46,272
116,232
105,166
101,468
53,880
82,427
111,191
97,258
110,264
108,229
46,247
116,244
105,187
101,433
53,422
82,276
111,232
97,368
110,291
108,240
46,256
116,169
105,160
101,958
53,471
82,378
111,374
97,265
110,245
108,286
46,264
116,209
105,158
101,378
53,823
82,211
111,197
97,204
110,262
108,331
46,378
116,263
105,179
101,476
53,451
82,264
111,186
97,652
110,252
108,329
46,357
116,254
105,173
101,312
53,375
82,255
111,178
97,298
110,227
108,320
46,350
116,201
105,142
101,556
53,330
82,200
111,168
97,235
110,226
108,233
46,290
116,213
105,126
101,642
53,662
82,214
111,141
97,215
110,230
108,277
46,320
116,195
105,122
101,299
53,455
82,330
111,158
97,246
110,209
108,244
46,239
116,204
105,144
101,888
53,500
82,526
111,165
97,237
110,237
108,229
46,309
116,220
105,115
101,726
53,402
82,462
111,288
97,227
110,268
108,282
46,314
116,215
105,131
101,1024
53,327
82,239
111,164
97,240
110,231
108,433
46,397
116,207
105,156
101,265
53,440
82,356
111,255
97,263
110,232
108,261
46,261
116,210
105,161
101,644
53,406
82,319
111,238
97,270
110,242
108,488
46,316
116,187
105,165
101,281
53,476
82,285
111,187
97,243
110,216
108,269
46,277
116,200
105,167
101,259
53,430
82,255
111,205
97,228
110,209
108,265
46,230
116,225
105,180
101,554
53,433
82,368
111,186
97,245
110,215
108,226
46,221
116,207
105,134
101,308
53,430
82,338
111,209
97,241
110,212
108,276
46,283
116,187
105,173
101,299
53,488
82,340
111,206
97,245
110,226
108,250
46,251
116,186
105,163
101,257
53,568
82,522
111,401
97,250
110,233
108,228
46,333
116,213
105,181
101,299
53,410
82,310
111,172
97,215
110,211
108,216
46,242
116,215
105,135
101,780
53,733
82,300
111,172
97,247
110,232
108,540
46,251
116,190
105,124
101,441
53,732
82,430
111,198
97,264
110,230
108,238
46,195
116,206
105,123
101,296
53,400
82,372
111,186
97,271
110,241
108,295
46,270
116,221
105,156
101,477
53,786
82,339
111,177
97,221
110,226
108,388
46,260
116,176
105,134
101,267
53,445
82,377
111,184
97,211
110,213
108,245
46,318
116,211
105,126
101,703
53,358
82,329
111,220
97,215
110,230
108,220
46,216
116,223
105,142
101,374
53,412
82,324
111,200
97,211
110,224
108,235
46,269
116,240
105,183
101,377
53,407
82,264
111,203
97,233
110,240
108,262
46,224
116,192
105,161
101,337
53,421
82,405
111,244
97,226
110,253
108,301
46,395
116,226
105,144
101,338
53,465
82,542
111,614
97,368
110,226
108,229
46,199
116,245
105,98
101,335
53,363
82,404
111,200
97,265
110,217
108,244
46,333
116,282
105,260
101,484
53,730
82,642
111,253
97,267
110,186
108,279
46,296
116,260
105,183
101,876
53,1421
82,290
111,188
97,228
110,240
108,247
46,277
116,268
105,244
101,390
53,401
82,324
111,227
97,217
110,194
108,243
46,240
116,241
105,166
101,347
53,370
82,416
111,187
97,270
110,185
108,427
46,235
116,204
105,141
101,255
53,455
82,512
111,226
97,322
110,201
108,247
46,240
116,184
105,156
101,356
53,511
82,361
111,199
97,270
110,240
108,394
46,256
116,233
105,143
101,289
53,400
82,285
111,169
97,236
110,204
108,256
46,279
116,232
105,177
101,460
53,420
82,266
111,163
97,206
110,200
108,314
46,247
116,234
105,162
101,269
53,668
82,342
111,170
97,242
110,208
108,272
46,258
116,217
105,208
101,768
53,370
82,442
111,305
97,241
110,223
108,207
46,255
116,524
105,238
101,297
53,429
82,370
111,173
97,254
110,219
108,258
46,309
116,233
105,208
101,372
53,497
82,385
111,191
97,232
110,268
108,320
46,296
116,150
105,165
101,283
53,461
82,611
111,214
97,240
110,215
108,227
46,295
116,242
105,204
101,574
53,384
82,447
111,221
97,243
110,238
108,277
46,239
116,240
105,143
101,276
53,466
82,454
111,180
97,238
110,211
108,223
46,353
116,279
105,213
101,317
53,453
82,307
111,176
97,225
110,247
108,270
46,287
116,252
105,161
101,492
53,398
82,293
111,182
97,187
110,186
108,267
46,364
116,245
105,201
101,267
53,479
82,399
111,200
97,222
110,210
108,239
46,218
116,230
105,157
101,522
53,738
82,365
111,191
97,210
110,192
108,241
46,313
116,325
105,258
101,481
53,351
82,290
111,167
97,216
110,214
108,245
46,462
116,153
105,166
101,392
53,419
82,304
111,183
97,250
110,255
108,259
46,245
116,195
105,147
101,411
53,718
82,290
111,224
97,220
110,247
108,225
46,248
116,175
105,193
101,628
53,356
82,362
111,229
97,184
110,231
108,247
46,228
116,186
105,161
101,253
53,426
82,292
111,191
97,209
110,219
108,252
46,225
116,190
105,157
101,259
53,424
82,296
111,181
97,206
110,209
108,226
46,249
116,231
105,157
101,600
53,391
82,286
111,165
97,222
110,209
108,254
46,245
116,216
105,171
101,226
53,447
82,319
111,214
97,215
110,219
108,218
46,243
116,201
105,171
101,490
53,555
82,272
111,142
97,237
110,213
108,219
46,219
116,211
105,142
101,338
53,408
82,305
111,179
97,237
110,220
108,227
46,286
116,214
105,177
101,899
53,709
82,245
111,150
97,226
110,219
108,226
46,282
116,207
105,182
101,274
53,451
82,277
111,178
97,186
110,221
108,243
46,281
116,184
105,205
101,321
53,437
82,242
111,221
97,178
110,198
108,224
46,415
116,241
105,474
101,515
53,379
82,285
111,217
97,167
110,194
108,263
46,274
116,196
105,217
101,254
53,407
82,313
111,217
97,235
110,229
108,197
46,224
116,212
105,163
101,366
53,400
82,373
111,207
97,154
110,207
108,230
46,247
116,189
105,254
101,404
53,474
82,335
111,161
97,235
110,227
108,209
46,326
116,182
105,162
101,605
53,684
82,418
111,302
97,185
110,224
108,511
46,367
116,221
105,174
101,618
53,422
82,294
111,199
97,198
110,237
108,268
46,219
116,174
105,182
101,266
53,449
82,273
111,188
97,217
110,217
108,244
46,229
116,175
105,176
101,280
53,472
82,348
111,217
97,181
110,226
108,224
46,229
116,188
105,171
101,189
53,491
82,281
111,208
97,197
110,222
108,203
46,279
116,225
105,172
101,345
53,426
82,231
111,230
97,231
110,244
108,234
46,255
116,219
105,164
101,505
53,373
82,257
111,205
97,186
110,251
108,210
46,257
116,251
105,280
101,461
53,357
82,328
111,205
97,186
110,201
108,219
46,241
116,247
105,238
101,387
53,412
82,247
111,177
97,215
110,226
108,235
46,255
116,227
105,270
101,491
53,451
82,266
111,189
97,176
110,210
108,199
46,216
116,220
105,143
101,249
53,806
82,293
111,176
97,234
110,222
108,531
46,264
116,212
105,162
101,230
53,434
82,325
111,221
97,179
110,240
108,265
46,321
116,232
105,192
101,249
53,404
82,277
111,200
97,201
110,254
108,248
46,315
116,187
105,336
101,643
53,327
82,278
111,183
97,234
110,236
108,245
46,309
116,237
105,162
101,332
53,375
82,319
111,234
97,192
110,200
108,192
46,288
116,229
105,186
101,256
53,556
82,290
111,187
97,206
110,205
108,451
46,274
116,219
105,246
101,307
53,465
82,289
111,210
97,186
110,216
108,235
46,260
116,200
105,173
101,478
53,357
82,261
111,192
97,210
110,226
108,288
46,224
116,214
105,167
101,265
53,341
82,280
111,220
97,156
110,228
108,187
46,251
116,248
105,211
101,445
53,470
82,349
111,238
97,216
110,240
108,403
46,263
116,221
105,180
101,296
53,377
82,295
111,201
97,217
110,239
108,249
46,243
116,206
105,165
101,259
53,450
82,325
111,219
97,184
110,213
108,185
46,248
116,203
105,159
101,467
53,357
82,300
111,228
97,216
110,208
108,224
46,282
116,254
105,299
101,782
53,395
82,247
111,242
97,188
110,263
108,211
46,233
116,234
105,195
101,286
53,441
82,297
111,185
97,208
110,237
108,189
46,249
116,209
105,192
101,269
53,423
82,254
111,209
97,206
110,224
108,255
46,253
116,228
105,178
101,329
53,416
82,280
111,193
97,213
110,229
108,418
46,317
116,230
105,192
101,248
53,400
82,640
111,237
97,197
110,238
108,228
46,262
116,216
105,163
101,294
53,503
82,317
111,174
97,232
110,212
108,207
46,215
116,219
105,173
101,340
53,377
82,294
111,196
97,207
110,204
108,381
46,310
116,241
105,219
101,392
53,401
82,259
111,219
97,201
110,254
108,226
46,284
116,254
105,181
101,876
53,369
82,305
111,207
97,195
110,224
108,221
46,271
116,236
105,181
101,381
53,477
82,269
111,185
97,196
110,213
108,203
46,281
116,237
105,165
101,577
53,418
82,250
111,197
97,220
110,224
108,297
46,323
116,207
105,283
101,380
53,297
82,253
111,157
97,189
110,240
108,253
46,296
116,172
105,109
101,293
53,342
82,259
111,166
97,210
110,231
108,233
46,223
116,191
105,115
101,272
53,409
82,275
111,183
97,199
110,239
108,252
46,186
116,189
105,125
101,245
53,378
82,357
111,205
97,223
110,223
108,245
46,336
116,216
105,178
101,328
53,320
82,250
111,145
97,194
110,246
108,241
46,233
116,218
105,186
101,282
53,398
82,308
111,182
97,202
110,247
108,273
46,248
116,255
105,133
101,239
53,653
82,274
111,174
97,180
110,220
108,280
46,285
116,180
105,130
101,231
53,396
82,347
111,212
97,209
110,231
108,647
46,366
116,205
105,161
101,254
53,382
82,319
111,228
97,124
110,243
108,226
46,227
116,182
105,158
101,258
53,356
82,391
111,208
97,166
110,225
108,295
46,266
116,174
105,115
101,350
53,760
82,367
111,207
97,236
110,289
108,328
46,248
116,184
105,124
101,266
53,452
82,440
111,335
97,371
110,259
108,237
46,200
116,176
105,108
101,273
53,364
82,307
111,179
97,208
110,227
108,214
46,230
116,249
105,138
101,301
53,442
82,315
111,221
97,180
110,228
108,323
46,227
116,211
105,140
101,238
53,303
82,400
111,176
97,207
110,226
108,243
46,235
116,190
105,150
101,244
53,364
82,353
111,191
97,213
110,220
108,217
46,249
116,181
105,124
101,239
53,370
82,303
111,182
97,212
110,234
108,206
46,241
116,174
105,126
101,255
53,349
82,301
111,199
97,166
110,223
108,239
46,220
116,181
105,142
101,755
53,426
82,412
111,311
97,240
110,240
108,172
46,194
116,199
105,134
101,291
53,430
82,289
111,192
97,199
110,252
108,246
46,213
116,233
105,131
101,255
53,379
82,296
111,182
97,214
110,234
108,210
46,270
116,187
105,135
101,297
53,398
82,338
111,193
97,177
110,231
108,264
46,290
116,188
105,110
101,323
53,396
82,277
111,150
97,214
110,270
108,245
46,279
116,180
105,135
101,255
53,335
82,282
111,169
97,202
110,221
108,202
46,268
116,221
105,161
101,309
53,361
82,288
111,180
97,209
110,238
108,623
46,285
116,182
105,145
101,278
53,393
82,416
111,181
97,222
110,264
108,214
46,196
116,166
105,191
101,331
53,414
82,356
111,171
97,207
110,226
108,228
46,215
116,172
105,141
101,271
53,321
82,257
111,173
97,165
110,243
108,244
46,221
116,170
105,144
101,268
53,357
82,294
111,183
97,184
110,238
108,248
46,233
116,222
105,103
101,307
53,342
82,233
111,149
97,212
110,227
108,234
46,207
116,201
105,101
101,249
53,324
82,342
111,378
97,217
110,227
108,180
46,191
116,200
105,128
101,307
53,553
82,257
111,184
97,191
110,222
108,226
46,190
116,187
105,131
101,269
53,537
82,284
111,171
97,196
110,235
108,217
46,203
116,227
105,454
101,412
53,402
82,236
111,181
97,199
110,215
108,214
46,195
116,205
105,106
101,335
53,396
82,273
111,183
97,188
110,247
108,272
46,244
116,224
105,160
101,309
53,349
82,275
111,179
97,200
110,234
108,265
46,235
116,189
105,131
101,333
53,373
82,268
111,182
97,203
110,236
108,209
46,262
116,204
105,454
101,430
53,840
82,440
111,183
97,205
110,227
108,237
46,209
116,179
105,133
101,285
53,380
82,267
111,314
97,264
110,245
108,199
46,207
116,220
105,137
101,343
53,460
82,301
111,194
97,192
110,227
108,241
46,198
116,254
105,146
101,296
53,355
82,244
111,177
97,182
110,245
108,211
46,217
116,200
105,131
101,260
53,378
82,258
111,165
97,227
110,222
108,222
46,191
116,206
105,159
101,525
53,481
82,247
111,187
97,191
110,229
108,205
46,190
116,214
105,107
101,859
53,324
82,385
111,207
97,180
110,238
108,219
46,214
116,195
105,167
101,418
53,414
82,237
111,151
97,217
110,250
108,250
46,235
116,184
105,109
101,325
53,645
82,567
111,205
97,230
110,232
108,243
46,195
116,194
105,565
101,368
53,484
82,336
111,223
97,199
110,247
108,206
46,222
116,220
105,117
101,324
53,364
82,383
111,176
97,211
110,252
108,224
46,212
116,207
105,327
101,582
53,492
82,325
111,152
97,218
110,246
108,213
46,206
116,230
105,156
101,516
53,336
82,362
111,187
97,217
110,233
108,213
46,251
116,194
105,185
101,766
53,299
82,232
111,150
97,193
110,211
108,206
46,209
116,181
105,154
101,794
53,376
82,240
111,190
97,153
110,215
108,232
46,186
116,183
105,162
101,288
53,319
82,249
111,169
97,174
110,213
108,209
46,670
116,226
105,431
101,522
53,864
82,309
111,167
97,156
110,192
108,231
46,228
116,168
105,138
101,263
53,332
82,260
111,170
97,168
110,201
108,191
46,210
116,172
105,154
101,288
53,333
82,263
111,172
97,190
110,187
108,228
46,239
116,140
105,201
101,247
53,391
82,274
111,196
97,160
110,201
108,213
46,210
116,185
105,156
101,286
53,305
82,254
111,180
97,163
110,190
108,212
46,210
116,168
105,143
101,257
53,326
82,258
111,188
97,154
110,176
108,209
46,220
116,161
105,161
101,262
53,420
82,255
111,175
97,163
110,209
108,200
46,188
116,172
105,150
101,498
53,359
82,258
111,156
97,176
110,212
108,525
46,205
116,186
105,165
101,254
53,396
82,280
111,189
97,161
110,219
108,196
46,195
116,162
105,182
101,350
53,235
82,208
111,179
97,161
110,196
108,192
46,185
116,176
105,154
101,361
53,330
82,230
111,226
97,354
110,268
108,185
46,221
116,270
105,185
101,300
53,442
82,300
111,200
97,188
110,232
108,236
46,410
116,315
105,181
101,337
53,391
82,289
111,183
97,197
110,223
108,211
46,188
116,202
105,147
101,272
53,327
82,245
111,189
97,162
110,216
108,508
46,222
116,199
105,162
101,309
53,288
82,286
111,184
97,173
110,207
108,207
46,208
116,183
105,160
101,250
53,315
82,259
111,431
97,273
110,245
108,153
46,313
116,251
105,183
101,293
53,775
82,258
111,213
97,157
110,203
108,172
46,292
116,223
105,184
101,338
53,432
82,207
111,224
97,228
110,545
108,303
46,230
116,241
105,173
101,412
53,449
82,311
111,200
97,185
110,224
108,307
46,223
116,262
105,191
101,311
53,465
82,279
111,212
97,195
110,219
108,241
46,210
116,193
105,147
101,480
53,311
82,214
111,169
97,207
110,216
108,518
46,195
116,207
105,159
101,314
53,390
82,270
111,216
97,172
110,227
108,252
46,227
116,211
105,159
101,315
53,392
82,272
111,224
97,140
110,239
108,216
46,191
116,216
105,157
101,329
53,419
82,326
111,180
97,173
110,228
108,181
46,191
116,204
105,166
101,330
53,443
82,264
111,206
97,113
110,250
108,166
46,213
116,169
105,150
101,270
53,350
82,223
111,200
97,157
110,213
108,227
46,249
116,210
105,178
101,303
53,358
82,259
111,195
97,166
110,208
108,208
46,193
116,191
105,133
101,408
53,434
82,267
111,183
97,157
110,208
108,169
46,205
116,165
105,131
101,339
53,341
82,233
111,192
97,113
110,255
108,331
46,193
116,178
105,121
101,225
53,345
82,285
111,218
97,132
110,253
108,213
46,186
116,184
105,157
101,287
53,371
82,295
111,227
97,177
110,196
108,253
46,228
116,196
105,153
101,985
53,732
82,366
111,236
97,196
110,223
108,247
46,230
116,229
105,170
101,266
53,529
82,304
111,179
97,209
110,207
108,176
46,174
116,203
105,170
101,263
53,370
82,252
111,207
97,137
110,209
108,225
46,214
116,191
105,165
101,305
53,372
82,356
111,290
97,242
110,204
108,274
46,224
116,183
105,169
101,676
53,317
82,358
111,174
97,173
110,220
108,221
46,214
116,198
105,146
101,327
53,338
82,262
111,207
97,158
110,231
108,210
46,197
116,215
105,153
101,322
53,496
82,279
111,197
97,161
110,217
108,190
46,194
116,169
105,153
101,303
53,436
82,290
111,230
97,176
110,191
108,230
46,196
116,211
105,164
101,905
53,347
82,207
111,163
97,194
110,236
108,210
46,229
116,187
105,168
101,252
53,397
82,265
111,222
97,161
110,217
108,207
46,247
116,152
105,294
101,695
53,621
82,286
111,214
97,151
110,219
108,484
46,261
116,200
105,175
101,538
53,330
82,266
111,201
97,212
110,213
108,198
46,205
116,197
105,120
101,901
53,418
82,284
111,169
97,213
110,203
108,342
46,205
116,203
105,131
101,468
53,458
82,292
111,251
97,477
110,285
108,199
46,196
116,227
105,147
101,325
53,414
82,279
111,235
97,147
110,206
108,244
46,301
116,230
105,187
101,325
53,503
82,258
111,200
97,150
110,204
108,250
46,463
116,182
105,242
101,328
53,340
82,271
111,183
97,191
110,248
108,267
46,228
116,225
105,163
101,749
53,279
82,221
111,154
97,193
110,221
108,259
46,225
116,201
105,164
101,258
53,351
82,243
111,195
97,188
110,204
108,217
46,234
116,165
105,163
101,257
53,355
82,281
111,197
97,183
110,200
108,236
46,245
116,200
105,155
101,916
53,348
82,490
111,259
97,161
110,233
108,225
46,241
116,169
105,209
101,300
53,290
82,410
111,205
97,222
110,217
108,252
46,233
116,206
105,167
101,291
53,438
82,338
111,189
97,209
110,193
108,233
46,252
116,193
105,172
101,568
53,730
82,226
111,199
97,211
110,217
108,228
46,218
116,208
105,188
101,336
53,479
82,320
111,174
97,206
110,191
108,228
46,234
116,180
105,182
101,295
53,382
82,267
111,189
97,176
110,223
108,244
46,257
116,184
105,185
101,234
53,355
82,519
111,233
97,177
110,230
108,226
46,242
116,181
105,206
101,531
53,668
82,259
111,212
97,181
110,216
108,239
46,251
116,216
105,197
101,233
53,379
82,294
111,206
97,180
110,219
108,252
46,282
116,216
105,201
101,240
53,373
82,259
111,214
97,158
110,221
108,250
46,240
116,161
105,174
101,267
53,398
82,302
111,189
97,203
110,196
108,251
46,245
116,247
105,178
101,274
53,399
82,266
111,199
97,185
110,193
108,260
46,258
116,201
105,136
101,238
53,388
82,268
111,206
97,183
110,185
108,263
46,269
116,260
105,226
101,277
53,411
82,297
111,212
97,170
110,211
108,261
46,251
116,224
105,153
101,266
53,361
82,274
111,237
97,164
110,236
108,239
46,287
116,185
105,187
101,253
53,419
82,272
111,239
97,172
110,232
108,313
46,223
116,204
105,186
101,209
53,327
82,297
111,221
97,180
110,239
108,319
46,248
116,208
105,163
101,273
53,358
82,268
111,205
97,197
110,204
108,250
46,524
116,253
105,163
101,247
53,338
82,210
111,738
97,321
110,207
108,238
46,228
116,219
105,174
101,273
53,446
82,285
111,219
97,199
110,236
108,254
46,221
116,186
105,205
101,665
53,353
82,281
111,182
97,220
110,219
108,226
46,241
116,192
105,171
101,291
53,411
82,296
111,230
97,205
110,199
108,246
46,245
116,191
105,199
101,272
53,371
82,372
111,268
97,232
110,251
108,228
46,209
116,201
105,176
101,283
53,334
82,268
111,231
97,181
110,255
108,263
46,265
116,214
105,214
101,284
53,419
82,252
111,487
97,267
110,222
108,208
46,198
116,196
105,256
101,133
53,432
82,301
111,244
97,211
110,244
108,249
46,224
116,185
105,191
101,272
53,379
82,338
111,238
97,231
110,231
108,260
46,245
116,179
105,232
101,403
53,366
82,256
111,249
97,227
110,205
108,242
46,232
116,197
105,200
101,264
53,410
82,268
111,257
97,248
110,246
108,247
46,202
116,199
105,167
101,300
53,439
82,354
111,248
97,245
110,205
108,255
46,252
116,218
105,261
101,272
53,426
82,290
111,231
97,145
110,246
108,305
46,302
116,190
105,247
101,424
53,386
82,209
111,235
97,181
110,206
108,275
46,263
116,238
105,168
101,285
53,354
82,276
111,216
97,215
110,201
108,308
46,242
116,195
105,291
101,538
53,688
82,323
111,243
97,802
110,188
108,282
46,294
116,200
105,182
101,294
53,357
82,202
111,222
97,203
110,185
108,255
46,193
116,203
105,170
101,291
53,579
82,320
111,212
97,210
110,191
108,284
46,187
116,255
105,159
101,289
53,371
82,270
111,233
97,218
110,202
108,279
46,568
116,248
105,223
101,224
53,325
82,222
111,221
97,209
110,175
108,260
46,275
116,160
105,242
101,255
53,331
82,249
111,236
97,181
110,224
108,258
46,321
116,275
105,240
101,319
53,379
82,242
111,322
97,318
110,195
108,315
46,347
116,178
105,156
101,330
53,579
82,268
111,215
97,210
110,194
108,248
46,234
116,179
105,192
101,344
53,404
82,302
111,212
97,188
110,222
108,218
46,264
116,194
105,170
101,459
53,318
82,247
111,250
97,339
110,217
108,256
46,250
116,227
105,174
101,283
53,359
82,303
111,217
97,247
110,230
108,269
46,227
116,208
105,202
101,1062
53,389
82,296
111,202
97,205
110,194
108,213
46,187
116,225
105,180
101,242
53,341
82,305
111,210
97,229
110,202
108,388
46,308
116,220
105,153
101,337
53,382
82,269
111,177
97,185
110,214
108,222
46,180
116,190
105,141
101,489
53,441
82,281
111,204
97,184
110,195
108,211
46,174
116,199
105,151
101,292
53,356
82,333
111,208
97,196
110,213
108,237
46,287
116,214
105,197
101,271
53,300
82,288
111,193
97,225
110,196
108,226
46,255
116,192
105,190
101,265
53,356
82,277
111,217
97,185
110,218
108,208
46,220
116,189
105,321
101,408
53,350
82,291
111,226
97,148
110,189
108,236
46,227
116,224
105,202
101,293
53,335
82,339
111,247
97,230
110,205
108,202
46,238
116,191
105,182
101,232
53,330
82,278
111,254
97,138
110,227
108,190
46,206
116,207
105,169
101,476
53,365
82,265
111,256
97,177
110,223
108,185
46,251
116,194
105,166
101,244
53,322
82,272
111,201
97,181
110,214
108,183
46,258
116,222
105,173
101,245
53,343
82,235
111,183
97,187
110,192
108,206
46,234
116,232
105,206
101,263
53,352
82,265
111,188
97,195
110,199
108,249
46,287
116,269
105,180
101,252
53,409
82,282
111,190
97,168
110,207
108,223
46,227
116,220
105,165
101,239
53,341
82,209
111,207
97,605
110,287
108,279
46,244
116,202
105,175
101,292
53,357
82,239
111,236
97,193
110,205
108,236
46,206
116,187
105,179
101,216
53,341
82,247
111,203
97,164
110,187
108,283
46,396
116,177
105,302
101,419
53,338
82,242
111,187
97,209
110,200
108,221
46,259
116,233
105,461
101,346
53,521
82,387
111,238
97,208
110,201
108,231
46,240
116,202
105,173
101,217
53,399
82,276
111,220
97,180
110,210
108,288
46,281
116,221
105,166
101,242
53,360
82,291
111,320
97,263
110,255
108,224
46,231
116,198
105,183
101,233
53,363
82,344
111,277
97,186
110,212
108,255
46,212
116,180
105,189
101,287
53,356
82,372
111,273
97,161
110,228
108,209
46,189
116,214
105,130
101,206
53,327
82,330
111,230
97,178
110,217
108,228
46,214
116,211
105,166
101,285
53,344
82,253
111,239
97,169
110,207
108,283
46,279
116,199
105,212
101,342
53,333
82,243
111,240
97,218
110,204
108,233
46,196
116,201
105,166
101,216
53,324
82,265
111,259
97,180
110,230
108,272
46,232
116,242
105,203
101,279
53,342
82,555
111,222
97,201
110,198
108,269
46,210
116,224
105,150
101,248
53,494
82,240
111,193
97,209
110,192
108,238
46,190
116,212
105,182
101,207
53,383
82,232
111,204
97,196
110,183
108,222
46,265
116,194
105,187
101,223
53,334
82,295
111,239
97,168
110,204
108,219
46,227
116,231
105,203
101,220
53,303
82,236
111,240
97,166
110,224
108,308
46,214
116,208
105,198
101,309
53,348
82,507
111,305
97,200
110,237
108,218
46,203
116,218
105,215
101,277
53,477
82,366
111,241
97,232
110,244
108,386
46,359
116,259
105,287
101,353
53,394
82,232
111,239
97,84
110,315
108,402
46,203
116,183
105,175
101,269
53,340
82,239
111,237
97,180
110,217
108,241
46,283
116,217
105,199
101,286
53,329
82,239
111,222
97,198
110,205
108,298
46,291
116,223
105,189
101,288
53,362
82,251
111,240
97,162
110,216
108,256
46,233
116,215
105,189
101,378
53,458
82,311
111,399
97,256
110,248
108,230
46,248
116,198
105,178
101,274
53,331
82,215
111,222
97,172
110,192
108,216
46,277
116,244
105,233
101,248
53,338
82,247
111,509
97,259
110,257
108,242
46,292
116,225
105,198
101,317
53,439
82,220
111,241
97,108
110,308
108,151
46,197
116,205
105,170
101,239
53,448
82,266
111,207
97,172
110,201
108,237
46,355
116,293
105,251
101,387
53,307
82,262
111,282
97,163
110,289
108,229
46,372
116,299
105,159
101,246
53,315
82,289
111,253
97,154
110,310
108,253
46,290
116,241
105,221
101,220
53,313
82,263
111,238
97,239
110,268
108,230
46,255
116,205
105,213
101,219
53,354
82,277
111,256
97,258
110,241
108,233
46,184
116,226
105,161
101,277
53,346
82,188
111,263
97,201
110,223
108,219
46,272
116,226
105,213
101,238
53,457
82,378
111,238
97,228
110,227
108,200
46,250
116,255
105,596
101,329
53,513
82,580
111,188
97,232
110,207
108,235
46,218
116,208
105,193
101,248
53,315
82,226
111,235
97,195
110,194
108,245
46,207
116,234
105,133
101,264
53,353
82,306
111,179
97,205
110,229
108,603
46,243
116,196
105,142
101,300
53,439
82,307
111,184
97,227
110,213
108,223
46,205
116,199
105,140
101,363
53,494
82,298
111,175
97,204
110,243
108,233
46,219
116,196
105,167
101,287
53,368
82,274
111,171
97,200
110,211
108,246
46,251
116,225
105,180
101,264
53,352
82,299
111,189
97,223
110,226
108,249
46,236
116,209
105,182
101,293
53,383
82,209
111,293
97,285
110,267
108,281
46,191
116,229
105,159
101,277
53,327
82,250
111,199
97,169
110,237
108,223
46,199
116,218
105,148
101,293
53,444
82,293
111,199
97,181
110,207
108,277
46,208
116,238
105,195
101,280
53,354
82,226
111,200
97,164
110,227
108,255
46,515
116,240
105,211
101,291
53,333
82,251
111,196
97,230
110,205
108,238
46,243
116,231
105,173
101,289
53,340
82,241
111,204
97,216
110,266
108,231
46,228
116,215
105,169
101,235
53,397
82,363
111,244
97,210
110,222
108,251
46,311
116,285
105,185
101,270
53,340
82,377
111,217
97,195
110,222
108,227
46,244
116,216
105,166
101,353
53,608
82,294
111,240
97,224
110,246
108,222
46,236
116,219
105,149
101,348
53,426
82,257
111,291
97,203
110,229
108,275
46,227
116,219
105,188
101,316
53,340
82,236
111,225
97,198
110,221
108,250
46,258
116,219
105,194
101,315
53,335
82,218
111,209
97,189
110,213
108,219
46,198
116,251
105,193
101,331
53,365
82,324
111,220
97,205
110,247
108,227
46,246
116,201
105,168
101,280
53,329
82,233
111,322
97,337
110,256
108,219
46,216
116,202
105,179
101,241
53,380
82,230
111,270
97,222
110,239
108,235
46,278
116,222
105,157
101,792
53,479
82,270
111,206
97,208
110,219
108,227
46,219
116,213
105,156
101,223
53,331
82,265
111,232
97,209
110,217
108,226
46,250
116,249
105,168
101,247
53,350
82,283
111,289
97,212
110,209
108,256
46,258
116,215
105,194
101,297
53,341
82,241
111,246
97,224
110,232
108,395
46,225
116,218
105,156
101,247
53,332
82,268
111,254
97,262
110,230
108,262
46,271
116,246
105,222
101,265
53,358
82,278
111,250
97,266
110,214
108,262
46,184
116,223
105,148
101,328
53,369
82,260
111,242
97,225
110,225
108,225
46,213
116,239
105,211
101,188
53,389
82,212
111,222
97,227
110,251
108,245
46,225
116,217
105,181
101,316
53,370
82,246
111,232
97,216
110,217
108,247
46,269
116,235
105,176
101,320
53,345
82,276
111,240
97,256
110,251
108,267
46,303
116,220
105,172
101,253
53,329
82,236
111,239
97,209
110,238
108,212
46,243
116,224
105,162
101,540
53,404
82,280
111,172
97,257
110,252
108,194
46,238
116,209
105,156
101,284
53,379
82,229
111,243
97,207
110,241
108,213
46,249
116,238
105,205
101,242
53,356
82,247
111,225
97,313
110,295
108,262
46,284
116,514
105,255
101,428
53,383
82,194
111,217
97,205
110,227
108,234
46,261
116,279
105,202
101,291
53,650
82,318
111,229
97,206
110,258
108,214
46,221
116,241
105,162
101,350
53,355
82,226
111,221
97,241
110,209
108,225
46,219
116,246
105,174
101,334
53,563
82,330
111,320
97,239
110,212
108,227
46,258
116,244
105,172
101,313
53,420
82,284
111,239
97,204
110,219
108,189
46,277
116,250
105,495
101,1104
53,328
82,348
111,158
97,292
110,242
108,197
46,248
116,270
105,212
101,646
53,341
82,197
111,229
97,222
110,218
108,203
46,242
116,228
105,174
101,297
53,390
82,228
111,195
97,213
110,199
108,233
46,254
116,206
105,185
101,312
53,403
82,199
111,248
97,174
110,231
108,175
46,204
116,223
105,164
101,288
53,345
82,211
111,216
97,213
110,188
108,213
46,222
116,251
105,198
101,316
53,390
82,218
111,193
97,209
110,217
108,253
46,237
116,207
105,203
101,223
53,380
82,289
111,252
97,315
110,222
108,229
46,310
116,227
105,188
101,251
53,407
82,288
111,224
97,234
110,255
108,205
46,210
116,234
105,175
101,703
53,362
82,224
111,192
97,217
110,244
108,231
46,212
116,214
105,192
101,329
53,406
82,196
111,216
97,204
110,229
108,232
46,325
116,401
105,182
101,329
53,364
82,270
111,228
97,195
110,243
108,227
