46,346
116,125
105,211
101,262
53,451
82,206
111,157
97,413
110,352
108,318
46,358
116,168
105,191
101,501
53,404
82,308
111,187
97,185
110,218
108,652
46,400
116,180
105,157
101,549
53,263
82,244
111,244
97,205
110,280
108,568
46,289
116,247
105,190
101,635
53,315
82,248
111,161
97,198
110,249
108,349
46,262
116,188
105,170
101,265
53,448
82,205
111,180
97,177
110,531
108,380
46,264
116,177
105,195
101,235
53,473
82,215
111,202
97,151
110,279
108,619
46,274
116,151
105,196
101,317
53,434
82,232
111,230
97,236
110,297
108,482
46,216
116,168
105,196
101,293
53,478
82,404
111,249
97,439
110,358
108,426
46,325
116,150
105,507
101,343
53,481
82,206
111,241
97,214
110,292
108,703
46,340
116,166
105,225
101,304
53,934
82,564
111,193
97,347
110,254
108,377
46,245
116,125
105,189
101,232
53,330
82,244
111,214
97,144
110,256
108,336
46,321
116,147
105,216
101,286
53,434
82,196
111,208
97,141
110,308
108,406
46,246
116,166
105,520
101,485
53,325
82,188
111,161
97,164
110,241
108,379
46,294
116,249
105,216
101,358
53,400
82,201
111,204
97,111
110,265
108,296
46,167
116,203
105,143
101,365
53,534
82,390
111,266
97,138
110,560
108,416
46,277
116,176
105,181
101,231
53,398
82,196
111,304
97,329
110,261
108,897
46,172
116,233
105,166
101,227
53,487
82,339
111,514
97,207
110,242
108,367
46,172
116,267
105,179
101,304
53,441
82,172
111,227
97,146
110,378
108,314
46,264
116,166
105,180
101,209
53,445
82,413
111,193
97,172
110,283
108,307
46,160
116,197
105,141
101,216
53,435
82,465
111,212
97,191
110,290
108,340
46,384
116,160
105,246
101,317
53,617
82,456
111,324
97,207
110,309
108,490
46,268
116,187
105,149
101,287
53,1384
82,702
111,230
97,194
110,966
108,367
46,260
116,163
105,439
101,576
53,622
82,380
111,125
97,153
110,462
108,356
46,213
116,214
105,168
101,228
53,457
82,239
111,263
97,118
110,401
108,510
46,261
116,191
105,188
101,255
53,425
82,231
111,201
97,146
110,270
108,301
46,187
116,199
105,162
101,216
53,491
82,236
111,265
97,507
110,262
108,415
46,229
116,180
105,153
101,605
53,314
82,171
111,177
97,106
110,282
108,339
46,190
116,219
105,160
101,225
53,483
82,233
111,194
97,136
110,331
108,381
46,207
116,215
105,148
101,569
53,713
82,210
111,195
97,175
110,229
108,346
46,213
116,199
105,160
101,213
53,454
82,221
111,197
97,167
110,681
108,457
46,254
116,162
105,197
101,548
53,282
82,205
111,203
97,232
110,313
108,425
46,189
116,223
105,167
101,264
53,502
82,209
111,217
97,221
110,320
108,382
46,272
116,138
105,200
101,353
53,371
82,189
111,189
97,201
110,350
108,400
46,178
116,196
105,154
101,214
53,570
82,245
111,226
97,171
110,267
108,355
46,201
116,195
105,155
101,252
53,521
82,288
111,232
97,179
110,346
108,375
46,226
116,155
105,163
101,472
53,333
82,193
111,191
97,221
110,284
108,605
46,301
116,60
105,440
101,396
53,387
82,371
111,229
97,185
110,254
108,352
46,320
116,159
105,330
101,278
53,470
82,208
111,200
97,212
110,323
108,347
46,199
116,190
105,216
101,442
53,644
82,289
111,359
97,222
110,227
108,329
46,143
116,196
105,140
101,215
53,409
82,268
111,215
97,178
110,515
108,338
46,256
116,165
105,161
101,279
53,563
82,217
111,218
97,215
110,307
108,364
46,262
116,172
105,171
101,238
53,549
82,194
111,173
97,200
110,366
108,382
46,226
116,151
105,188
101,268
53,444
82,262
111,111
97,238
110,270
108,376
46,210
116,167
105,200
101,277
53,378
82,298
111,255
97,159
110,237
108,349
46,214
116,170
105,173
101,268
53,534
82,245
111,265
97,219
110,252
108,314
46,221
116,169
105,204
101,610
53,390
82,416
111,197
97,329
110,211
108,337
46,204
116,120
105,210
101,263
53,496
82,199
111,179
97,196
110,267
108,546
46,238
116,155
105,172
101,273
53,433
82,222
111,183
97,230
110,249
108,371
46,205
116,169
105,207
101,315
53,495
82,197
111,165
97,174
110,279
108,352
46,266
116,186
105,349
101,351
53,399
82,194
111,169
97,181
110,216
108,409
46,188
116,235
105,142
101,290
53,859
82,275
111,333
97,257
110,579
108,731
46,367
116,127
105,290
101,292
53,587
82,230
111,207
97,485
110,283
108,396
46,577
116,166
105,327
101,961
53,439
82,278
111,242
97,212
110,251
108,622
46,291
116,168
105,180
101,214
53,480
82,230
111,176
97,160
110,393
108,377
46,275
116,192
105,201
101,880
53,374
82,289
111,218
97,180
110,691
108,383
46,214
116,215
105,142
101,418
53,449
82,194
111,202
97,184
110,246
108,642
46,302
116,528
105,215
101,346
53,377
82,214
111,174
97,167
110,637
108,479
46,367
116,196
105,170
101,291
53,398
82,266
111,222
97,196
110,258
108,573
46,227
116,158
105,178
101,282
53,409
82,263
111,260
97,177
110,272
108,370
46,288
116,179
105,176
101,297
53,385
82,314
111,250
97,178
110,240
108,348
46,198
116,242
105,204
101,671
53,364
82,207
111,180
97,195
110,320
108,341
46,341
116,188
105,232
101,351
53,517
82,388
111,332
97,257
110,193
108,434
46,217
116,238
105,160
101,235
53,449
82,231
111,253
97,209
110,223
108,345
46,244
116,194
105,223
101,323
53,378
82,232
111,247
97,172
110,355
108,576
46,361
116,187
105,188
101,304
53,393
82,270
111,263
97,169
110,288
108,380
46,252
116,167
105,176
101,227
53,458
82,244
111,202
97,207
110,192
108,389
46,472
116,177
105,197
101,400
53,378
82,593
111,268
97,187
110,271
108,297
46,240
116,200
105,159
101,228
53,364
82,210
111,246
97,115
110,320
108,328
46,221
116,258
105,149
101,311
53,377
82,214
111,220
97,71
110,406
108,303
46,232
116,177
105,169
101,256
53,436
82,248
111,243
97,144
110,266
108,580
46,341
116,173
105,173
101,222
53,453
82,314
111,313
97,279
110,268
108,759
46,340
116,144
105,207
101,236
53,427
82,236
111,276
97,186
110,287
108,397
46,224
116,195
105,160
101,288
53,538
82,257
111,349
97,125
110,218
108,371
46,214
116,158
105,183
101,220
53,486
82,524
111,198
97,210
110,229
108,393
46,219
116,192
105,154
101,203
53,457
82,685
111,347
97,1579
110,233
108,425
46,218
116,202
105,96
101,229
53,404
82,182
111,217
97,188
110,331
108,421
46,184
116,215
105,139
101,383
53,368
82,202
111,196
97,168
110,234
108,487
46,196
116,168
105,156
101,249
53,387
82,207
111,222
97,193
110,290
108,371
46,261
116,157
105,164
101,226
53,458
82,456
111,248
97,215
110,172
108,299
46,181
116,213
105,126
101,404
53,753
82,374
111,268
97,189
110,438
108,639
46,449
116,159
105,176
101,201
53,382
82,249
111,208
97,205
110,163
108,328
46,214
116,194
105,151
101,344
53,398
82,281
111,241
97,131
110,272
108,361
46,169
116,196
105,176
101,257
53,446
82,267
111,230
97,211
110,562
108,364
46,321
116,151
105,189
101,193
53,439
82,270
111,205
97,189
110,274
108,711
46,269
116,134
105,429
101,335
53,446
82,234
111,172
97,267
110,272
108,315
46,262
116,169
105,131
101,225
53,407
82,200
111,167
97,188
110,189
108,342
46,341
116,170
105,163
101,344
53,403
82,203
111,158
97,190
110,218
108,305
46,312
116,194
105,164
101,334
53,399
82,219
111,186
97,166
110,251
108,549
46,158
116,166
105,152
101,211
53,381
82,236
111,210
97,176
110,545
108,338
46,297
116,154
105,152
101,234
53,413
82,224
111,274
97,221
110,185
108,349
46,172
116,201
105,83
101,179
53,454
82,235
111,181
97,207
110,237
108,376
46,209
116,181
105,150
101,195
53,432
82,417
111,350
97,250
110,258
108,391
46,257
116,161
105,166
101,175
53,474
82,295
111,320
97,188
110,308
108,363
46,221
116,194
105,157
101,236
53,451
82,282
111,308
97,251
110,249
108,394
46,382
116,253
105,214
101,335
53,476
82,344
111,301
97,209
110,282
108,379
46,456
116,198
105,143
101,273
53,377
82,288
111,260
97,114
110,305
108,441
46,385
116,164
105,240
101,362
53,347
82,238
111,224
97,150
110,335
108,345
46,211
116,211
105,142
101,202
53,456
82,277
111,281
97,167
110,643
108,408
46,528
116,215
105,186
101,280
53,417
82,291
111,218
97,152
110,279
108,392
46,295
116,129
105,231
101,203
53,555
82,221
111,337
97,291
110,357
108,384
46,355
116,171
105,168
101,272
53,433
82,219
111,186
97,167
110,225
108,660
46,224
116,172
105,151
101,219
53,456
82,220
111,188
97,159
110,210
108,288
46,232
116,184
105,129
101,225
53,369
82,230
111,145
97,146
110,257
108,559
46,412
116,157
105,192
101,256
53,357
82,248
111,175
97,128
110,260
108,286
46,256
116,185
105,167
101,242
53,490
82,244
111,270
97,161
110,588
108,415
46,272
116,148
105,156
101,285
53,411
82,244
111,376
97,239
110,749
108,399
46,153
116,206
105,156
101,191
53,390
82,214
111,203
97,162
110,206
108,339
46,220
116,282
105,442
101,302
53,421
82,230
111,153
97,143
110,169
108,373
46,213
116,168
105,155
101,160
53,369
82,245
111,224
97,143
110,247
108,425
46,399
116,176
105,173
101,287
53,360
82,224
111,193
97,150
110,154
108,351
46,391
116,181
105,166
101,418
53,323
82,210
111,195
97,184
110,170
108,339
46,254
116,175
105,153
101,278
53,377
82,221
111,238
97,189
110,223
108,381
46,238
116,187
105,146
101,485
53,313
82,301
111,243
97,150
110,578
108,468
46,208
116,175
105,140
101,190
53,426
82,193
111,240
97,47
110,271
108,319
46,259
116,170
105,161
101,210
53,368
82,217
111,195
97,81
110,297
108,302
46,261
116,191
105,406
101,395
53,657
82,304
111,252
97,208
110,251
108,326
46,239
116,181
105,148
101,223
53,404
82,201
111,250
97,238
110,209
108,366
46,269
116,198
105,131
101,279
53,446
82,280
111,160
97,194
110,184
108,372
46,325
116,221
105,161
101,277
53,391
82,252
111,177
97,260
110,230
108,376
46,260
116,168
105,185
101,233
53,554
82,243
111,240
97,123
110,164
108,396
46,225
116,185
105,156
101,168
53,359
82,232
111,225
97,148
110,218
108,348
46,231
116,201
105,205
101,249
53,419
82,213
111,238
97,181
110,254
108,348
46,206
116,193
105,167
101,241
53,394
82,291
111,341
97,233
110,210
108,363
46,270
116,171
105,155
101,230
53,459
82,261
111,262
97,169
110,203
108,452
46,255
116,163
105,170
101,198
53,390
82,243
111,292
97,186
110,219
108,304
46,534
116,153
105,190
101,228
53,449
82,242
111,209
97,162
110,229
108,368
46,235
116,177
105,167
101,178
53,432
82,239
111,222
97,93
110,228
108,377
46,349
116,216
105,182
101,220
53,360
82,225
111,218
97,184
110,76
108,369
46,201
116,186
105,172
101,182
53,446
82,275
111,207
97,260
110,325
108,336
46,236
116,201
105,546
101,390
53,568
82,265
111,227
97,206
110,188
108,313
46,212
116,207
105,152
101,251
53,391
82,277
111,227
97,177
110,148
108,450
46,255
116,206
105,166
101,257
53,408
82,270
111,171
97,162
110,209
108,383
46,508
116,198
105,156
101,260
53,397
82,251
111,242
97,55
110,236
108,351
46,238
116,200
105,173
101,283
53,405
82,241
111,213
97,179
110,149
108,351
46,556
116,194
105,136
101,291
53,396
82,253
111,227
97,169
110,221
108,358
46,394
116,191
105,208
101,347
53,414
82,313
111,147
97,359
110,290
108,400
46,280
116,187
105,168
101,213
53,431
82,290
111,186
97,186
110,258
108,369
46,252
116,236
105,125
101,233
53,450
82,217
111,239
97,144
110,217
108,361
46,229
116,196
105,156
101,245
53,400
82,221
111,210
97,171
110,583
108,378
46,243
116,225
105,162
101,242
53,402
82,248
111,178
97,160
110,211
108,361
46,287
116,177
105,112
101,237
53,422
82,207
111,161
97,137
110,168
108,308
46,219
116,243
105,285
101,270
53,442
82,207
111,236
97,154
110,127
108,415
46,278
116,253
105,179
101,358
53,424
82,287
111,189
97,163
110,143
108,327
46,227
116,180
105,788
101,366
53,457
82,310
111,284
97,180
110,210
108,336
46,215
116,184
105,145
101,178
53,393
82,213
111,267
97,57
110,207
108,465
46,362
116,57
105,375
101,338
53,359
82,330
111,190
97,176
110,158
108,337
46,267
116,221
105,146
101,217
53,865
82,282
111,236
97,183
110,176
108,307
46,239
116,208
105,129
101,212
53,382
82,224
111,233
97,285
110,222
108,338
46,276
116,225
105,139
101,257
53,447
82,236
111,211
97,140
110,168
108,637
46,433
116,185
105,189
101,269
53,469
82,250
111,182
97,163
110,164
108,342
46,253
116,293
105,157
101,235
53,440
82,203
111,159
97,157
110,180
108,305
46,282
116,172
105,175
101,201
53,399
82,207
111,181
97,155
110,154
108,301
46,208
116,178
105,123
101,195
53,413
82,200
111,230
97,108
110,407
108,358
46,162
116,184
105,123
101,370
53,375
82,192
111,200
97,182
110,207
108,572
46,353
116,195
105,132
101,532
53,1102
82,304
111,225
97,166
110,274
108,346
46,219
116,221
105,86
101,183
53,512
82,253
111,453
97,234
110,219
108,359
46,250
116,154
105,157
101,208
53,418
82,241
111,226
97,172
110,323
108,320
46,265
116,289
105,189
101,260
53,416
82,223
111,522
97,263
110,296
108,366
46,354
116,196
105,151
101,254
53,611
82,224
111,385
97,233
110,178
108,400
46,329
116,345
105,178
101,274
53,370
82,183
111,210
97,183
110,191
108,328
46,217
116,201
105,142
101,349
53,406
82,201
111,260
97,170
110,184
108,308
46,229
116,265
105,182
101,325
53,374
82,217
111,187
97,207
110,233
108,407
46,257
116,212
105,174
101,194
53,398
82,255
111,213
97,243
110,172
108,408
46,278
116,194
105,158
101,165
53,378
82,198
111,197
97,183
110,175
108,365
46,239
116,584
105,169
101,247
53,394
82,218
111,191
97,182
110,185
108,399
46,234
116,190
105,118
101,219
53,423
82,209
111,229
97,216
110,193
108,297
46,207
116,182
105,145
101,353
53,467
82,282
111,206
97,184
110,119
108,376
46,276
116,209
105,174
101,175
53,333
82,232
111,275
97,216
110,301
108,297
46,191
116,207
105,132
101,203
53,395
82,315
111,329
97,160
110,275
108,337
46,201
116,199
105,121
101,409
53,458
82,218
111,202
97,187
110,147
108,345
46,262
116,215
105,135
101,203
53,348
82,257
111,224
97,169
110,221
108,369
46,160
116,180
105,153
101,208
53,376
82,199
111,450
97,197
110,195
108,350
46,174
116,206
105,117
101,471
53,408
82,188
111,197
97,165
110,172
108,359
46,203
116,185
105,127
101,181
53,412
82,328
111,302
97,192
110,298
108,374
46,225
116,217
105,122
101,190
53,381
82,209
111,208
97,178
110,149
108,384
46,226
116,252
105,171
101,262
53,357
82,264
111,259
97,183
110,211
108,388
46,248
116,200
105,162
101,291
53,378
82,252
111,190
97,214
110,199
108,343
46,261
116,181
105,166
101,256
53,406
82,258
111,219
97,180
110,138
108,413
46,230
116,165
105,166
101,192
53,385
82,216
111,295
97,222
110,175
108,494
46,322
116,197
105,147
101,295
53,353
82,251
111,300
97,203
110,222
108,1032
46,253
116,168
105,148
101,175
53,401
82,421
111,198
97,179
110,230
108,318
46,234
116,199
105,126
101,204
53,351
82,201
111,211
97,173
110,171
108,405
46,247
116,189
105,184
101,244
53,394
82,193
111,169
97,161
110,206
108,356
46,213
116,179
105,161
101,203
53,382
82,177
111,212
97,145
110,136
108,348
46,510
116,141
105,184
101,297
53,373
82,273
111,219
97,175
110,182
108,338
46,249
116,202
105,197
101,281
53,352
82,260
111,178
97,262
110,241
108,323
46,198
116,261
105,164
101,367
53,402
82,258
111,220
97,184
110,191
108,344
46,223
116,191
105,133
101,163
53,429
82,287
111,214
97,197
110,307
108,396
46,236
116,212
105,135
101,192
53,419
82,218
111,227
97,165
110,127
108,360
46,207
116,193
105,136
101,210
53,359
82,240
111,286
97,182
110,245
108,331
46,223
116,187
105,130
101,139
53,384
82,251
111,227
97,186
110,291
108,457
46,292
116,186
105,178
101,146
53,342
82,215
111,221
97,166
110,186
108,347
46,251
116,195
105,102
101,195
53,335
82,282
111,189
97,186
110,108
108,388
46,205
116,202
105,128
101,180
53,409
82,228
111,201
97,214
110,138
108,573
46,463
116,174
105,188
101,263
53,373
82,209
111,209
97,173
110,73
108,327
46,177
116,215
105,103
101,206
53,409
82,232
111,210
97,174
110,173
108,342
46,279
116,183
105,125
101,592
53,466
82,214
111,219
97,205
110,141
108,380
46,209
116,217
105,140
101,239
53,381
82,233
111,191
97,193
110,112
108,346
46,186
116,175
105,145
101,279
53,359
82,298
111,247
97,170
110,230
108,367
46,197
116,178
105,146
101,225
53,364
82,326
111,267
97,195
110,195
108,336
46,270
116,207
105,148
101,211
53,835
82,249
111,249
97,202
110,243
108,303
46,178
116,167
105,144
101,179
53,369
82,219
111,236
97,151
110,338
108,713
46,249
116,173
105,160
101,185
53,418
82,239
111,239
97,126
110,200
108,630
46,270
116,161
105,152
101,141
53,367
82,223
111,185
97,165
110,131
108,385
46,223
116,216
105,236
101,277
53,353
82,224
111,337
97,524
110,237
108,349
46,281
116,159
105,131
101,165
53,365
82,353
111,260
97,177
110,214
108,356
46,240
116,278
105,194
101,236
53,358
82,219
111,274
97,126
110,238
108,326
46,191
116,183
105,144
101,194
53,354
82,217
111,278
97,123
110,241
108,345
46,217
116,187
105,139
101,394
53,320
82,334
111,187
97,147
110,261
108,313
46,235
116,168
105,147
101,171
53,374
82,249
111,203
97,180
110,191
108,414
46,245
116,189
105,133
101,223
53,325
82,279
111,179
97,177
110,250
108,328
46,217
116,212
105,127
101,203
53,351
82,253
111,130
97,235
110,196
108,418
46,145
116,247
105,157
101,214
53,390
82,234
111,247
97,84
110,159
108,315
46,96
116,174
105,134
101,244
53,357
82,525
111,189
97,195
110,222
108,336
46,244
116,179
105,131
101,239
53,378
82,306
111,349
97,200
110,172
108,325
46,191
116,171
105,110
101,183
53,349
82,240
111,260
97,163
110,316
108,384
46,184
116,177
105,175
101,202
53,343
82,263
111,213
97,195
110,224
108,374
46,163
116,217
105,128
101,146
53,337
82,226
111,226
97,170
110,199
108,289
46,201
116,164
105,145
101,162
53,331
82,220
111,245
97,188
110,143
108,338
46,205
116,176
105,138
101,193
53,327
82,219
111,203
97,163
110,170
108,283
46,224
116,168
105,173
101,171
53,354
82,280
111,281
97,60
110,171
108,312
46,190
116,196
105,117
101,185
53,349
82,236
111,198
97,168
110,209
108,297
46,143
116,204
105,118
101,190
53,304
82,241
111,249
97,164
110,207
108,382
46,293
116,175
105,242
101,232
53,359
82,328
111,216
97,203
110,209
108,292
46,230
116,228
105,128
101,280
53,340
82,279
111,161
97,392
110,473
108,281
46,152
116,207
105,149
101,208
53,333
82,253
111,248
97,185
110,147
108,357
46,164
116,227
105,143
101,691
53,342
82,373
111,256
97,219
110,118
108,381
46,110
116,625
105,148
101,229
53,363
82,239
111,233
97,183
110,146
108,288
46,165
116,204
105,152
101,232
53,296
82,199
111,183
97,169
110,120
108,370
46,165
116,213
105,139
101,189
53,337
82,232
111,218
97,242
110,228
108,347
46,219
116,187
105,140
101,201
53,670
82,305
111,200
97,166
110,138
108,306
46,240
116,206
105,123
101,192
53,296
82,289
111,221
97,173
110,195
108,288
46,155
116,201
105,122
101,184
53,309
82,259
111,290
97,158
110,203
108,288
46,157
116,192
105,145
101,179
53,284
82,233
111,164
97,251
110,86
108,429
46,401
116,159
105,168
101,212
53,381
82,253
111,170
97,172
110,175
108,284
46,156
116,190
105,121
101,180
53,303
82,260
111,216
97,164
110,127
108,333
46,166
116,205
105,128
101,154
53,360
82,800
111,144
97,245
110,210
108,281
46,314
116,174
105,132
101,157
53,289
82,768
111,299
97,222
110,237
108,304
46,147
116,199
105,138
101,183
53,273
82,249
111,233
97,217
110,161
108,362
46,215
116,177
105,143
101,167
53,330
82,244
111,208
97,169
110,131
108,340
46,208
116,200
105,148
101,181
53,292
82,526
111,162
97,192
110,170
108,382
46,168
116,208
105,78
101,194
53,287
82,347
111,201
97,181
110,169
108,315
46,245
116,205
105,131
101,183
53,302
82,298
111,181
97,218
110,194
108,317
46,187
116,274
105,125
101,245
53,348
82,287
111,161
97,190
110,132
108,345
46,149
116,219
105,122
101,188
53,368
82,285
111,201
97,192
110,198
108,381
46,252
116,186
105,149
101,229
53,408
82,240
111,203
97,153
110,180
108,406
46,182
116,225
105,151
101,206
53,328
82,236
111,177
97,227
110,180
108,296
46,157
116,177
105,131
101,198
53,346
82,299
111,233
97,176
110,120
108,335
46,291
116,168
105,138
101,179
53,313
82,242
111,175
97,184
110,150
108,314
46,220
116,282
105,238
101,297
53,317
82,230
111,242
97,217
110,203
108,314
46,160
116,172
105,154
101,170
53,310
82,184
111,157
97,171
110,153
108,320
46,147
116,218
105,131
101,167
53,352
82,209
111,141
97,153
110,160
108,321
46,418
116,211
105,126
101,208
53,305
82,191
111,156
97,180
110,138
108,285
46,172
116,189
105,118
101,162
53,342
82,269
111,287
97,142
110,206
108,303
46,224
116,163
105,173
101,192
53,356
82,204
111,224
97,183
110,188
108,373
46,169
116,199
105,130
101,182
53,343
82,348
111,234
97,127
110,125
108,355
46,148
116,193
105,104
101,194
53,346
82,241
111,189
97,126
110,198
108,279
46,181
116,200
105,123
101,208
53,375
82,242
111,228
97,199
110,139
108,324
46,501
116,184
105,147
101,182
53,331
82,214
111,222
97,167
110,151
108,332
46,217
116,215
105,137
101,178
53,310
82,214
111,221
97,207
110,161
108,309
46,144
116,205
105,96
101,184
53,342
82,217
111,201
97,203
110,124
108,380
46,204
116,220
105,105
101,190
53,297
82,230
111,230
97,165
110,141
108,357
46,255
116,182
105,176
101,132
53,321
82,203
111,222
97,181
110,149
108,382
46,314
116,278
105,152
101,237
53,279
82,257
111,233
97,130
110,179
108,289
46,369
116,229
105,173
101,734
53,318
82,243
111,199
97,174
110,131
108,324
46,171
116,199
105,99
101,157
53,342
82,196
111,198
97,160
110,134
108,353
46,185
116,190
105,153
101,139
53,401
82,218
111,545
97,326
110,196
108,331
46,182
116,212
105,129
101,112
53,315
82,297
111,201
97,177
110,132
108,311
46,173
116,201
105,109
101,187
53,352
82,198
111,187
97,188
110,112
108,325
46,170
116,309
105,299
101,236
53,336
82,189
111,163
97,193
110,143
108,386
46,123
116,198
105,109
101,105
53,388
82,160
111,222
97,163
110,153
108,347
46,201
116,194
105,120
101,129
53,310
82,204
111,222
97,120
110,141
108,311
46,185
116,183
105,144
101,183
53,316
82,224
111,238
97,156
110,155
108,321
46,128
116,219
105,143
101,196
53,334
82,210
111,209
97,171
110,167
108,347
46,208
116,170
105,188
101,170
53,302
82,208
111,203
97,197
110,116
108,318
46,145
116,185
105,107
101,208
53,715
82,363
111,120
97,386
110,91
108,265
46,168
116,210
105,122
101,107
53,334
82,213
111,199
97,179
110,98
108,330
46,177
116,208
105,103
101,190
53,341
82,228
111,188
97,173
110,127
108,293
46,164
116,193
105,147
101,161
53,348
82,250
111,210
97,165
110,114
108,316
46,153
116,202
105,120
101,127
53,334
82,232
111,223
97,179
110,101
108,330
46,211
116,201
105,175
101,197
53,309
82,219
111,206
97,175
110,160
108,344
46,178
116,190
105,166
101,139
53,288
82,247
111,203
97,182
110,163
108,265
46,158
116,232
105,80
101,211
53,331
82,226
111,235
97,161
110,171
108,375
46,162
116,192
105,131
101,172
53,305
82,213
111,228
97,135
110,154
108,346
46,203
116,186
105,170
101,155
53,510
82,261
111,186
97,153
110,175
108,347
46,158
116,179
105,164
101,175
53,307
82,207
111,213
97,152
110,155
108,329
46,120
116,213
105,156
101,217
53,284
82,198
111,238
97,143
110,145
108,316
46,181
116,191
105,149
101,206
53,299
82,205
111,246
97,175
110,122
108,359
46,166
116,188
105,136
101,528
53,325
82,239
111,230
97,213
110,155
108,336
46,195
116,209
105,181
101,250
53,384
82,240
111,218
97,174
110,161
108,374
46,226
116,162
105,147
101,251
53,340
82,224
111,471
97,241
110,149
108,316
46,156
116,171
105,108
101,214
53,285
82,222
111,177
97,182
110,149
108,389
46,186
116,201
105,126
101,249
53,513
82,321
111,223
97,241
110,171
108,313
46,209
116,191
105,204
101,166
53,330
82,234
111,218
97,169
110,148
108,343
46,261
116,142
105,201
101,263
53,308
82,234
111,206
97,147
110,131
108,304
46,234
116,202
105,135
101,217
53,289
82,226
111,212
97,148
110,193
108,351
46,216
116,211
105,157
101,270
53,335
82,223
111,244
97,195
110,165
108,365
46,241
116,196
105,174
101,218
53,269
82,206
111,221
97,241
110,307
108,403
46,219
116,209
105,163
101,254
53,512
82,291
111,411
97,303
110,158
108,355
46,162
116,163
105,146
101,215
53,371
82,372
111,211
97,176
110,130
108,313
46,187
116,175
105,79
101,339
53,337
82,168
111,181
97,176
110,173
108,309
46,209
116,169
105,127
101,154
53,277
82,170
111,184
97,131
110,184
108,259
46,169
116,179
105,97
101,171
53,300
82,187
111,217
97,180
110,114
108,379
46,239
116,200
105,107
101,219
53,265
82,187
111,160
97,167
110,163
108,333
46,222
116,207
105,135
101,208
53,300
82,188
111,162
97,191
110,153
108,380
46,231
116,473
105,115
101,226
53,327
82,161
111,166
97,159
110,182
108,311
46,194
116,184
105,118
101,170
53,285
82,196
111,183
97,155
110,151
108,317
46,172
116,182
105,124
101,145
53,315
82,199
111,175
97,138
110,148
108,355
46,214
116,193
105,138
101,165
53,286
82,196
111,184
97,146
110,258
108,309
46,242
116,189
105,128
101,178
53,279
82,204
111,177
97,161
110,175
108,304
46,192
116,216
105,132
101,206
53,258
82,267
111,173
97,186
110,127
108,337
46,184
116,209
105,102
101,153
53,327
82,208
111,190
97,174
110,138
108,382
46,179
116,163
105,118
101,190
53,259
82,174
111,289
97,208
110,169
108,343
46,158
116,267
105,360
101,273
53,306
82,237
111,130
97,255
110,188
108,396
46,176
116,222
105,98
101,167
53,300
82,203
111,158
97,196
110,104
108,369
46,217
116,178
105,158
101,134
53,336
82,225
111,236
97,192
110,170
108,317
46,184
116,199
105,144
101,204
53,314
82,211
111,193
97,156
110,143
108,320
46,188
116,164
105,130
101,195
53,312
82,261
111,86
97,324
110,283
108,512
46,148
116,181
105,123
101,140
53,328
82,217
111,149
97,381
110,246
108,317
46,155
116,149
105,129
101,147
53,284
82,224
111,283
97,155
110,185
108,300
46,183
116,187
105,138
101,144
53,305
82,493
111,173
97,246
110,267
108,307
46,178
116,187
105,106
101,196
53,325
82,178
111,253
97,179
110,159
108,292
46,184
116,168
105,127
101,158
53,346
82,224
111,221
97,205
110,158
108,371
46,260
116,186
105,150
101,191
53,293
82,193
111,217
97,165
110,176
108,313
46,174
116,191
105,141
101,171
53,325
82,179
111,231
97,146
110,204
108,270
46,165
116,198
105,102
101,158
53,310
82,247
111,250
97,173
110,142
108,357
46,211
116,190
105,123
101,195
53,327
82,226
111,359
97,188
110,169
108,326
46,141
116,180
105,125
101,120
53,293
82,252
111,200
97,242
110,223
108,296
46,184
116,200
105,94
101,235
53,293
82,256
111,127
97,223
110,150
108,292
46,177
116,259
105,102
101,321
53,371
82,327
111,177
97,176
110,210
108,313
46,195
116,175
105,107
101,184
53,318
82,223
111,251
97,176
110,210
108,273
46,173
116,189
105,131
101,189
53,322
82,185
111,189
97,182
110,164
108,233
46,156
116,167
105,137
101,165
53,318
82,173
111,276
97,198
110,258
108,426
46,187
116,209
105,128
101,224
53,262
82,212
111,293
97,160
110,231
108,447
46,190
116,181
105,138
101,143
53,343
82,246
111,236
97,165
110,134
108,501
46,163
116,183
105,104
101,154
53,305
82,412
111,259
97,176
110,275
108,325
46,161
116,138
105,164
101,241
53,422
82,333
111,196
97,150
110,196
108,250
46,192
116,207
105,135
101,223
53,319
82,238
111,249
97,178
110,183
108,288
46,214
116,201
105,151
101,211
53,504
82,348
111,220
97,191
110,194
108,320
46,205
116,183
105,168
101,303
53,434
82,278
111,208
97,181
110,226
108,353
46,182
116,151
105,187
101,187
53,303
82,192
111,236
97,154
110,172
108,346
46,196
116,180
105,144
101,181
53,328
82,240
111,222
97,186
110,106
108,359
46,185
116,199
105,99
101,202
53,313
82,199
111,247
97,392
110,216
108,337
46,189
116,192
105,114
101,223
53,443
82,236
111,198
97,158
110,176
108,306
46,138
116,182
105,112
101,260
53,303
82,360
111,215
97,184
110,479
108,390
46,151
116,191
105,112
101,173
53,333
82,210
111,189
97,168
110,163
108,345
46,173
116,174
105,146
101,364
53,368
82,248
111,243
97,190
110,189
108,344
46,127
116,190
105,152
101,837
53,273
82,209
111,191
97,213
110,213
108,287
46,166
116,159
105,143
101,218
53,330
82,182
111,226
97,163
110,203
108,298
46,218
116,354
105,126
101,284
53,353
82,243
111,238
97,144
110,198
108,279
46,150
116,205
105,112
101,187
53,323
82,207
111,152
97,178
110,158
108,288
46,201
116,200
105,78
101,270
53,315
82,198
111,154
97,165
110,146
108,341
46,139
116,203
105,117
101,231
53,278
82,191
111,156
97,155
110,144
108,322
46,222
116,159
105,184
101,230
53,358
82,230
111,157
97,154
110,160
108,341
46,174
116,215
105,137
101,231
53,359
82,640
111,258
97,151
110,267
108,353
46,134
116,472
105,110
101,244
53,314
82,185
111,178
97,137
110,169
108,291
46,171
116,171
105,179
101,175
53,319
82,183
111,165
97,132
110,144
108,319
46,204
116,221
105,134
101,209
53,369
82,218
111,200
97,207
110,190
108,298
46,299
116,212
105,78
101,328
53,358
82,211
111,155
97,176
110,110
108,293
46,147
116,182
105,144
101,203
53,312
82,195
111,173
97,192
110,115
108,299
46,193
116,183
105,146
101,215
53,336
82,216
111,187
97,187
110,119
108,349
46,225
116,179
105,146
101,181
53,321
82,195
111,183
97,207
110,142
108,652
46,304
116,168
105,207
101,168
53,380
82,210
111,184
97,271
110,167
108,381
46,219
116,190
105,162
101,234
53,322
82,224
111,174
97,156
110,143
108,319
46,136
116,187
105,156
101,220
53,327
82,229
111,170
97,189
110,134
108,312
46,176
116,169
105,122
101,242
53,278
82,228
111,170
97,175
110,144
108,326
46,155
116,202
105,145
101,148
53,338
82,222
111,151
97,210
110,124
108,339
46,193
116,151
105,219
101,273
53,305
82,231
111,193
97,169
110,165
108,302
46,126
116,205
105,159
101,276
53,323
82,273
111,149
97,214
110,171
108,343
46,144
116,215
105,503
101,236
53,348
82,235
111,180
97,179
110,145
108,289
46,155
116,209
105,157
101,246
53,312
82,225
111,171
97,197
110,136
108,302
46,165
116,179
105,188
101,180
53,354
82,232
111,201
97,162
110,149
108,339
46,159
116,264
105,169
101,270
53,289
82,211
111,170
97,188
110,126
108,304
46,174
116,226
105,86
101,308
53,580
82,360
111,191
97,238
110,81
108,368
46,170
116,151
105,159
101,228
53,293
82,219
111,194
97,189
110,101
108,295
46,211
116,225
105,202
101,272
53,302
82,225
111,223
97,191
110,208
108,304
46,162
116,243
105,110
101,266
53,268
82,238
111,210
97,205
110,280
108,299
46,175
116,195
105,134
101,290
53,328
82,234
111,185
97,205
110,247
108,302
46,406
116,192
105,163
101,246
53,261
82,203
111,163
97,180
110,88
108,301
46,228
116,300
105,188
101,331
53,285
82,229
111,179
97,180
110,109
108,261
46,189
116,186
105,206
101,252
53,298
82,228
111,169
97,206
110,142
108,350
46,192
116,202
105,145
101,217
53,329
82,212
111,234
97,167
110,176
108,323
46,199
116,186
105,170
101,170
53,321
82,223
111,170
97,200
110,106
108,357
46,242
116,120
105,255
101,328
53,405
82,289
111,208
97,168
110,147
108,308
46,201
116,280
105,170
101,291
53,315
82,201
111,182
97,162
110,156
108,322
46,456
116,205
105,155
101,267
53,300
82,207
111,185
97,167
110,133
108,279
46,181
116,209
105,154
101,187
53,357
82,237
111,181
97,191
110,83
108,297
46,179
116,207
105,176
101,214
53,407
82,296
111,201
97,191
110,128
108,315
46,209
116,183
105,170
101,652
53,423
82,256
111,143
97,300
110,271
108,259
46,177
116,191
105,128
101,176
53,346
82,243
111,183
97,213
110,101
108,324
46,140
116,239
105,121
101,238
53,289
82,246
111,201
97,231
110,46
108,470
46,169
116,203
105,109
101,146
53,355
82,236
111,166
97,187
110,92
108,354
46,134
116,250
105,90
101,271
53,334
82,190
111,195
97,179
110,138
108,309
46,198
116,205
105,160
101,233
53,493
82,258
111,173
97,190
110,92
108,353
46,193
116,196
105,151
101,773
53,697
82,359
111,217
97,199
110,93
108,368
46,156
116,238
105,170
101,215
53,339
82,301
111,301
97,260
110,214
108,305
46,128
116,205
105,155
101,210
53,342
82,210
111,175
97,152
110,190
108,365
46,212
116,213
105,118
101,294
53,292
82,244
111,170
97,208
110,200
108,305
46,221
116,190
105,188
101,158
53,370
82,233
111,183
97,170
110,127
108,289
46,190
116,209
105,181
101,273
53,396
82,281
111,187
97,175
110,192
108,280
