546,47
274,17
338,34
1330,14
1720,23
865,56
315,15
283,31
444,0
484,45
74,36
456,47
197,17
226,34
1279,14
851,23
944,56
275,15
397,31
378,0
359,45
74,36
339,47
202,17
236,34
1121,14
709,23
864,56
429,15
395,31
387,0
393,45
94,36
380,47
355,17
307,34
1145,14
1347,23
900,56
248,15
308,31
320,0
407,45
81,36
356,47
257,17
249,34
943,14
969,23
887,56
240,15
289,31
340,0
341,45
81,36
373,47
211,17
215,34
1023,14
1183,23
539,56
244,15
280,31
338,0
376,45
59,36
313,47
223,17
220,34
875,14
1285,23
403,56
263,15
252,31
278,0
378,45
89,36
273,47
219,17
211,34
722,14
1324,23
419,56
205,15
236,31
294,0
378,45
67,36
276,47
206,17
226,34
811,14
1020,23
328,56
237,15
266,31
292,0
375,45
63,36
290,47
218,17
200,34
836,14
889,23
427,56
290,15
262,31
348,0
439,45
86,36
254,47
243,17
222,34
761,14
895,23
443,56
269,15
218,31
492,0
382,45
79,36
243,47
234,17
212,34
998,14
819,23
561,56
316,15
295,31
295,0
334,45
77,36
273,47
244,17
214,34
773,14
1204,23
463,56
313,15
298,31
404,0
410,45
48,36
277,47
272,17
244,34
978,14
852,23
535,56
529,15
316,31
356,0
507,45
31,36
373,47
228,17
235,34
1446,14
1149,23
783,56
342,15
251,31
294,0
1233,45
130,36
310,47
229,17
266,34
680,14
882,23
332,56
295,15
285,31
272,0
358,45
63,36
281,47
222,17
217,34
921,14
968,23
485,56
253,15
282,31
286,0
343,45
77,36
281,47
217,17
251,34
852,14
766,23
617,56
230,15
195,31
271,0
414,45
81,36
341,47
271,17
272,34
860,14
656,23
396,56
272,15
103,31
368,0
746,45
87,36
280,47
214,17
233,34
688,14
825,23
363,56
337,15
402,31
812,0
436,45
78,36
239,47
249,17
229,34
791,14
667,23
342,56
327,15
302,31
282,0
338,45
87,36
328,47
207,17
248,34
842,14
643,23
372,56
233,15
263,31
285,0
358,45
82,36
308,47
233,17
238,34
938,14
600,23
406,56
235,15
252,31
334,0
535,45
70,36
326,47
257,17
204,34
940,14
672,23
384,56
370,15
272,31
335,0
390,45
82,36
266,47
241,17
224,34
708,14
833,23
476,56
363,15
362,31
670,0
407,45
92,36
260,47
231,17
218,34
1248,14
759,23
537,56
270,15
574,31
446,0
365,45
107,36
322,47
226,17
230,34
716,14
596,23
327,56
332,15
355,31
796,0
434,45
59,36
260,47
199,17
225,34
722,14
865,23
318,56
171,15
288,31
355,0
504,45
87,36
292,47
217,17
222,34
960,14
739,23
480,56
289,15
332,31
302,0
565,45
92,36
255,47
255,17
192,34
739,14
588,23
379,56
200,15
331,31
433,0
412,45
102,36
329,47
316,17
294,34
880,14
501,23
447,56
235,15
304,31
294,0
375,45
57,36
290,47
206,17
236,34
1158,14
675,23
375,56
219,15
308,31
344,0
543,45
71,36
385,47
208,17
239,34
813,14
587,23
355,56
272,15
285,31
293,0
385,45
59,36
333,47
209,17
213,34
722,14
895,23
673,56
246,15
484,31
446,0
413,45
54,36
318,47
238,17
244,34
977,14
488,23
334,56
195,15
334,31
371,0
355,45
73,36
319,47
227,17
225,34
857,14
941,23
366,56
177,15
264,31
317,0
647,45
66,36
707,47
278,17
237,34
802,14
740,23
338,56
227,15
408,31
372,0
326,45
102,36
304,47
225,17
258,34
1155,14
487,23
434,56
194,15
306,31
302,0
401,45
83,36
307,47
235,17
226,34
771,14
480,23
269,56
181,15
319,31
388,0
386,45
73,36
330,47
220,17
253,34
989,14
654,23
366,56
260,15
328,31
363,0
415,45
79,36
334,47
229,17
199,34
850,14
548,23
313,56
198,15
306,31
309,0
404,45
76,36
238,47
255,17
249,34
1137,14
542,23
300,56
186,15
320,31
326,0
354,45
80,36
319,47
235,17
215,34
717,14
539,23
302,56
188,15
377,31
399,0
414,45
104,36
315,47
231,17
219,34
1113,14
503,23
928,56
407,15
402,31
415,0
467,45
58,36
418,47
276,17
305,34
962,14
596,23
399,56
243,15
362,31
355,0
601,45
76,36
304,47
211,17
247,34
872,14
565,23
451,56
236,15
290,31
320,0
370,45
88,36
340,47
273,17
220,34
1354,14
847,23
391,56
305,15
391,31
336,0
371,45
77,36
577,47
256,17
270,34
723,14
512,23
388,56
230,15
308,31
294,0
385,45
83,36
332,47
244,17
222,34
864,14
586,23
338,56
191,15
340,31
280,0
311,45
91,36
334,47
305,17
261,34
1403,14
867,23
383,56
219,15
305,31
319,0
392,45
94,36
607,47
223,17
298,34
1535,14
1053,23
391,56
291,15
304,31
270,0
438,45
86,36
343,47
163,17
186,34
709,14
874,23
336,56
221,15
241,31
237,0
329,45
72,36
293,47
217,17
219,34
964,14
774,23
466,56
200,15
214,31
263,0
304,45
69,36
295,47
197,17
194,34
664,14
931,23
392,56
276,15
244,31
258,0
335,45
74,36
295,47
203,17
210,34
648,14
526,23
296,56
158,15
217,31
228,0
313,45
79,36
204,47
202,17
321,34
947,14
510,23
280,56
213,15
216,31
240,0
386,45
85,36
265,47
156,17
249,34
721,14
524,23
291,56
226,15
156,31
322,0
426,45
76,36
265,47
219,17
241,34
847,14
777,23
270,56
249,15
181,31
257,0
400,45
85,36
258,47
255,17
171,34
776,14
527,23
286,56
226,15
290,31
286,0
376,45
78,36
293,47
232,17
176,34
589,14
811,23
299,56
517,15
454,31
419,0
390,45
57,36
327,47
354,17
238,34
873,14
504,23
294,56
220,15
322,31
330,0
352,45
86,36
310,47
224,17
216,34
678,14
546,23
381,56
340,15
309,31
298,0
334,45
78,36
354,47
224,17
268,34
922,14
508,23
352,56
316,15
314,31
270,0
309,45
65,36
316,47
208,17
251,34
1518,14
525,23
344,56
300,15
237,31
241,0
393,45
87,36
319,47
229,17
215,34
797,14
562,23
420,56
297,15
255,31
259,0
289,45
70,36
264,47
227,17
202,34
865,14
554,23
328,56
282,15
248,31
267,0
286,45
91,36
274,47
231,17
192,34
735,14
613,23
508,56
349,15
266,31
249,0
330,45
77,36
252,47
219,17
216,34
952,14
720,23
492,56
464,15
282,31
307,0
320,45
80,36
309,47
204,17
234,34
985,14
551,23
438,56
284,15
280,31
237,0
431,45
102,36
304,47
203,17
204,34
922,14
455,23
459,56
255,15
275,31
228,0
337,45
66,36
327,47
186,17
211,34
775,14
459,23
347,56
248,15
262,31
231,0
310,45
77,36
310,47
184,17
218,34
608,14
517,23
294,56
220,15
255,31
225,0
283,45
83,36
344,47
273,17
280,34
859,14
474,23
298,56
235,15
223,31
236,0
327,45
84,36
276,47
257,17
192,34
684,14
423,23
332,56
268,15
225,31
235,0
303,45
79,36
259,47
231,17
195,34
628,14
487,23
284,56
224,15
221,31
240,0
294,45
88,36
292,47
247,17
202,34
649,14
488,23
269,56
234,15
234,31
236,0
1364,45
130,36
304,47
218,17
218,34
789,14
469,23
333,56
232,15
225,31
267,0
367,45
80,36
322,47
210,17
204,34
729,14
450,23
279,56
238,15
225,31
247,0
341,45
82,36
310,47
229,17
242,34
711,14
500,23
282,56
275,15
233,31
244,0
323,45
85,36
253,47
209,17
207,34
588,14
552,23
311,56
234,15
228,31
228,0
304,45
101,36
294,47
252,17
189,34
592,14
520,23
246,56
256,15
206,31
225,0
330,45
77,36
310,47
240,17
217,34
895,14
497,23
316,56
255,15
239,31
227,0
293,45
90,36
290,47
222,17
209,34
639,14
576,23
357,56
215,15
246,31
250,0
346,45
78,36
274,47
222,17
201,34
668,14
536,23
339,56
251,15
232,31
238,0
306,45
87,36
251,47
236,17
216,34
832,14
472,23
249,56
229,15
228,31
250,0
370,45
92,36
270,47
242,17
253,34
910,14
567,23
504,56
284,15
241,31
263,0
375,45
83,36
267,47
216,17
208,34
922,14
441,23
361,56
346,15
257,31
260,0
293,45
91,36
260,47
203,17
214,34
691,14
479,23
388,56
210,15
278,31
255,0
368,45
94,36
283,47
213,17
202,34
595,14
502,23
275,56
239,15
264,31
253,0
309,45
93,36
285,47
228,17
201,34
526,14
514,23
275,56
226,15
226,31
232,0
294,45
76,36
325,47
265,17
183,34
549,14
484,23
284,56
223,15
214,31
237,0
322,45
73,36
466,47
222,17
290,34
824,14
576,23
290,56
163,15
254,31
241,0
325,45
81,36
265,47
230,17
197,34
549,14
1038,23
371,56
227,15
228,31
225,0
320,45
81,36
232,47
209,17
186,34
558,14
457,23
291,56
197,15
233,31
250,0
302,45
83,36
287,47
217,17
193,34
555,14
515,23
300,56
309,15
239,31
247,0
302,45
76,36
283,47
232,17
217,34
596,14
501,23
524,56
256,15
258,31
260,0
299,45
75,36
276,47
205,17
223,34
711,14
453,23
299,56
248,15
234,31
271,0
306,45
94,36
294,47
222,17
229,34
574,14
513,23
323,56
256,15
199,31
286,0
428,45
106,36
397,47
267,17
222,34
622,14
441,23
393,56
236,15
242,31
244,0
306,45
82,36
255,47
244,17
198,34
583,14
478,23
404,56
246,15
244,31
252,0
289,45
79,36
674,47
382,17
262,34
952,14
558,23
350,56
233,15
280,31
279,0
331,45
72,36
295,47
193,17
189,34
852,14
533,23
363,56
213,15
220,31
235,0
329,45
72,36
334,47
164,17
186,34
791,14
438,23
297,56
255,15
246,31
262,0
474,45
95,36
264,47
175,17
179,34
500,14
476,23
269,56
173,15
211,31
226,0
282,45
58,36
340,47
217,17
167,34
573,14
394,23
337,56
252,15
249,31
261,0
303,45
67,36
335,47
218,17
169,34
599,14
449,23
273,56
225,15
227,31
262,0
278,45
74,36
286,47
210,17
180,34
510,14
1800,23
352,56
256,15
217,31
251,0
316,45
71,36
251,47
214,17
187,34
585,14
474,23
313,56
197,15
211,31
201,0
271,45
61,36
239,47
230,17
185,34
650,14
461,23
348,56
236,15
216,31
277,0
389,45
98,36
612,47
264,17
155,34
488,14
425,23
265,56
191,15
198,31
223,0
313,45
76,36
286,47
236,17
208,34
522,14
403,23
273,56
232,15
179,31
211,0
281,45
68,36
286,47
216,17
171,34
446,14
481,23
319,56
273,15
184,31
248,0
324,45
70,36
591,47
369,17
174,34
577,14
451,23
391,56
412,15
264,31
252,0
336,45
78,36
283,47
230,17
301,34
742,14
445,23
309,56
271,15
201,31
244,0
339,45
61,36
327,47
250,17
198,34
510,14
433,23
243,56
216,15
174,31
266,0
405,45
98,36
269,47
261,17
187,34
754,14
465,23
277,56
225,15
183,31
251,0
329,45
46,36
294,47
246,17
229,34
659,14
447,23
317,56
290,15
310,31
272,0
287,45
73,36
187,47
268,17
172,34
638,14
517,23
254,56
261,15
192,31
288,0
524,45
122,36
316,47
234,17
201,34
516,14
488,23
266,56
239,15
225,31
301,0
308,45
88,36
235,47
239,17
177,34
542,14
630,23
432,56
446,15
312,31
267,0
358,45
98,36
263,47
282,17
1084,34
809,14
432,23
268,56
215,15
193,31
253,0
326,45
91,36
232,47
239,17
483,34
594,14
443,23
270,56
212,15
185,31
236,0
294,45
90,36
246,47
248,17
219,34
833,14
560,23
285,56
211,15
213,31
262,0
324,45
64,36
736,47
345,17
218,34
590,14
405,23
238,56
212,15
189,31
260,0
347,45
87,36
263,47
242,17
244,34
523,14
481,23
246,56
205,15
217,31
261,0
335,45
96,36
238,47
252,17
147,34
770,14
539,23
251,56
226,15
190,31
245,0
324,45
77,36
260,47
179,17
193,34
540,14
465,23
208,56
234,15
204,31
291,0
356,45
81,36
239,47
257,17
197,34
572,14
488,23
218,56
260,15
193,31
339,0
382,45
83,36
198,47
270,17
111,34
765,14
482,23
240,56
266,15
255,31
292,0
348,45
85,36
222,47
289,17
176,34
508,14
561,23
300,56
231,15
268,31
278,0
328,45
77,36
222,47
241,17
196,34
588,14
528,23
259,56
234,15
194,31
304,0
313,45
82,36
198,47
292,17
168,34
506,14
505,23
207,56
264,15
225,31
256,0
289,45
92,36
304,47
257,17
197,34
691,14
447,23
321,56
215,15
244,31
277,0
308,45
74,36
257,47
233,17
161,34
500,14
989,23
366,56
219,15
240,31
230,0
343,45
78,36
210,47
237,17
164,34
506,14
491,23
278,56
270,15
252,31
332,0
345,45
59,36
226,47
309,17
143,34
713,14
462,23
222,56
247,15
222,31
187,0
320,45
74,36
221,47
351,17
212,34
1012,14
444,23
253,56
253,15
224,31
261,0
390,45
99,36
228,47
305,17
252,34
489,14
527,23
454,56
274,15
264,31
268,0
312,45
80,36
370,47
256,17
196,34
553,14
497,23
263,56
217,15
221,31
268,0
302,45
65,36
211,47
279,17
179,34
686,14
572,23
317,56
239,15
261,31
259,0
301,45
76,36
278,47
337,17
379,34
732,14
443,23
329,56
282,15
221,31
272,0
366,45
104,36
284,47
277,17
185,34
484,14
524,23
283,56
220,15
229,31
242,0
304,45
75,36
224,47
294,17
196,34
541,14
549,23
298,56
224,15
231,31
245,0
319,45
59,36
270,47
271,17
175,34
541,14
529,23
276,56
248,15
221,31
258,0
338,45
78,36
271,47
319,17
223,34
623,14
509,23
317,56
322,15
250,31
292,0
324,45
89,36
256,47
346,17
271,34
614,14
426,23
277,56
254,15
172,31
291,0
321,45
95,36
244,47
258,17
186,34
443,14
502,23
323,56
237,15
210,31
259,0
291,45
68,36
251,47
229,17
205,34
479,14
556,23
372,56
321,15
274,31
269,0
356,45
83,36
244,47
291,17
282,34
628,14
487,23
310,56
246,15
217,31
264,0
319,45
85,36
235,47
251,17
211,34
490,14
517,23
316,56
243,15
215,31
276,0
305,45
80,36
309,47
153,17
180,34
542,14
428,23
302,56
212,15
180,31
289,0
307,45
54,36
263,47
195,17
200,34
469,14
489,23
356,56
217,15
211,31
277,0
283,45
61,36
264,47
224,17
199,34
513,14
467,23
277,56
209,15
180,31
245,0
288,45
75,36
272,47
198,17
213,34
565,14
434,23
247,56
248,15
149,31
279,0
289,45
60,36
235,47
221,17
156,34
504,14
503,23
337,56
222,15
190,31
302,0
287,45
65,36
238,47
197,17
193,34
529,14
422,23
242,56
210,15
151,31
302,0
352,45
76,36
267,47
204,17
185,34
500,14
500,23
342,56
255,15
126,31
370,0
374,45
68,36
308,47
189,17
224,34
679,14
663,23
330,56
294,15
91,31
299,0
393,45
90,36
253,47
151,17
205,34
416,14
454,23
245,56
295,15
278,31
397,0
359,45
66,36
205,47
230,17
198,34
582,14
416,23
291,56
236,15
200,31
263,0
394,45
100,36
245,47
217,17
192,34
714,14
485,23
339,56
258,15
173,31
273,0
308,45
72,36
270,47
180,17
184,34
485,14
528,23
293,56
257,15
149,31
364,0
365,45
60,36
169,47
242,17
168,34
534,14
517,23
243,56
294,15
177,31
366,0
330,45
80,36
220,47
253,17
126,34
637,14
466,23
256,56
302,15
276,31
290,0
285,45
87,36
210,47
204,17
180,34
512,14
406,23
239,56
331,15
303,31
325,0
322,45
73,36
230,47
256,17
156,34
594,14
383,23
260,56
283,15
229,31
281,0
307,45
84,36
211,47
271,17
156,34
550,14
415,23
273,56
262,15
254,31
286,0
303,45
66,36
152,47
338,17
193,34
566,14
471,23
339,56
275,15
257,31
299,0
279,45
82,36
261,47
194,17
210,34
484,14
424,23
291,56
270,15
242,31
304,0
330,45
84,36
273,47
234,17
201,34
595,14
404,23
301,56
231,15
195,31
289,0
306,45
83,36
164,47
273,17
136,34
496,14
510,23
302,56
225,15
229,31
289,0
335,45
67,36
191,47
291,17
182,34
603,14
385,23
305,56
224,15
205,31
268,0
280,45
76,36
242,47
226,17
179,34
482,14
668,23
354,56
261,15
230,31
283,0
286,45
68,36
218,47
229,17
136,34
399,14
438,23
247,56
251,15
139,31
286,0
251,45
54,36
148,47
272,17
136,34
416,14
507,23
241,56
247,15
287,31
302,0
334,45
61,36
192,47
219,17
100,34
570,14
427,23
239,56
221,15
216,31
285,0
333,45
75,36
188,47
220,17
140,34
473,14
393,23
230,56
230,15
178,31
671,0
464,45
99,36
186,47
321,17
112,34
594,14
466,23
291,56
234,15
249,31
288,0
329,45
72,36
301,47
231,17
198,34
591,14
401,23
251,56
222,15
183,31
298,0
366,45
71,36
219,47
239,17
132,34
676,14
434,23
278,56
233,15
280,31
299,0
328,45
77,36
197,47
301,17
160,34
608,14
461,23
254,56
239,15
259,31
300,0
329,45
84,36
211,47
267,17
124,34
552,14
429,23
225,56
244,15
234,31
283,0
328,45
69,36
174,47
369,17
136,34
734,14
436,23
240,56
201,15
236,31
265,0
360,45
95,36
242,47
265,17
174,34
458,14
485,23
280,56
235,15
237,31
274,0
304,45
60,36
158,47
256,17
144,34
427,14
431,23
282,56
240,15
231,31
300,0
324,45
59,36
209,47
268,17
157,34
435,14
493,23
258,56
222,15
225,31
281,0
308,45
57,36
290,47
239,17
202,34
416,14
506,23
299,56
274,15
218,31
260,0
305,45
84,36
236,47
227,17
196,34
487,14
437,23
219,56
237,15
170,31
291,0
291,45
83,36
237,47
247,17
182,34
519,14
510,23
297,56
210,15
177,31
253,0
288,45
90,36
265,47
239,17
250,34
523,14
466,23
245,56
277,15
247,31
299,0
309,45
97,36
260,47
265,17
170,34
416,14
458,23
270,56
229,15
270,31
269,0
287,45
80,36
297,47
230,17
193,34
567,14
381,23
254,56
216,15
212,31
262,0
273,45
80,36
252,47
219,17
189,34
371,14
505,23
358,56
257,15
250,31
254,0
302,45
77,36
254,47
227,17
191,34
377,14
447,23
287,56
239,15
244,31
291,0
366,45
69,36
249,47
237,17
173,34
348,14
527,23
914,56
232,15
213,31
266,0
301,45
72,36
254,47
241,17
216,34
451,14
454,23
251,56
209,15
216,31
277,0
288,45
77,36
239,47
245,17
185,34
332,14
964,23
384,56
206,15
225,31
255,0
277,45
75,36
243,47
232,17
215,34
352,14
959,23
261,56
238,15
203,31
299,0
315,45
82,36
266,47
220,17
184,34
309,14
762,23
338,56
231,15
190,31
244,0
296,45
86,36
260,47
225,17
195,34
362,14
546,23
371,56
273,15
212,31
356,0
330,45
97,36
272,47
156,17
171,34
494,14
394,23
291,56
140,15
214,31
224,0
249,45
51,36
245,47
183,17
176,34
420,14
414,23
255,56
170,15
212,31
226,0
267,45
46,36
203,47
196,17
175,34
536,14
1217,23
243,56
170,15
147,31
227,0
220,45
43,36
203,47
187,17
173,34
386,14
393,23
296,56
181,15
161,31
259,0
246,45
25,36
224,47
191,17
162,34
416,14
401,23
304,56
168,15
196,31
258,0
264,45
43,36
240,47
212,17
168,34
537,14
408,23
250,56
200,15
157,31
230,0
236,45
59,36
245,47
195,17
161,34
482,14
418,23
277,56
184,15
186,31
238,0
263,45
53,36
241,47
195,17
195,34
356,14
445,23
297,56
213,15
158,31
258,0
235,45
50,36
241,47
211,17
180,34
475,14
402,23
254,56
235,15
129,31
259,0
302,45
63,36
274,47
122,17
216,34
472,14
414,23
257,56
251,15
112,31
317,0
318,45
62,36
185,47
227,17
150,34
357,14
477,23
269,56
182,15
172,31
245,0
255,45
65,36
288,47
204,17
172,34
834,14
412,23
329,56
316,15
139,31
341,0
298,45
83,36
390,47
211,17
184,34
430,14
499,23
255,56
236,15
117,31
253,0
263,45
62,36
183,47
178,17
160,34
282,14
523,23
277,56
222,15
106,31
247,0
287,45
63,36
247,47
176,17
152,34
669,14
412,23
267,56
225,15
156,31
366,0
269,45
62,36
150,47
237,17
134,34
571,14
405,23
286,56
219,15
152,31
269,0
284,45
72,36
207,47
204,17
147,34
350,14
745,23
232,56
214,15
172,31
264,0
294,45
64,36
259,47
252,17
242,34
627,14
458,23
241,56
224,15
120,31
301,0
237,45
73,36
136,47
278,17
100,34
582,14
474,23
324,56
199,15
209,31
255,0
241,45
68,36
124,47
297,17
123,34
378,14
634,23
270,56
249,15
161,31
814,0
340,45
71,36
193,47
212,17
132,34
583,14
396,23
276,56
292,15
236,31
281,0
321,45
56,36
225,47
197,17
143,34
297,14
492,23
364,56
394,15
245,31
262,0
274,45
73,36
191,47
220,17
135,34
309,14
529,23
306,56
223,15
192,31
267,0
280,45
71,36
197,47
174,17
161,34
306,14
733,23
246,56
260,15
126,31
311,0
392,45
109,36
227,47
205,17
197,34
478,14
441,23
253,56
273,15
105,31
713,0
315,45
79,36
240,47
209,17
121,34
542,14
458,23
256,56
256,15
309,31
289,0
776,45
106,36
214,47
179,17
172,34
423,14
448,23
225,56
257,15
211,31
273,0
272,45
48,36
177,47
199,17
137,34
292,14
781,23
240,56
241,15
285,31
282,0
259,45
83,36
227,47
190,17
154,34
462,14
438,23
192,56
258,15
250,31
258,0
251,45
77,36
243,47
158,17
532,34
619,14
536,23
266,56
175,15
206,31
253,0
268,45
72,36
237,47
212,17
162,34
454,14
444,23
217,56
234,15
193,31
247,0
258,45
68,36
215,47
218,17
162,34
640,14
421,23
204,56
243,15
238,31
271,0
301,45
73,36
184,47
253,17
118,34
305,14
549,23
360,56
187,15
264,31
249,0
288,45
73,36
246,47
207,17
196,34
747,14
617,23
367,56
218,15
257,31
254,0
435,45
65,36
238,47
214,17
191,34
568,14
408,23
247,56
285,15
222,31
272,0
295,45
73,36
208,47
237,17
141,34
551,14
425,23
288,56
229,15
219,31
272,0
339,45
85,36
243,47
227,17
151,34
563,14
407,23
286,56
247,15
214,31
297,0
311,45
76,36
210,47
264,17
161,34
331,14
515,23
325,56
202,15
248,31
268,0
311,45
75,36
201,47
266,17
124,34
536,14
445,23
283,56
251,15
211,31
268,0
289,45
70,36
176,47
273,17
180,34
391,14
531,23
283,56
214,15
215,31
240,0
296,45
59,36
212,47
219,17
206,34
474,14
428,23
231,56
203,15
195,31
263,0
291,45
51,36
315,47
231,17
228,34
380,14
476,23
272,56
234,15
229,31
251,0
296,45
66,36
293,47
229,17
131,34
585,14
406,23
306,56
219,15
182,31
257,0
273,45
80,36
161,47
278,17
80,34
574,14
483,23
217,56
232,15
188,31
243,0
255,45
61,36
200,47
237,17
143,34
363,14
748,23
255,56
266,15
237,31
256,0
293,45
82,36
153,47
504,17
263,34
443,14
994,23
352,56
254,15
215,31
241,0
281,45
83,36
231,47
229,17
170,34
319,14
476,23
293,56
265,15
157,31
330,0
350,45
79,36
214,47
246,17
179,34
295,14
490,23
288,56
265,15
103,31
391,0
385,45
106,36
208,47
251,17
220,34
351,14
504,23
251,56
227,15
129,31
295,0
327,45
72,36
229,47
215,17
170,34
378,14
490,23
216,56
226,15
180,31
242,0
296,45
59,36
242,47
178,17
133,34
438,14
439,23
240,56
215,15
201,31
221,0
297,45
65,36
245,47
178,17
170,34
422,14
399,23
289,56
198,15
181,31
227,0
258,45
49,36
204,47
187,17
183,34
419,14
425,23
292,56
202,15
168,31
248,0
258,45
65,36
210,47
181,17
147,34
396,14
421,23
243,56
198,15
190,31
219,0
373,45
65,36
181,47
210,17
185,34
379,14
468,23
227,56
225,15
139,31
397,0
365,45
70,36
230,47
190,17
172,34
753,14
440,23
218,56
249,15
177,31
269,0
275,45
63,36
171,47
217,17
144,34
433,14
415,23
237,56
240,15
287,31
266,0
279,45
93,36
210,47
223,17
156,34
352,14
440,23
190,56
237,15
157,31
217,0
246,45
69,36
234,47
195,17
150,34
273,14
503,23
310,56
201,15
198,31
223,0
268,45
77,36
204,47
188,17
214,34
445,14
372,23
218,56
221,15
114,31
287,0
289,45
58,36
178,47
229,17
151,34
303,14
631,23
220,56
238,15
182,31
311,0
322,45
67,36
201,47
198,17
152,34
684,14
560,23
280,56
214,15
212,31
249,0
239,45
87,36
202,47
204,17
134,34
309,14
510,23
307,56
235,15
170,31
234,0
266,45
69,36
210,47
188,17
154,34
706,14
548,23
343,56
219,15
175,31
236,0
229,45
80,36
285,47
154,17
183,34
323,14
407,23
207,56
264,15
135,31
311,0
284,45
74,36
195,47
193,17
169,34
400,14
424,23
186,56
275,15
185,31
263,0
267,45
80,36
177,47
214,17
144,34
364,14
451,23
205,56
271,15
223,31
234,0
229,45
71,36
95,47
413,17
111,34
519,14
429,23
221,56
218,15
159,31
262,0
256,45
67,36
170,47
227,17
151,34
398,14
395,23
251,56
237,15
123,31
252,0
240,45
71,36
213,47
194,17
177,34
351,14
387,23
230,56
254,15
258,31
226,0
269,45
86,36
183,47
229,17
235,34
587,14
392,23
234,56
223,15
244,31
239,0
262,45
82,36
176,47
213,17
86,34
277,14
620,23
318,56
221,15
189,31
234,0
236,45
74,36
215,47
177,17
150,34
305,14
443,23
226,56
211,15
176,31
239,0
255,45
68,36
148,47
198,17
160,34
328,14
456,23
267,56
259,15
140,31
511,0
286,45
85,36
223,47
212,17
150,34
329,14
425,23
205,56
208,15
171,31
250,0
239,45
79,36
209,47
194,17
145,34
269,14
406,23
353,56
264,15
189,31
271,0
246,45
71,36
228,47
187,17
162,34
373,14
367,23
190,56
253,15
256,31
237,0
264,45
77,36
216,47
243,17
125,34
557,14
407,23
203,56
240,15
148,31
250,0
242,45
82,36
180,47
215,17
147,34
412,14
435,23
249,56
210,15
178,31
236,0
235,45
76,36
183,47
205,17
137,34
677,14
387,23
240,56
234,15
152,31
274,0
264,45
78,36
180,47
217,17
146,34
316,14
464,23
252,56
208,15
189,31
483,0
349,45
69,36
217,47
213,17
154,34
336,14
437,23
227,56
227,15
175,31
300,0
235,45
70,36
179,47
219,17
128,34
365,14
436,23
202,56
309,15
479,31
344,0
273,45
91,36
211,47
204,17
166,34
428,14
413,23
185,56
248,15
153,31
294,0
264,45
86,36
199,47
201,17
156,34
416,14
434,23
175,56
249,15
235,31
283,0
355,45
78,36
160,47
216,17
165,34
323,14
389,23
286,56
250,15
258,31
255,0
297,45
70,36
208,47
203,17
131,34
307,14
474,23
240,56
216,15
215,31
273,0
268,45
77,36
197,47
188,17
179,34
319,14
386,23
293,56
196,15
222,31
231,0
271,45
74,36
199,47
222,17
134,34
402,14
437,23
253,56
239,15
280,31
259,0
303,45
104,36
271,47
215,17
170,34
359,14
381,23
206,56
219,15
178,31
232,0
245,45
62,36
222,47
186,17
185,34
409,14
437,23
240,56
223,15
237,31
223,0
268,45
78,36
195,47
230,17
139,34
368,14
482,23
354,56
202,15
209,31
269,0
281,45
71,36
220,47
229,17
171,34
365,14
452,23
208,56
239,15
186,31
236,0
276,45
79,36
229,47
214,17
153,34
400,14
439,23
259,56
188,15
246,31
222,0
281,45
83,36
244,47
243,17
231,34
636,14
387,23
243,56
191,15
210,31
250,0
281,45
53,36
225,47
209,17
146,34
428,14
440,23
303,56
193,15
217,31
265,0
269,45
67,36
150,47
249,17
118,34
429,14
457,23
238,56
187,15
228,31
272,0
280,45
73,36
202,47
226,17
150,34
364,14
466,23
231,56
255,15
289,31
279,0
305,45
69,36
244,47
190,17
161,34
392,14
450,23
262,56
180,15
240,31
256,0
274,45
79,36
244,47
222,17
207,34
474,14
521,23
243,56
380,15
233,31
286,0
302,45
57,36
388,47
193,17
182,34
772,14
428,23
292,56
235,15
196,31
279,0
320,45
76,36
309,47
170,17
181,34
523,14
1008,23
489,56
240,15
228,31
244,0
262,45
75,36
241,47
173,17
169,34
388,14
466,23
262,56
239,15
156,31
279,0
260,45
68,36
228,47
196,17
179,34
439,14
535,23
324,56
218,15
162,31
242,0
257,45
71,36
249,47
174,17
183,34
395,14
452,23
312,56
219,15
203,31
273,0
309,45
79,36
191,47
223,17
166,34
347,14
486,23
290,56
254,15
195,31
300,0
274,45
73,36
215,47
182,17
168,34
384,14
504,23
260,56
268,15
227,31
224,0
266,45
80,36
206,47
194,17
179,34
467,14
463,23
243,56
231,15
526,31
426,0
337,45
83,36
327,47
159,17
227,34
468,14
463,23
263,56
215,15
182,31
244,0
306,45
82,36
298,47
151,17
223,34
407,14
458,23
280,56
281,15
184,31
275,0
312,45
103,36
239,47
207,17
176,34
500,14
459,23
298,56
400,15
343,31
292,0
277,45
72,36
249,47
189,17
197,34
540,14
434,23
269,56
241,15
157,31
276,0
337,45
61,36
241,47
189,17
152,34
493,14
493,23
213,56
227,15
219,31
248,0
321,45
62,36
230,47
196,17
159,34
682,14
460,23
303,56
252,15
281,31
291,0
306,45
92,36
216,47
232,17
160,34
369,14
482,23
260,56
209,15
223,31
250,0
293,45
62,36
225,47
184,17
172,34
414,14
480,23
256,56
242,15
222,31
263,0
310,45
87,36
377,47
273,17
224,34
467,14
480,23
240,56
299,15
160,31
321,0
298,45
81,36
335,47
187,17
288,34
705,14
410,23
213,56
290,15
91,31
274,0
350,45
81,36
250,47
165,17
192,34
371,14
426,23
221,56
249,15
182,31
267,0
262,45
72,36
246,47
216,17
190,34
365,14
463,23
239,56
271,15
166,31
270,0
279,45
83,36
247,47
215,17
159,34
385,14
464,23
242,56
236,15
221,31
263,0
353,45
100,36
252,47
170,17
231,34
422,14
466,23
238,56
231,15
183,31
282,0
244,45
80,36
354,47
198,17
200,34
380,14
457,23
232,56
233,15
262,31
680,0
378,45
96,36
304,47
192,17
185,34
452,14
463,23
243,56
218,15
211,31
285,0
331,45
83,36
252,47
232,17
116,34
411,14
468,23
304,56
237,15
201,31
274,0
309,45
78,36
261,47
196,17
200,34
360,14
454,23
225,56
245,15
210,31
279,0
302,45
90,36
242,47
263,17
97,34
640,14
493,23
214,56
246,15
247,31
270,0
289,45
79,36
312,47
195,17
212,34
484,14
493,23
203,56
291,15
210,31
286,0
320,45
71,36
227,47
217,17
183,34
364,14
452,23
247,56
265,15
233,31
297,0
304,45
83,36
238,47
214,17
120,34
432,14
511,23
237,56
299,15
242,31
593,0
378,45
99,36
294,47
196,17
182,34
354,14
524,23
299,56
196,15
300,31
295,0
382,45
79,36
283,47
217,17
181,34
362,14
485,23
273,56
257,15
300,31
303,0
355,45
83,36
228,47
245,17
131,34
389,14
508,23
268,56
273,15
216,31
272,0
312,45
82,36
253,47
202,17
211,34
486,14
500,23
255,56
240,15
228,31
285,0
331,45
72,36
238,47
207,17
133,34
616,14
520,23
226,56
242,15
269,31
327,0
377,45
96,36
339,47
217,17
204,34
561,14
441,23
232,56
234,15
204,31
273,0
317,45
93,36
419,47
205,17
628,34
700,14
566,23
231,56
224,15
193,31
293,0
311,45
83,36
243,47
229,17
228,34
444,14
473,23
226,56
243,15
179,31
311,0
329,45
115,36
264,47
232,17
145,34
442,14
548,23
239,56
286,15
142,31
318,0
296,45
112,36
230,47
253,17
154,34
497,14
510,23
225,56
219,15
226,31
265,0
306,45
91,36
268,47
251,17
168,34
446,14
543,23
209,56
319,15
176,31
575,0
461,45
83,36
86,47
578,17
506,34
430,14
648,23
201,56
255,15
225,31
554,0
383,45
75,36
237,47
243,17
205,34
408,14
478,23
223,56
263,15
210,31
286,0
306,45
81,36
179,47
244,17
153,34
699,14
559,23
257,56
225,15
187,31
270,0
317,45
55,36
247,47
206,17
166,34
409,14
501,23
248,56
244,15
220,31
275,0
301,45
74,36
223,47
255,17
143,34
439,14
576,23
236,56
223,15
247,31
265,0
352,45
72,36
248,47
201,17
192,34
361,14
599,23
288,56
232,15
270,31
282,0
344,45
83,36
230,47
225,17
169,34
415,14
500,23
294,56
250,15
272,31
268,0
366,45
85,36
234,47
232,17
193,34
361,14
413,23
242,56
238,15
223,31
255,0
337,45
84,36
242,47
200,17
175,34
454,14
464,23
244,56
228,15
246,31
250,0
304,45
107,36
496,47
366,17
266,34
649,14
540,23
391,56
220,15
350,31
423,0
342,45
102,36
412,47
324,17
200,34
588,14
573,23
376,56
238,15
338,31
380,0
392,45
105,36
319,47
216,17
206,34
495,14
796,23
433,56
233,15
370,31
271,0
465,45
109,36
567,47
318,17
228,34
545,14
593,23
423,56
237,15
299,31
273,0
389,45
119,36
368,47
216,17
249,34
457,14
641,23
359,56
225,15
221,31
278,0
440,45
113,36
390,47
272,17
264,34
699,14
571,23
315,56
308,15
314,31
534,0
381,45
99,36
351,47
264,17
227,34
753,14
530,23
356,56
251,15
293,31
267,0
400,45
144,36
318,47
290,17
154,34
1101,14
1027,23
293,56
251,15
290,31
330,0
411,45
139,36
401,47
277,17
217,34
542,14
642,23
399,56
207,15
456,31
539,0
432,45
116,36
333,47
316,17
237,34
529,14
560,23
282,56
328,15
303,31
290,0
387,45
140,36
544,47
269,17
273,34
648,14
595,23
317,56
283,15
259,31
305,0
420,45
107,36
337,47
232,17
232,34
344,14
593,23
332,56
278,15
183,31
389,0
370,45
94,36
296,47
262,17
242,34
452,14
592,23
321,56
285,15
243,31
382,0
357,45
102,36
519,47
327,17
211,34
391,14
623,23
329,56
335,15
339,31
410,0
413,45
114,36
359,47
242,17
242,34
431,14
636,23
305,56
276,15
232,31
444,0
440,45
120,36
427,47
268,17
507,34
693,14
774,23
378,56
233,15
270,31
282,0
358,45
143,36
400,47
313,17
280,34
484,14
757,23
309,56
288,15
238,31
270,0
587,45
118,36
378,47
296,17
276,34
489,14
689,23
346,56
297,15
238,31
331,0
614,45
120,36
405,47
262,17
256,34
386,14
566,23
339,56
293,15
284,31
299,0
430,45
137,36
345,47
278,17
195,34
418,14
595,23
283,56
313,15
294,31
343,0
508,45
115,36
360,47
251,17
183,34
315,14
528,23
339,56
222,15
290,31
264,0
339,45
164,36
270,47
281,17
191,34
674,14
610,23
281,56
319,15
316,31
238,0
370,45
107,36
307,47
288,17
293,34
466,14
602,23
247,56
278,15
253,31
275,0
595,45
19,36
373,47
237,17
269,34
463,14
737,23
297,56
416,15
279,31
289,0
379,45
119,36
486,47
320,17
256,34
360,14
601,23
281,56
235,15
222,31
278,0
369,45
120,36
274,47
262,17
261,34
462,14
700,23
327,56
270,15
229,31
300,0
380,45
153,36
343,47
275,17
275,34
385,14
556,23
252,56
326,15
240,31
279,0
434,45
131,36
310,47
283,17
191,34
447,14
611,23
298,56
296,15
238,31
355,0
393,45
129,36
285,47
261,17
260,34
435,14
562,23
335,56
301,15
291,31
237,0
439,45
142,36
334,47
253,17
239,34
365,14
588,23
295,56
258,15
275,31
290,0
329,45
114,36
394,47
247,17
229,34
706,14
627,23
298,56
254,15
248,31
249,0
421,45
148,36
341,47
304,17
267,34
418,14
643,23
727,56
290,15
271,31
337,0
355,45
107,36
315,47
254,17
283,34
459,14
621,23
364,56
265,15
283,31
337,0
201,45
102,36
390,47
253,17
232,34
332,14
789,23
442,56
313,15
297,31
366,0
444,45
103,36
368,47
284,17
220,34
513,14
659,23
361,56
205,15
324,31
296,0
339,45
129,36
291,47
291,17
230,34
336,14
704,23
325,56
183,15
322,31
334,0
399,45
116,36
321,47
270,17
198,34
771,14
516,23
359,56
147,15
554,31
416,0
566,45
115,36
328,47
214,17
225,34
682,14
802,23
324,56
273,15
429,31
345,0
394,45
113,36
271,47
325,17
147,34
754,14
625,23
420,56
507,15
284,31
319,0
327,45
113,36
335,47
274,17
251,34
435,14
631,23
444,56
360,15
301,31
297,0
396,45
114,36
372,47
304,17
216,34
398,14
675,23
294,56
298,15
256,31
354,0
414,45
127,36
318,47
281,17
256,34
390,14
703,23
351,56
326,15
244,31
408,0
529,45
202,36
413,47
476,17
345,34
463,14
627,23
345,56
260,15
316,31
483,0
444,45
91,36
363,47
316,17
257,34
417,14
675,23
342,56
332,15
318,31
339,0
441,45
97,36
357,47
225,17
325,34
407,14
669,23
404,56
284,15
316,31
304,0
413,45
76,36
361,47
195,17
223,34
328,14
608,23
311,56
259,15
279,31
283,0
403,45
101,36
473,47
308,17
249,34
675,14
626,23
317,56
258,15
249,31
335,0
438,45
124,36
339,47
204,17
257,34
336,14
659,23
322,56
297,15
320,31
620,0
409,45
125,36
374,47
283,17
355,34
552,14
722,23
309,56
278,15
241,31
288,0
467,45
115,36
368,47
286,17
294,34
586,14
790,23
540,56
314,15
397,31
324,0
666,45
108,36
