396,47
298,17
330,34
923,14
559,23
454,56
336,15
352,31
490,0
400,45
103,36
515,47
312,17
296,34
996,14
598,23
369,56
332,15
338,31
371,0
433,45
103,36
389,47
258,17
550,34
787,14
613,23
354,56
330,15
323,31
385,0
411,45
80,36
362,47
800,17
779,34
679,14
639,23
339,56
443,15
329,31
434,0
416,45
95,36
308,47
275,17
639,34
455,14
1294,23
384,56
310,15
270,31
299,0
360,45
98,36
329,47
274,17
267,34
582,14
575,23
379,56
258,15
255,31
218,0
394,45
100,36
352,47
250,17
379,34
696,14
1392,23
439,56
289,15
247,31
219,0
374,45
109,36
506,47
232,17
258,34
531,14
623,23
308,56
257,15
218,31
229,0
334,45
82,36
366,47
707,17
296,34
680,14
579,23
335,56
295,15
279,31
157,0
433,45
92,36
734,47
268,17
333,34
560,14
544,23
406,56
339,15
257,31
289,0
383,45
82,36
435,47
338,17
248,34
494,14
492,23
328,56
351,15
175,31
295,0
655,45
124,36
670,47
297,17
290,34
455,14
562,23
332,56
321,15
299,31
274,0
326,45
106,36
359,47
315,17
325,34
461,14
522,23
326,56
314,15
281,31
240,0
332,45
89,36
329,47
335,17
266,34
552,14
526,23
310,56
265,15
262,31
227,0
360,45
98,36
971,47
337,17
541,34
863,14
446,23
349,56
327,15
237,31
252,0
343,45
103,36
367,47
298,17
639,34
503,14
608,23
329,56
258,15
258,31
224,0
454,45
119,36
640,47
351,17
283,34
1126,14
492,23
350,56
290,15
217,31
220,0
395,45
99,36
358,47
319,17
331,34
559,14
787,23
777,56
289,15
284,31
382,0
411,45
18,36
544,47
303,17
275,34
1002,14
475,23
312,56
305,15
255,31
273,0
405,45
102,36
341,47
268,17
280,34
474,14
565,23
348,56
390,15
370,31
242,0
323,45
94,36
322,47
260,17
301,34
384,14
548,23
332,56
296,15
399,31
335,0
354,45
85,36
335,47
281,17
242,34
468,14
589,23
326,56
299,15
340,31
262,0
1039,45
107,36
324,47
308,17
739,34
626,14
381,23
297,56
323,15
371,31
285,0
432,45
97,36
332,47
279,17
285,34
454,14
521,23
325,56
279,15
301,31
281,0
473,45
106,36
497,47
293,17
280,34
504,14
526,23
338,56
320,15
361,31
276,0
366,45
91,36
375,47
187,17
219,34
1158,14
400,23
298,56
268,15
320,31
215,0
325,45
58,36
322,47
252,17
221,34
466,14
515,23
300,56
229,15
324,31
231,0
353,45
89,36
306,47
284,17
242,34
444,14
483,23
314,56
227,15
310,31
211,0
344,45
95,36
317,47
261,17
248,34
464,14
1017,23
483,56
256,15
290,31
243,0
383,45
24,36
439,47
334,17
376,34
785,14
518,23
286,56
243,15
310,31
182,0
307,45
84,36
1149,47
236,17
398,34
1129,14
411,23
337,56
294,15
325,31
234,0
366,45
87,36
331,47
336,17
350,34
476,14
483,23
366,56
338,15
305,31
209,0
337,45
96,36
814,47
432,17
270,34
886,14
461,23
334,56
207,15
292,31
240,0
335,45
102,36
295,47
282,17
266,34
603,14
509,23
384,56
266,15
271,31
221,0
365,45
104,36
332,47
270,17
257,34
452,14
489,23
370,56
443,15
426,31
261,0
390,45
125,36
328,47
294,17
237,34
372,14
449,23
408,56
276,15
309,31
232,0
343,45
95,36
378,47
301,17
270,34
384,14
523,23
367,56
183,15
355,31
285,0
324,45
97,36
287,47
277,17
237,34
489,14
447,23
342,56
227,15
335,31
266,0
425,45
121,36
317,47
286,17
244,34
524,14
505,23
326,56
206,15
335,31
250,0
306,45
107,36
356,47
261,17
223,34
349,14
563,23
372,56
343,15
322,31
219,0
393,45
123,36
317,47
284,17
251,34
348,14
516,23
346,56
254,15
323,31
269,0
325,45
88,36
273,47
316,17
251,34
345,14
512,23
316,56
264,15
340,31
323,0
351,45
108,36
297,47
280,17
246,34
415,14
487,23
316,56
282,15
311,31
281,0
393,45
85,36
309,47
292,17
220,34
414,14
600,23
322,56
268,15
264,31
271,0
324,45
86,36
245,47
293,17
220,34
371,14
628,23
303,56
285,15
276,31
272,0
326,45
98,36
234,47
297,17
297,34
527,14
489,23
359,56
274,15
318,31
259,0
605,45
94,36
379,47
303,17
363,34
420,14
465,23
365,56
364,15
346,31
260,0
774,45
136,36
326,47
247,17
225,34
365,14
521,23
325,56
228,15
254,31
296,0
628,45
131,36
304,47
253,17
220,34
674,14
479,23
322,56
254,15
283,31
238,0
329,45
102,36
593,47
256,17
273,34
458,14
466,23
313,56
280,15
326,31
267,0
343,45
92,36
409,47
327,17
285,34
555,14
639,23
352,56
316,15
266,31
277,0
377,45
86,36
520,47
312,17
283,34
518,14
656,23
356,56
322,15
202,31
291,0
374,45
87,36
423,47
280,17
255,34
495,14
650,23
324,56
334,15
301,31
235,0
349,45
79,36
394,47
246,17
549,34
1131,14
487,23
329,56
309,15
263,31
257,0
305,45
76,36
467,47
296,17
871,34
686,14
1035,23
391,56
324,15
292,31
234,0
345,45
90,36
832,47
315,17
275,34
512,14
660,23
386,56
281,15
286,31
219,0
399,45
94,36
355,47
427,17
360,34
1373,14
849,23
317,56
261,15
258,31
196,0
333,45
93,36
305,47
306,17
307,34
532,14
521,23
335,56
241,15
218,31
232,0
350,45
66,36
401,47
297,17
232,34
435,14
516,23
372,56
225,15
218,31
227,0
336,45
49,36
314,47
293,17
294,34
473,14
468,23
296,56
226,15
245,31
194,0
336,45
81,36
275,47
271,17
238,34
492,14
473,23
303,56
258,15
185,31
259,0
264,45
75,36
297,47
238,17
239,34
458,14
508,23
292,56
280,15
250,31
204,0
319,45
68,36
229,47
279,17
244,34
404,14
502,23
347,56
160,15
511,31
255,0
301,45
71,36
289,47
231,17
244,34
348,14
441,23
314,56
224,15
248,31
211,0
323,45
54,36
208,47
297,17
255,34
350,14
526,23
312,56
222,15
255,31
203,0
320,45
62,36
243,47
291,17
204,34
392,14
440,23
284,56
209,15
257,31
228,0
344,45
23,36
266,47
244,17
253,34
291,14
421,23
289,56
190,15
292,31
184,0
340,45
102,36
246,47
253,17
214,34
302,14
421,23
309,56
170,15
241,31
280,0
315,45
83,36
218,47
267,17
199,34
361,14
532,23
278,56
201,15
241,31
228,0
314,45
92,36
295,47
238,17
557,34
563,14
435,23
274,56
254,15
262,31
272,0
296,45
85,36
320,47
284,17
209,34
509,14
539,23
356,56
282,15
226,31
269,0
301,45
85,36
274,47
248,17
226,34
459,14
451,23
282,56
218,15
231,31
227,0
346,45
89,36
247,47
188,17
220,34
452,14
423,23
276,56
254,15
237,31
252,0
289,45
72,36
233,47
331,17
290,34
359,14
458,23
283,56
517,15
243,31
290,0
355,45
86,36
232,47
247,17
206,34
371,14
522,23
266,56
284,15
271,31
203,0
1578,45
79,36
285,47
262,17
267,34
367,14
415,23
282,56
273,15
275,31
246,0
347,45
82,36
258,47
267,17
222,34
322,14
408,23
267,56
264,15
209,31
250,0
311,45
74,36
242,47
276,17
226,34
829,14
507,23
307,56
230,15
273,31
192,0
335,45
90,36
260,47
255,17
230,34
433,14
419,23
307,56
224,15
250,31
225,0
325,45
79,36
352,47
288,17
212,34
446,14
406,23
281,56
209,15
287,31
229,0
351,45
78,36
217,47
289,17
202,34
442,14
381,23
293,56
213,15
282,31
197,0
307,45
80,36
294,47
280,17
210,34
402,14
431,23
280,56
213,15
244,31
239,0
298,45
47,36
78,47
414,17
443,34
791,14
504,23
286,56
226,15
197,31
251,0
299,45
93,36
373,47
236,17
244,34
369,14
460,23
269,56
228,15
170,31
252,0
300,45
92,36
285,47
269,17
225,34
372,14
514,23
284,56
214,15
189,31
229,0
326,45
91,36
202,47
256,17
266,34
327,14
438,23
272,56
219,15
237,31
201,0
289,45
93,36
281,47
213,17
274,34
306,14
499,23
269,56
507,15
240,31
280,0
620,45
99,36
289,47
263,17
240,34
296,14
1177,23
335,56
442,15
260,31
232,0
1156,45
106,36
726,47
449,17
377,34
297,14
518,23
339,56
218,15
282,31
249,0
795,45
132,36
301,47
234,17
255,34
392,14
392,23
290,56
255,15
265,31
212,0
388,45
111,36
313,47
286,17
255,34
598,14
552,23
370,56
278,15
271,31
235,0
344,45
104,36
272,47
258,17
250,34
324,14
478,23
298,56
225,15
237,31
276,0
401,45
53,36
314,47
247,17
273,34
343,14
464,23
313,56
279,15
312,31
261,0
347,45
108,36
305,47
298,17
220,34
405,14
497,23
363,56
190,15
256,31
275,0
354,45
101,36
264,47
267,17
266,34
407,14
466,23
354,56
464,15
296,31
238,0
667,45
139,36
474,47
367,17
289,34
369,14
457,23
330,56
185,15
252,31
264,0
506,45
109,36
313,47
260,17
290,34
482,14
381,23
313,56
237,15
264,31
242,0
342,45
113,36
303,47
212,17
240,34
335,14
377,23
318,56
180,15
264,31
278,0
366,45
107,36
385,47
265,17
377,34
347,14
445,23
320,56
191,15
275,31
216,0
329,45
105,36
277,47
273,17
268,34
386,14
393,23
314,56
302,15
333,31
294,0
280,45
96,36
387,47
267,17
308,34
428,14
575,23
264,56
296,15
292,31
226,0
369,45
90,36
311,47
266,17
265,34
331,14
427,23
332,56
279,15
292,31
228,0
346,45
62,36
278,47
277,17
256,34
367,14
475,23
338,56
279,15
264,31
224,0
510,45
108,36
287,47
213,17
249,34
545,14
441,23
311,56
265,15
254,31
216,0
323,45
86,36
710,47
261,17
278,34
380,14
439,23
367,56
284,15
272,31
304,0
323,45
97,36
293,47
344,17
1058,34
760,14
521,23
355,56
241,15
263,31
234,0
328,45
93,36
275,47
272,17
270,34
413,14
453,23
313,56
249,15
243,31
244,0
326,45
92,36
234,47
293,17
241,34
293,14
679,23
332,56
274,15
192,31
246,0
313,45
109,36
263,47
271,17
247,34
301,14
462,23
307,56
210,15
216,31
239,0
317,45
109,36
285,47
263,17
225,34
412,14
509,23
294,56
253,15
225,31
248,0
293,45
82,36
265,47
261,17
195,34
287,14
427,23
290,56
210,15
301,31
214,0
340,45
86,36
298,47
253,17
213,34
364,14
420,23
315,56
233,15
262,31
223,0
277,45
82,36
264,47
261,17
213,34
951,14
833,23
617,56
264,15
251,31
229,0
293,45
78,36
110,47
648,17
445,34
457,14
366,23
314,56
241,15
271,31
232,0
725,45
110,36
326,47
234,17
225,34
280,14
423,23
287,56
277,15
325,31
367,0
214,45
97,36
354,47
396,17
296,34
549,14
501,23
302,56
268,15
218,31
256,0
319,45
94,36
488,47
538,17
278,34
465,14
447,23
321,56
276,15
156,31
257,0
314,45
87,36
301,47
215,17
256,34
232,14
415,23
273,56
285,15
356,31
315,0
327,45
89,36
417,47
265,17
268,34
255,14
433,23
298,56
340,15
413,31
309,0
485,45
116,36
299,47
272,17
226,34
338,14
480,23
321,56
316,15
347,31
262,0
311,45
87,36
267,47
251,17
255,34
290,14
1252,23
359,56
240,15
300,31
223,0
293,45
106,36
254,47
258,17
246,34
259,14
459,23
310,56
394,15
363,31
213,0
305,45
93,36
274,47
255,17
259,34
286,14
428,23
301,56
272,15
299,31
268,0
345,45
92,36
293,47
299,17
283,34
461,14
581,23
317,56
267,15
263,31
233,0
313,45
78,36
230,47
247,17
239,34
269,14
470,23
305,56
225,15
300,31
231,0
328,45
75,36
268,47
269,17
776,34
655,14
498,23
299,56
279,15
273,31
263,0
332,45
86,36
185,47
295,17
312,34
434,14
454,23
287,56
240,15
249,31
251,0
362,45
125,36
272,47
260,17
236,34
352,14
400,23
340,56
263,15
215,31
279,0
271,45
90,36
329,47
255,17
249,34
528,14
377,23
301,56
271,15
247,31
276,0
297,45
96,36
231,47
260,17
274,34
661,14
486,23
297,56
214,15
229,31
304,0
290,45
85,36
209,47
459,17
509,34
413,14
488,23
305,56
227,15
278,31
244,0
315,45
91,36
216,47
291,17
271,34
332,14
445,23
340,56
224,15
221,31
299,0
268,45
102,36
328,47
323,17
311,34
322,14
426,23
272,56
269,15
252,31
285,0
309,45
96,36
274,47
275,17
254,34
319,14
488,23
306,56
246,15
296,31
342,0
270,45
105,36
274,47
255,17
250,34
286,14
374,23
289,56
236,15
251,31
255,0
320,45
95,36
212,47
266,17
215,34
292,14
441,23
322,56
246,15
254,31
214,0
330,45
102,36
277,47
260,17
237,34
671,14
471,23
297,56
223,15
243,31
273,0
334,45
95,36
272,47
321,17
315,34
224,14
457,23
264,56
261,15
238,31
228,0
329,45
105,36
216,47
315,17
250,34
255,14
406,23
292,56
207,15
253,31
257,0
327,45
89,36
230,47
265,17
267,34
273,14
414,23
303,56
269,15
221,31
320,0
332,45
102,36
295,47
305,17
258,34
286,14
425,23
272,56
235,15
577,31
301,0
670,45
120,36
380,47
253,17
206,34
930,14
591,23
293,56
269,15
286,31
261,0
258,45
90,36
440,47
267,17
273,34
259,14
377,23
310,56
251,15
264,31
231,0
298,45
87,36
226,47
285,17
200,34
335,14
436,23
375,56
406,15
292,31
244,0
309,45
97,36
207,47
285,17
205,34
347,14
418,23
277,56
257,15
400,31
246,0
503,45
157,36
281,47
291,17
214,34
261,14
430,23
288,56
226,15
263,31
208,0
299,45
86,36
223,47
274,17
299,34
319,14
415,23
278,56
252,15
241,31
262,0
323,45
99,36
225,47
254,17
273,34
424,14
558,23
301,56
261,15
299,31
262,0
312,45
92,36
214,47
284,17
324,34
343,14
426,23
275,56
275,15
258,31
221,0
335,45
106,36
273,47
314,17
303,34
853,14
441,23
284,56
219,15
263,31
220,0
320,45
101,36
336,47
247,17
231,34
483,14
730,23
357,56
284,15
287,31
251,0
375,45
96,36
323,47
299,17
148,34
704,14
475,23
341,56
263,15
287,31
280,0
320,45
89,36
300,47
267,17
252,34
375,14
465,23
421,56
282,15
251,31
225,0
342,45
81,36
308,47
289,17
256,34
391,14
419,23
311,56
269,15
259,31
277,0
334,45
94,36
295,47
312,17
278,34
333,14
1012,23
532,56
300,15
244,31
244,0
296,45
89,36
309,47
301,17
248,34
333,14
444,23
348,56
281,15
209,31
310,0
323,45
92,36
272,47
270,17
225,34
313,14
795,23
386,56
302,15
273,31
289,0
371,45
87,36
255,47
302,17
237,34
313,14
479,23
344,56
235,15
233,31
259,0
355,45
101,36
351,47
340,17
244,34
302,14
1154,23
454,56
287,15
278,31
243,0
324,45
91,36
308,47
297,17
438,34
377,14
477,23
228,56
250,15
212,31
268,0
328,45
95,36
314,47
268,17
245,34
302,14
319,23
315,56
220,15
213,31
275,0
324,45
86,36
265,47
282,17
332,34
182,14
410,23
311,56
171,15
245,31
246,0
319,45
86,36
377,47
262,17
383,34
358,14
577,23
301,56
226,15
204,31
269,0
320,45
89,36
270,47
239,17
218,34
225,14
394,23
333,56
186,15
211,31
281,0
330,45
100,36
331,47
315,17
234,34
494,14
468,23
313,56
192,15
219,31
256,0
339,45
77,36
284,47
225,17
167,34
315,14
421,23
319,56
223,15
222,31
245,0
326,45
57,36
324,47
72,17
443,34
139,14
556,23
350,56
192,15
177,31
239,0
380,45
88,36
325,47
219,17
222,34
322,14
446,23
274,56
250,15
165,31
293,0
356,45
102,36
225,47
258,17
199,34
599,14
881,23
258,56
189,15
213,31
277,0
273,45
100,36
276,47
279,17
200,34
290,14
396,23
308,56
209,15
272,31
246,0
358,45
72,36
289,47
419,17
659,34
708,14
494,23
329,56
258,15
222,31
347,0
288,45
83,36
285,47
376,17
281,34
371,14
458,23
300,56
224,15
196,31
292,0
319,45
99,36
295,47
277,17
154,34
331,14
458,23
282,56
229,15
229,31
245,0
334,45
108,36
316,47
235,17
298,34
230,14
435,23
274,56
228,15
206,31
266,0
328,45
95,36
252,47
421,17
750,34
346,14
913,23
382,56
304,15
225,31
245,0
318,45
96,36
325,47
302,17
411,34
386,14
394,23
344,56
338,15
411,31
252,0
410,45
52,36
317,47
300,17
212,34
230,14
443,23
295,56
230,15
232,31
252,0
495,45
99,36
305,47
267,17
213,34
303,14
406,23
313,56
228,15
216,31
283,0
312,45
86,36
294,47
255,17
170,34
359,14
364,23
264,56
254,15
205,31
272,0
298,45
89,36
328,47
271,17
168,34
316,14
372,23
259,56
236,15
200,31
303,0
332,45
71,36
267,47
250,17
263,34
252,14
354,23
277,56
249,15
188,31
287,0
283,45
97,36
244,47
256,17
322,34
321,14
461,23
297,56
231,15
232,31
236,0
311,45
96,36
240,47
483,17
282,34
277,14
295,23
269,56
198,15
209,31
245,0
329,45
90,36
412,47
121,17
302,34
247,14
588,23
329,56
193,15
213,31
236,0
329,45
95,36
316,47
293,17
176,34
304,14
411,23
288,56
230,15
205,31
204,0
326,45
86,36
326,47
284,17
203,34
1101,14
456,23
286,56
232,15
269,31
179,0
340,45
94,36
305,47
317,17
440,34
78,14
765,23
379,56
210,15
398,31
304,0
354,45
91,36
360,47
277,17
216,34
319,14
414,23
293,56
176,15
238,31
200,0
362,45
101,36
333,47
250,17
205,34
343,14
399,23
300,56
195,15
209,31
215,0
293,45
86,36
254,47
255,17
248,34
237,14
349,23
299,56
209,15
181,31
313,0
309,45
105,36
306,47
267,17
168,34
341,14
412,23
328,56
328,15
327,31
238,0
281,45
91,36
334,47
320,17
234,34
287,14
370,23
312,56
201,15
230,31
294,0
301,45
98,36
344,47
367,17
301,34
349,14
427,23
312,56
207,15
278,31
284,0
334,45
90,36
288,47
319,17
133,34
464,14
447,23
331,56
157,15
276,31
296,0
287,45
93,36
346,47
315,17
288,34
351,14
430,23
291,56
240,15
236,31
306,0
377,45
101,36
339,47
255,17
273,34
384,14
412,23
318,56
201,15
320,31
246,0
339,45
89,36
389,47
289,17
344,34
298,14
366,23
326,56
202,15
286,31
212,0
364,45
90,36
380,47
638,17
235,34
371,14
413,23
340,56
146,15
517,31
327,0
325,45
113,36
359,47
275,17
205,34
318,14
405,23
308,56
283,15
316,31
231,0
272,45
92,36
383,47
314,17
267,34
300,14
403,23
335,56
191,15
278,31
246,0
341,45
82,36
348,47
311,17
228,34
394,14
469,23
322,56
289,15
240,31
236,0
362,45
75,36
313,47
302,17
289,34
338,14
430,23
322,56
234,15
240,31
235,0
963,45
125,36
387,47
208,17
236,34
288,14
440,23
327,56
293,15
139,31
236,0
655,45
123,36
326,47
253,17
218,34
297,14
432,23
299,56
235,15
214,31
254,0
339,45
86,36
274,47
292,17
220,34
267,14
483,23
301,56
225,15
206,31
278,0
353,45
99,36
265,47
250,17
199,34
298,14
1484,23
370,56
284,15
234,31
232,0
334,45
106,36
260,47
274,17
196,34
287,14
540,23
406,56
248,15
203,31
324,0
399,45
110,36
243,47
237,17
233,34
209,14
493,23
399,56
226,15
201,31
210,0
331,45
124,36
244,47
289,17
235,34
152,14
758,23
411,56
251,15
227,31
222,0
331,45
97,36
269,47
256,17
188,34
205,14
487,23
402,56
197,15
252,31
200,0
285,45
92,36
246,47
256,17
177,34
315,14
539,23
348,56
221,15
174,31
251,0
299,45
97,36
230,47
236,17
266,34
203,14
678,23
348,56
166,15
235,31
203,0
267,45
103,36
230,47
230,17
223,34
255,14
450,23
352,56
143,15
192,31
263,0
305,45
95,36
359,47
283,17
255,34
189,14
504,23
398,56
164,15
254,31
242,0
703,45
123,36
240,47
291,17
188,34
370,14
618,23
385,56
267,15
168,31
310,0
291,45
111,36
272,47
287,17
155,34
341,14
373,23
319,56
263,15
238,31
258,0
313,45
82,36
261,47
274,17
217,34
212,14
383,23
369,56
400,15
222,31
289,0
375,45
138,36
260,47
242,17
184,34
371,14
433,23
324,56
247,15
206,31
295,0
329,45
120,36
258,47
243,17
247,34
252,14
410,23
328,56
265,15
273,31
215,0
364,45
103,36
299,47
270,17
224,34
265,14
386,23
298,56
251,15
252,31
292,0
330,45
106,36
261,47
301,17
773,34
318,14
543,23
287,56
244,15
189,31
249,0
310,45
82,36
246,47
274,17
256,34
292,14
348,23
369,56
266,15
358,31
279,0
298,45
112,36
282,47
293,17
171,34
367,14
395,23
410,56
367,15
313,31
258,0
297,45
84,36
299,47
267,17
221,34
316,14
432,23
345,56
235,15
260,31
256,0
340,45
113,36
266,47
258,17
225,34
235,14
404,23
331,56
313,15
339,31
299,0
367,45
152,36
259,47
273,17
184,34
311,14
404,23
320,56
289,15
211,31
241,0
337,45
129,36
221,47
256,17
210,34
282,14
410,23
319,56
277,15
300,31
363,0
345,45
100,36
247,47
264,17
211,34
322,14
429,23
307,56
276,15
260,31
239,0
345,45
107,36
344,47
287,17
171,34
354,14
418,23
415,56
321,15
345,31
287,0
273,45
98,36
237,47
251,17
190,34
334,14
392,23
312,56
240,15
285,31
213,0
339,45
89,36
259,47
261,17
176,34
309,14
399,23
304,56
272,15
199,31
372,0
374,45
120,36
274,47
305,17
109,34
335,14
437,23
304,56
261,15
255,31
241,0
345,45
94,36
266,47
261,17
173,34
288,14
403,23
304,56
249,15
233,31
247,0
318,45
99,36
296,47
217,17
214,34
308,14
398,23
270,56
259,15
192,31
292,0
322,45
91,36
259,47
228,17
199,34
279,14
402,23
292,56
272,15
251,31
304,0
327,45
89,36
279,47
226,17
195,34
305,14
398,23
316,56
283,15
181,31
353,0
346,45
109,36
325,47
185,17
264,34
295,14
365,23
278,56
262,15
210,31
226,0
311,45
116,36
305,47
203,17
355,34
113,14
543,23
283,56
261,15
257,31
229,0
305,45
95,36
261,47
261,17
617,34
375,14
800,23
339,56
221,15
237,31
219,0
299,45
101,36
335,47
148,17
254,34
343,14
371,23
339,56
276,15
187,31
377,0
296,45
91,36
441,47
213,17
360,34
380,14
601,23
291,56
294,15
305,31
351,0
343,45
96,36
380,47
121,17
259,34
358,14
725,23
519,56
283,15
276,31
231,0
319,45
120,36
358,47
268,17
164,34
369,14
426,23
316,56
264,15
228,31
248,0
313,45
97,36
248,47
237,17
177,34
307,14
360,23
302,56
281,15
245,31
233,0
340,45
114,36
294,47
266,17
223,34
318,14
330,23
274,56
254,15
211,31
223,0
319,45
93,36
345,47
192,17
416,34
43,14
735,23
305,56
207,15
255,31
211,0
311,45
100,36
288,47
208,17
200,34
328,14
386,23
246,56
239,15
205,31
262,0
304,45
105,36
310,47
237,17
231,34
326,14
368,23
257,56
230,15
211,31
291,0
347,45
106,36
318,47
217,17
207,34
364,14
348,23
251,56
217,15
184,31
237,0
712,45
161,36
314,47
221,17
172,34
352,14
381,23
274,56
290,15
266,31
301,0
294,45
101,36
342,47
267,17
220,34
370,14
457,23
375,56
244,15
273,31
236,0
349,45
77,36
285,47
325,17
236,34
335,14
747,23
406,56
292,15
288,31
238,0
669,45
156,36
301,47
298,17
173,34
413,14
417,23
375,56
316,15
368,31
266,0
377,45
125,36
276,47
279,17
172,34
737,14
488,23
443,56
339,15
312,31
237,0
330,45
96,36
259,47
296,17
204,34
343,14
429,23
400,56
235,15
319,31
193,0
358,45
114,36
225,47
312,17
156,34
334,14
432,23
368,56
225,15
311,31
210,0
372,45
103,36
215,47
305,17
183,34
311,14
462,23
381,56
326,15
287,31
247,0
321,45
90,36
242,47
281,17
192,34
269,14
393,23
331,56
254,15
261,31
267,0
325,45
83,36
295,47
268,17
209,34
272,14
376,23
364,56
245,15
251,31
230,0
372,45
169,36
248,47
282,17
187,34
311,14
412,23
354,56
240,15
297,31
254,0
329,45
121,36
741,47
332,17
258,34
288,14
354,23
288,56
258,15
225,31
255,0
305,45
90,36
237,47
251,17
151,34
277,14
322,23
316,56
249,15
236,31
222,0
312,45
87,36
245,47
269,17
220,34
88,14
403,23
302,56
237,15
246,31
203,0
323,45
79,36
241,47
275,17
167,34
265,14
373,23
300,56
264,15
229,31
247,0
318,45
101,36
278,47
251,17
197,34
329,14
391,23
306,56
268,15
220,31
227,0
327,45
76,36
240,47
255,17
156,34
384,14
355,23
317,56
253,15
265,31
239,0
323,45
91,36
227,47
275,17
143,34
360,14
375,23
317,56
278,15
235,31
261,0
309,45
82,36
298,47
244,17
234,34
419,14
508,23
380,56
272,15
260,31
238,0
327,45
121,36
283,47
215,17
400,34
402,14
391,23
270,56
275,15
205,31
366,0
280,45
105,36
288,47
257,17
169,34
386,14
366,23
336,56
235,15
257,31
264,0
687,45
134,36
290,47
259,17
158,34
351,14
387,23
337,56
260,15
262,31
294,0
345,45
107,36
273,47
297,17
164,34
371,14
379,23
322,56
292,15
269,31
251,0
367,45
125,36
273,47
322,17
437,34
327,14
354,23
308,56
301,15
232,31
233,0
374,45
115,36
258,47
359,17
161,34
357,14
357,23
300,56
284,15
226,31
295,0
304,45
94,36
264,47
302,17
190,34
461,14
551,23
300,56
251,15
258,31
246,0
331,45
96,36
233,47
312,17
153,34
392,14
414,23
293,56
268,15
249,31
240,0
314,45
108,36
245,47
317,17
219,34
349,14
371,23
285,56
268,15
248,31
249,0
327,45
89,36
237,47
283,17
162,34
355,14
366,23
281,56
248,15
241,31
264,0
305,45
81,36
232,47
260,17
174,34
302,14
364,23
289,56
253,15
280,31
319,0
298,45
81,36
311,47
249,17
273,34
260,14
359,23
283,56
268,15
336,31
237,0
326,45
82,36
268,47
285,17
181,34
315,14
353,23
353,56
243,15
268,31
246,0
322,45
96,36
261,47
305,17
226,34
279,14
356,23
288,56
275,15
251,31
273,0
325,45
89,36
363,47
165,17
340,34
395,14
363,23
269,56
272,15
252,31
299,0
318,45
85,36
351,47
276,17
323,34
263,14
403,23
279,56
261,15
242,31
229,0
348,45
115,36
363,47
252,17
297,34
299,14
620,23
320,56
214,15
329,31
292,0
279,45
77,36
235,47
257,17
212,34
310,14
397,23
280,56
246,15
283,31
242,0
322,45
105,36
262,47
253,17
636,34
795,14
514,23
345,56
214,15
291,31
239,0
316,45
85,36
368,47
742,17
313,34
350,14
434,23
282,56
221,15
264,31
267,0
290,45
66,36
249,47
296,17
159,34
351,14
345,23
291,56
231,15
272,31
257,0
342,45
80,36
371,47
310,17
231,34
350,14
391,23
276,56
245,15
243,31
247,0
337,45
79,36
311,47
314,17
221,34
360,14
408,23
291,56
243,15
293,31
256,0
344,45
69,36
265,47
312,17
212,34
321,14
371,23
286,56
266,15
275,31
244,0
311,45
87,36
272,47
297,17
180,34
335,14
405,23
294,56
241,15
265,31
247,0
319,45
102,36
334,47
364,17
250,34
351,14
435,23
290,56
261,15
300,31
295,0
323,45
75,36
263,47
312,17
208,34
459,14
426,23
297,56
300,15
256,31
269,0
350,45
75,36
347,47
630,17
495,34
611,14
465,23
302,56
246,15
276,31
274,0
328,45
85,36
250,47
292,17
181,34
304,14
373,23
294,56
240,15
295,31
293,0
338,45
78,36
372,47
141,17
742,34
357,14
408,23
286,56
229,15
237,31
250,0
688,45
117,36
287,47
296,17
154,34
320,14
439,23
315,56
254,15
254,31
265,0
345,45
80,36
286,47
300,17
204,34
337,14
412,23
338,56
327,15
326,31
261,0
965,45
110,36
282,47
229,17
205,34
369,14
469,23
295,56
333,15
221,31
297,0
576,45
93,36
296,47
316,17
220,34
369,14
371,23
355,56
282,15
208,31
293,0
360,45
46,36
209,47
267,17
256,34
286,14
405,23
296,56
290,15
214,31
337,0
326,45
92,36
270,47
293,17
179,34
361,14
453,23
354,56
273,15
285,31
334,0
326,45
86,36
269,47
278,17
347,34
146,14
461,23
296,56
318,15
232,31
325,0
348,45
114,36
319,47
210,17
248,34
360,14
1219,23
356,56
238,15
352,31
259,0
317,45
96,36
310,47
340,17
417,34
408,14
383,23
314,56
301,15
288,31
279,0
437,45
111,36
293,47
230,17
381,34
251,14
413,23
377,56
336,15
269,31
244,0
396,45
109,36
575,47
245,17
446,34
298,14
375,23
323,56
301,15
272,31
336,0
837,45
180,36
342,47
282,17
242,34
343,14
371,23
306,56
325,15
226,31
295,0
381,45
127,36
374,47
279,17
250,34
336,14
350,23
356,56
348,15
220,31
293,0
391,45
99,36
248,47
286,17
244,34
391,14
336,23
321,56
343,15
233,31
279,0
341,45
103,36
288,47
305,17
221,34
373,14
341,23
308,56
327,15
231,31
362,0
327,45
95,36
297,47
228,17
227,34
354,14
377,23
326,56
277,15
168,31
305,0
289,45
104,36
358,47
260,17
384,34
316,14
366,23
309,56
313,15
208,31
278,0
330,45
106,36
377,47
209,17
271,34
333,14
394,23
302,56
333,15
244,31
314,0
271,45
102,36
361,47
140,17
434,34
240,14
395,23
283,56
349,15
201,31
296,0
643,45
141,36
405,47
229,17
319,34
187,14
374,23
302,56
341,15
313,31
331,0
409,45
148,36
403,47
287,17
252,34
352,14
395,23
301,56
323,15
185,31
309,0
285,45
112,36
292,47
192,17
261,34
307,14
383,23
320,56
345,15
161,31
323,0
312,45
98,36
276,47
236,17
250,34
361,14
335,23
283,56
326,15
231,31
280,0
323,45
96,36
346,47
239,17
295,34
296,14
352,23
293,56
325,15
216,31
273,0
328,45
101,36
274,47
166,17
212,34
378,14
392,23
317,56
364,15
156,31
505,0
374,45
115,36
372,47
259,17
212,34
381,14
404,23
321,56
291,15
207,31
337,0
274,45
86,36
274,47
263,17
282,34
376,14
445,23
320,56
302,15
242,31
355,0
287,45
107,36
320,47
255,17
296,34
382,14
440,23
332,56
311,15
205,31
357,0
300,45
109,36
396,47
310,17
307,34
654,14
499,23
261,56
338,15
241,31
331,0
321,45
110,36
366,47
241,17
238,34
425,14
485,23
353,56
331,15
424,31
352,0
305,45
125,36
294,47
290,17
193,34
391,14
448,23
370,56
369,15
316,31
370,0
311,45
107,36
304,47
289,17
248,34
424,14
451,23
368,56
306,15
264,31
272,0
334,45
120,36
516,47
266,17
390,34
321,14
532,23
368,56
299,15
283,31
264,0
347,45
121,36
316,47
287,17
206,34
408,14
454,23
368,56
284,15
288,31
236,0
326,45
112,36
547,47
277,17
312,34
347,14
402,23
411,56
314,15
293,31
275,0
377,45
116,36
351,47
292,17
205,34
474,14
437,23
350,56
331,15
336,31
281,0
343,45
115,36
308,47
310,17
184,34
453,14
447,23
361,56
315,15
320,31
287,0
336,45
116,36
350,47
283,17
175,34
441,14
452,23
363,56
324,15
282,31
294,0
326,45
123,36
353,47
277,17
193,34
446,14
477,23
348,56
341,15
243,31
298,0
299,45
110,36
378,47
262,17
295,34
369,14
384,23
349,56
344,15
247,31
266,0
385,45
110,36
297,47
289,17
320,34
307,14
432,23
408,56
369,15
265,31
687,0
467,45
115,36
331,47
263,17
234,34
360,14
389,23
367,56
315,15
279,31
263,0
386,45
94,36
395,47
240,17
263,34
378,14
364,23
364,56
321,15
241,31
290,0
377,45
98,36
503,47
268,17
314,34
395,14
486,23
383,56
303,15
303,31
222,0
374,45
107,36
330,47
280,17
281,34
441,14
414,23
345,56
324,15
231,31
271,0
388,45
105,36
355,47
284,17
209,34
480,14
432,23
317,56
295,15
269,31
274,0
363,45
102,36
246,47
335,17
208,34
417,14
418,23
335,56
292,15
318,31
354,0
778,45
147,36
327,47
279,17
252,34
429,14
449,23
353,56
278,15
294,31
347,0
398,45
83,36
390,47
274,17
272,34
402,14
440,23
393,56
272,15
223,31
291,0
382,45
114,36
503,47
187,17
448,34
466,14
478,23
332,56
323,15
234,31
314,0
349,45
110,36
302,47
292,17
269,34
418,14
565,23
314,56
358,15
211,31
320,0
352,45
93,36
358,47
275,17
204,34
414,14
480,23
332,56
320,15
215,31
346,0
494,45
121,36
321,47
243,17
191,34
343,14
427,23
429,56
186,15
401,31
301,0
313,45
79,36
375,47
278,17
307,34
464,14
1264,23
362,56
296,15
315,31
285,0
359,45
107,36
367,47
306,17
280,34
500,14
398,23
435,56
329,15
336,31
276,0
370,45
104,36
422,47
249,17
448,34
380,14
400,23
409,56
325,15
255,31
317,0
358,45
116,36
453,47
302,17
277,34
465,14
428,23
381,56
303,15
305,31
297,0
429,45
130,36
386,47
358,17
318,34
449,14
412,23
352,56
312,15
283,31
732,0
426,45
116,36
420,47
338,17
307,34
394,14
436,23
374,56
332,15
282,31
254,0
389,45
116,36
341,47
303,17
212,34
431,14
456,23
365,56
264,15
317,31
275,0
367,45
111,36
338,47
295,17
251,34
358,14
424,23
388,56
346,15
277,31
279,0
384,45
102,36
337,47
328,17
257,34
446,14
438,23
362,56
323,15
277,31
241,0
413,45
119,36
339,47
276,17
227,34
382,14
441,23
378,56
316,15
273,31
248,0
362,45
113,36
345,47
290,17
153,34
452,14
489,23
498,56
258,15
314,31
218,0
370,45
102,36
297,47
381,17
233,34
522,14
375,23
374,56
297,15
280,31
256,0
406,45
136,36
380,47
393,17
128,34
446,14
463,23
453,56
298,15
237,31
261,0
356,45
108,36
291,47
377,17
166,34
508,14
425,23
350,56
275,15
292,31
187,0
382,45
90,36
326,47
326,17
159,34
464,14
404,23
366,56
270,15
248,31
249,0
443,45
104,36
311,47
435,17
178,34
414,14
445,23
434,56
296,15
322,31
148,0
787,45
128,36
367,47
248,17
252,34
366,14
380,23
430,56
382,15
279,31
300,0
729,45
125,36
547,47
367,17
410,34
272,14
391,23
362,56
263,15
271,31
191,0
410,45
99,36
316,47
347,17
172,34
375,14
394,23
330,56
264,15
240,31
241,0
378,45
109,36
229,47
380,17
133,34
410,14
385,23
319,56
296,15
264,31
189,0
368,45
103,36
304,47
337,17
214,34
1063,14
521,23
437,56
181,15
322,31
241,0
406,45
125,36
314,47
308,17
158,34
414,14
378,23
370,56
242,15
269,31
139,0
374,45
108,36
354,47
324,17
221,34
474,14
385,23
393,56
262,15
321,31
159,0
381,45
109,36
330,47
328,17
229,34
371,14
471,23
367,56
207,15
523,31
369,0
422,45
109,36
290,47
324,17
204,34
408,14
416,23
319,56
279,15
236,31
281,0
349,45
113,36
256,47
335,17
208,34
370,14
373,23
319,56
294,15
236,31
204,0
376,45
126,36
343,47
349,17
108,34
447,14
487,23
317,56
290,15
274,31
195,0
333,45
115,36
302,47
298,17
208,34
378,14
444,23
338,56
271,15
256,31
128,0
358,45
101,36
323,47
368,17
255,34
438,14
400,23
296,56
257,15
245,31
182,0
364,45
118,36
305,47
268,17
227,34
331,14
445,23
311,56
260,15
273,31
240,0
326,45
96,36
423,47
278,17
274,34
263,14
392,23
321,56
215,15
240,31
188,0
373,45
151,36
305,47
277,17
227,34
386,14
421,23
341,56
261,15
312,31
197,0
344,45
115,36
475,47
320,17
409,34
363,14
411,23
329,56
218,15
233,31
245,0
343,45
104,36
318,47
294,17
249,34
400,14
417,23
338,56
267,15
230,31
231,0
343,45
115,36
378,47
297,17
248,34
473,14
448,23
330,56
302,15
280,31
304,0
338,45
102,36
417,47
327,17
359,34
340,14
884,23
449,56
232,15
272,31
219,0
358,45
113,36
297,47
253,17
198,34
410,14
445,23
351,56
278,15
219,31
205,0
362,45
98,36
289,47
279,17
170,34
503,14
447,23
348,56
268,15
254,31
193,0
338,45
105,36
494,47
363,17
298,34
446,14
405,23
403,56
266,15
297,31
274,0
358,45
108,36
368,47
368,17
284,34
455,14
411,23
346,56
279,15
265,31
235,0
329,45
123,36
441,47
751,17
408,34
481,14
659,23
427,56
241,15
271,31
222,0
718,45
110,36
355,47
300,17
229,34
527,14
438,23
365,56
273,15
309,31
149,0
510,45
115,36
430,47
351,17
341,34
448,14
402,23
327,56
281,15
267,31
162,0
359,45
102,36
504,47
360,17
426,34
431,14
373,23
334,56
247,15
329,31
182,0
368,45
103,36
274,47
378,17
285,34
468,14
366,23
337,56
224,15
287,31
297,0
384,45
109,36
344,47
370,17
264,34
455,14
425,23
349,56
259,15
266,31
243,0
347,45
105,36
345,47
320,17
220,34
488,14
406,23
342,56
246,15
301,31
313,0
389,45
93,36
330,47
383,17
241,34
488,14
436,23
324,56
226,15
273,31
212,0
320,45
100,36
319,47
341,17
199,34
396,14
424,23
368,56
238,15
267,31
193,0
365,45
92,36
