315,47
170,17
275,34
651,14
588,23
375,56
323,15
373,31
485,0
1008,45
86,36
356,47
265,17
235,34
475,14
571,23
370,56
295,15
512,31
332,0
840,45
104,36
479,47
176,17
333,34
652,14
462,23
342,56
230,15
350,31
375,0
1023,45
68,36
874,47
212,17
288,34
838,14
628,23
289,56
227,15
214,31
271,0
641,45
83,36
343,47
140,17
221,34
356,14
546,23
292,56
212,15
231,31
491,0
322,45
86,36
391,47
143,17
261,34
368,14
515,23
292,56
288,15
338,31
246,0
541,45
113,36
331,47
152,17
237,34
382,14
627,23
322,56
237,15
264,31
279,0
1007,45
95,36
309,47
204,17
305,34
1138,14
560,23
330,56
216,15
236,31
232,0
334,45
97,36
505,47
320,17
443,34
656,14
408,23
311,56
255,15
256,31
254,0
264,45
109,36
352,47
163,17
235,34
463,14
445,23
315,56
235,15
241,31
256,0
321,45
78,36
330,47
173,17
214,34
372,14
447,23
318,56
227,15
228,31
238,0
310,45
65,36
333,47
144,17
261,34
439,14
691,23
285,56
216,15
219,31
237,0
311,45
100,36
418,47
167,17
242,34
465,14
470,23
322,56
273,15
223,31
266,0
305,45
73,36
400,47
148,17
251,34
453,14
472,23
321,56
205,15
271,31
241,0
510,45
54,36
384,47
275,17
243,34
465,14
464,23
257,56
232,15
223,31
264,0
433,45
69,36
310,47
154,17
255,34
1125,14
483,23
310,56
211,15
164,31
234,0
312,45
80,36
777,47
195,17
251,34
378,14
407,23
285,56
226,15
264,31
260,0
538,45
56,36
311,47
181,17
212,34
426,14
422,23
299,56
182,15
234,31
267,0
509,45
90,36
445,47
171,17
238,34
492,14
396,23
316,56
234,15
318,31
281,0
273,45
87,36
384,47
176,17
212,34
404,14
536,23
344,56
199,15
256,31
242,0
591,45
90,36
404,47
171,17
249,34
645,14
463,23
300,56
207,15
253,31
263,0
320,45
80,36
311,47
173,17
198,34
647,14
433,23
362,56
231,15
230,31
255,0
366,45
44,36
320,47
188,17
181,34
913,14
492,23
340,56
222,15
438,31
236,0
341,45
48,36
325,47
229,17
228,34
561,14
433,23
348,56
254,15
201,31
275,0
358,45
85,36
381,47
236,17
230,34
519,14
476,23
323,56
184,15
235,31
228,0
295,45
79,36
366,47
181,17
198,34
865,14
613,23
321,56
129,15
262,31
268,0
365,45
56,36
362,47
155,17
216,34
389,14
398,23
329,56
202,15
219,31
248,0
306,45
86,36
334,47
197,17
226,34
751,14
491,23
326,56
242,15
186,31
197,0
348,45
71,36
355,47
187,17
399,34
431,14
663,23
242,56
231,15
219,31
229,0
316,45
87,36
329,47
168,17
184,34
313,14
438,23
263,56
197,15
222,31
250,0
310,45
81,36
300,47
148,17
202,34
367,14
384,23
279,56
213,15
253,31
237,0
360,45
87,36
327,47
174,17
217,34
357,14
416,23
296,56
253,15
185,31
251,0
319,45
86,36
350,47
149,17
272,34
452,14
485,23
378,56
104,15
235,31
258,0
328,45
76,36
262,47
148,17
230,34
535,14
500,23
351,56
241,15
243,31
181,0
330,45
33,36
338,47
194,17
226,34
316,14
440,23
326,56
263,15
178,31
256,0
294,45
109,36
403,47
174,17
220,34
339,14
415,23
308,56
312,15
172,31
259,0
326,45
86,36
886,47
189,17
203,34
712,14
410,23
341,56
211,15
215,31
235,0
306,45
72,36
390,47
173,17
191,34
441,14
471,23
335,56
242,15
194,31
284,0
330,45
69,36
363,47
188,17
205,34
431,14
381,23
333,56
251,15
309,31
213,0
391,45
92,36
326,47
211,17
208,34
578,14
416,23
337,56
232,15
249,31
263,0
614,45
83,36
358,47
191,17
292,34
918,14
469,23
299,56
255,15
196,31
229,0
514,45
65,36
348,47
173,17
228,34
787,14
559,23
283,56
188,15
735,31
255,0
301,45
109,36
372,47
232,17
137,34
688,14
386,23
334,56
216,15
249,31
249,0
278,45
110,36
374,47
214,17
889,34
627,14
394,23
295,56
224,15
203,31
239,0
361,45
99,36
331,47
167,17
217,34
598,14
435,23
297,56
237,15
221,31
220,0
486,45
108,36
318,47
180,17
263,34
552,14
424,23
307,56
227,15
210,31
250,0
295,45
71,36
241,47
204,17
208,34
471,14
434,23
319,56
197,15
204,31
262,0
507,45
117,36
301,47
171,17
208,34
337,14
422,23
306,56
199,15
282,31
514,0
531,45
92,36
323,47
167,17
202,34
335,14
398,23
333,56
203,15
244,31
249,0
243,45
97,36
389,47
186,17
217,34
624,14
437,23
279,56
245,15
237,31
207,0
352,45
105,36
359,47
246,17
286,34
613,14
835,23
377,56
314,15
252,31
256,0
449,45
71,36
415,47
236,17
280,34
426,14
479,23
321,56
265,15
385,31
279,0
323,45
67,36
370,47
194,17
261,34
486,14
453,23
283,56
219,15
294,31
270,0
315,45
69,36
429,47
222,17
250,34
633,14
503,23
316,56
212,15
260,31
246,0
347,45
58,36
331,47
195,17
314,34
497,14
479,23
285,56
203,15
240,31
234,0
270,45
73,36
386,47
189,17
197,34
517,14
442,23
287,56
242,15
337,31
267,0
383,45
113,36
403,47
204,17
262,34
375,14
407,23
260,56
159,15
212,31
204,0
290,45
82,36
281,47
179,17
216,34
343,14
434,23
272,56
231,15
209,31
206,0
285,45
78,36
466,47
186,17
565,34
452,14
398,23
231,56
210,15
221,31
234,0
280,45
93,36
413,47
202,17
312,34
344,14
444,23
254,56
216,15
186,31
222,0
288,45
68,36
332,47
199,17
198,34
391,14
370,23
209,56
193,15
155,31
215,0
355,45
68,36
375,47
194,17
260,34
385,14
473,23
235,56
221,15
216,31
184,0
273,45
75,36
312,47
175,17
237,34
357,14
434,23
266,56
201,15
202,31
215,0
274,45
82,36
273,47
199,17
783,34
344,14
380,23
198,56
190,15
183,31
210,0
278,45
66,36
276,47
181,17
262,34
364,14
512,23
219,56
225,15
166,31
204,0
255,45
76,36
260,47
178,17
963,34
686,14
410,23
219,56
177,15
182,31
189,0
563,45
99,36
335,47
267,17
316,34
314,14
440,23
248,56
239,15
223,31
171,0
410,45
84,36
353,47
170,17
274,34
343,14
389,23
227,56
218,15
191,31
241,0
310,45
84,36
331,47
157,17
236,34
316,14
406,23
308,56
91,15
317,31
299,0
346,45
77,36
282,47
182,17
223,34
355,14
507,23
293,56
240,15
190,31
213,0
563,45
80,36
306,47
161,17
324,34
328,14
364,23
215,56
234,15
216,31
239,0
295,45
95,36
293,47
169,17
205,34
295,14
376,23
227,56
231,15
194,31
250,0
344,45
32,36
411,47
159,17
217,34
376,14
386,23
193,56
252,15
159,31
235,0
307,45
93,36
334,47
161,17
217,34
343,14
412,23
197,56
283,15
159,31
236,0
271,45
89,36
324,47
178,17
239,34
356,14
406,23
256,56
284,15
233,31
220,0
294,45
80,36
259,47
172,17
210,34
312,14
447,23
284,56
299,15
177,31
231,0
351,45
66,36
291,47
181,17
196,34
343,14
357,23
252,56
203,15
228,31
259,0
319,45
84,36
406,47
154,17
220,34
353,14
365,23
229,56
260,15
200,31
182,0
409,45
92,36
291,47
179,17
235,34
353,14
370,23
186,56
242,15
213,31
236,0
315,45
108,36
311,47
207,17
241,34
707,14
585,23
302,56
211,15
203,31
221,0
305,45
82,36
248,47
185,17
194,34
329,14
389,23
292,56
208,15
205,31
220,0
337,45
74,36
343,47
161,17
197,34
324,14
419,23
227,56
241,15
197,31
216,0
366,45
80,36
316,47
198,17
624,34
420,14
696,23
201,56
231,15
183,31
234,0
306,45
85,36
244,47
183,17
192,34
435,14
405,23
301,56
206,15
219,31
205,0
299,45
75,36
319,47
204,17
274,34
403,14
388,23
265,56
213,15
203,31
225,0
355,45
94,36
277,47
187,17
200,34
370,14
440,23
294,56
256,15
164,31
245,0
303,45
80,36
309,47
174,17
184,34
364,14
384,23
243,56
216,15
210,31
236,0
351,45
89,36
368,47
185,17
214,34
349,14
408,23
387,56
542,15
234,31
250,0
262,45
100,36
309,47
188,17
207,34
364,14
373,23
286,56
182,15
226,31
178,0
302,45
99,36
374,47
175,17
213,34
371,14
383,23
266,56
241,15
213,31
245,0
324,45
88,36
349,47
191,17
182,34
324,14
377,23
241,56
219,15
222,31
224,0
309,45
76,36
292,47
149,17
238,34
277,14
398,23
259,56
232,15
206,31
246,0
401,45
24,36
332,47
168,17
212,34
410,14
399,23
265,56
226,15
208,31
261,0
494,45
87,36
281,47
179,17
210,34
308,14
401,23
318,56
242,15
193,31
242,0
300,45
79,36
362,47
173,17
202,34
344,14
399,23
245,56
233,15
203,31
228,0
340,45
85,36
306,47
179,17
184,34
319,14
351,23
270,56
203,15
203,31
228,0
329,45
80,36
285,47
147,17
167,34
350,14
446,23
249,56
200,15
221,31
244,0
279,45
63,36
239,47
198,17
173,34
299,14
427,23
205,56
216,15
196,31
221,0
334,45
77,36
254,47
156,17
207,34
309,14
401,23
238,56
255,15
178,31
296,0
318,45
83,36
302,47
150,17
215,34
615,14
560,23
309,56
199,15
456,31
211,0
292,45
81,36
293,47
216,17
286,34
479,14
443,23
274,56
286,15
202,31
281,0
290,45
91,36
291,47
190,17
266,34
331,14
412,23
252,56
294,15
179,31
261,0
296,45
77,36
313,47
170,17
228,34
342,14
389,23
237,56
241,15
231,31
273,0
281,45
92,36
348,47
200,17
218,34
327,14
387,23
250,56
230,15
192,31
252,0
292,45
71,36
294,47
136,17
225,34
471,14
386,23
232,56
202,15
199,31
372,0
256,45
78,36
266,47
153,17
188,34
268,14
393,23
305,56
283,15
200,31
277,0
335,45
45,36
259,47
165,17
196,34
297,14
419,23
275,56
276,15
211,31
232,0
272,45
60,36
252,47
169,17
169,34
287,14
381,23
243,56
231,15
211,31
253,0
272,45
87,36
220,47
162,17
149,34
285,14
362,23
196,56
232,15
164,31
229,0
264,45
70,36
219,47
156,17
163,34
309,14
348,23
203,56
212,15
200,31
208,0
290,45
62,36
216,47
197,17
159,34
332,14
392,23
221,56
258,15
174,31
253,0
265,45
76,36
267,47
171,17
193,34
284,14
345,23
229,56
238,15
183,31
255,0
294,45
87,36
233,47
156,17
204,34
303,14
371,23
245,56
255,15
190,31
244,0
279,45
99,36
240,47
170,17
187,34
288,14
345,23
217,56
216,15
182,31
223,0
281,45
82,36
195,47
169,17
196,34
283,14
343,23
241,56
215,15
193,31
237,0
280,45
92,36
241,47
152,17
172,34
291,14
372,23
217,56
227,15
201,31
249,0
276,45
94,36
248,47
117,17
172,34
294,14
341,23
225,56
215,15
166,31
275,0
261,45
81,36
218,47
156,17
184,34
316,14
321,23
217,56
200,15
208,31
223,0
287,45
47,36
232,47
177,17
188,34
773,14
417,23
663,56
362,15
248,31
238,0
257,45
72,36
230,47
162,17
175,34
303,14
334,23
271,56
233,15
203,31
242,0
304,45
70,36
231,47
159,17
156,34
285,14
321,23
227,56
190,15
212,31
200,0
282,45
82,36
185,47
214,17
135,34
322,14
410,23
247,56
176,15
243,31
247,0
344,45
38,36
259,47
192,17
207,34
301,14
369,23
252,56
241,15
217,31
224,0
274,45
82,36
229,47
233,17
589,34
295,14
395,23
191,56
237,15
181,31
245,0
251,45
79,36
204,47
200,17
140,34
284,14
330,23
219,56
191,15
226,31
174,0
267,45
102,36
227,47
189,17
122,34
327,14
335,23
217,56
190,15
208,31
220,0
261,45
78,36
269,47
157,17
142,34
281,14
333,23
247,56
213,15
246,31
245,0
328,45
82,36
218,47
174,17
178,34
269,14
333,23
247,56
169,15
212,31
296,0
264,45
88,36
269,47
147,17
162,34
308,14
312,23
268,56
198,15
194,31
263,0
293,45
106,36
239,47
172,17
179,34
301,14
353,23
310,56
212,15
254,31
253,0
324,45
62,36
267,47
188,17
163,34
287,14
344,23
276,56
207,15
205,31
257,0
300,45
90,36
245,47
164,17
173,34
287,14
781,23
292,56
203,15
304,31
218,0
260,45
94,36
201,47
181,17
196,34
254,14
318,23
281,56
251,15
160,31
264,0
286,45
98,36
213,47
244,17
136,34
277,14
346,23
305,56
194,15
214,31
236,0
313,45
81,36
256,47
161,17
162,34
738,14
382,23
248,56
194,15
221,31
238,0
265,45
119,36
270,47
163,17
175,34
267,14
333,23
229,56
236,15
207,31
257,0
269,45
88,36
228,47
179,17
141,34
300,14
386,23
255,56
266,15
235,31
244,0
317,45
81,36
221,47
174,17
156,34
301,14
466,23
296,56
214,15
230,31
230,0
274,45
79,36
276,47
150,17
201,34
294,14
313,23
301,56
232,15
198,31
227,0
308,45
90,36
240,47
215,17
118,34
315,14
318,23
247,56
177,15
194,31
257,0
435,45
106,36
380,47
176,17
1061,34
496,14
868,23
387,56
180,15
223,31
230,0
252,45
77,36
238,47
150,17
148,34
253,14
315,23
237,56
174,15
231,31
187,0
320,45
85,36
213,47
175,17
127,34
295,14
342,23
265,56
207,15
209,31
250,0
292,45
92,36
259,47
195,17
133,34
280,14
316,23
231,56
219,15
168,31
258,0
344,45
30,36
303,47
185,17
167,34
281,14
328,23
182,56
206,15
187,31
251,0
267,45
95,36
255,47
201,17
156,34
230,14
271,23
226,56
212,15
209,31
220,0
266,45
97,36
259,47
153,17
173,34
286,14
305,23
229,56
210,15
191,31
230,0
329,45
29,36
290,47
165,17
175,34
293,14
324,23
233,56
259,15
185,31
268,0
297,45
80,36
252,47
192,17
161,34
299,14
345,23
274,56
204,15
201,31
255,0
280,45
88,36
191,47
182,17
119,34
302,14
345,23
230,56
209,15
176,31
220,0
292,45
56,36
267,47
153,17
193,34
322,14
368,23
251,56
181,15
189,31
209,0
284,45
70,36
304,47
164,17
173,34
356,14
336,23
224,56
202,15
178,31
251,0
905,45
92,36
443,47
134,17
231,34
304,14
393,23
231,56
250,15
172,31
236,0
280,45
82,36
359,47
148,17
210,34
275,14
367,23
260,56
195,15
210,31
240,0
304,45
80,36
295,47
136,17
212,34
364,14
732,23
255,56
192,15
188,31
233,0
268,45
69,36
314,47
151,17
168,34
297,14
319,23
252,56
200,15
186,31
225,0
306,45
76,36
293,47
153,17
157,34
255,14
316,23
221,56
219,15
174,31
235,0
290,45
72,36
306,47
155,17
173,34
293,14
362,23
247,56
166,15
203,31
226,0
267,45
73,36
295,47
155,17
147,34
261,14
312,23
232,56
229,15
194,31
207,0
652,45
65,36
272,47
138,17
162,34
241,14
308,23
212,56
199,15
206,31
221,0
550,45
24,36
281,47
147,17
159,34
246,14
311,23
217,56
186,15
205,31
223,0
293,45
83,36
254,47
149,17
150,34
261,14
313,23
208,56
222,15
179,31
240,0
302,45
87,36
234,47
161,17
160,34
243,14
344,23
216,56
225,15
182,31
221,0
267,45
78,36
273,47
159,17
147,34
282,14
325,23
187,56
223,15
167,31
235,0
272,45
71,36
258,47
152,17
141,34
266,14
283,23
203,56
205,15
174,31
236,0
303,45
91,36
222,47
167,17
181,34
248,14
335,23
252,56
204,15
193,31
243,0
279,45
65,36
246,47
180,17
182,34
252,14
322,23
218,56
160,15
207,31
195,0
283,45
82,36
246,47
151,17
168,34
425,14
372,23
199,56
168,15
214,31
225,0
313,45
87,36
294,47
138,17
164,34
253,14
317,23
213,56
196,15
187,31
245,0
283,45
75,36
228,47
171,17
138,34
238,14
322,23
193,56
217,15
184,31
203,0
280,45
72,36
203,47
195,17
111,34
250,14
317,23
197,56
213,15
180,31
225,0
302,45
79,36
216,47
174,17
125,34
263,14
309,23
200,56
220,15
168,31
245,0
275,45
85,36
203,47
176,17
140,34
262,14
332,23
223,56
226,15
192,31
208,0
259,45
78,36
279,47
169,17
132,34
259,14
298,23
218,56
205,15
186,31
237,0
264,45
71,36
195,47
249,17
115,34
334,14
307,23
169,56
221,15
176,31
218,0
276,45
77,36
204,47
145,17
153,34
252,14
298,23
151,56
245,15
154,31
222,0
295,45
73,36
206,47
202,17
109,34
345,14
282,23
219,56
163,15
205,31
203,0
304,45
66,36
178,47
203,17
118,34
302,14
402,23
202,56
251,15
137,31
228,0
278,45
76,36
171,47
196,17
136,34
327,14
445,23
271,56
203,15
185,31
213,0
265,45
73,36
176,47
209,17
97,34
253,14
401,23
283,56
242,15
188,31
245,0
543,45
67,36
288,47
151,17
124,34
251,14
302,23
195,56
206,15
200,31
231,0
272,45
78,36
217,47
146,17
221,34
635,14
349,23
170,56
202,15
184,31
231,0
297,45
63,36
215,47
185,17
167,34
268,14
314,23
214,56
209,15
202,31
207,0
302,45
84,36
216,47
168,17
164,34
280,14
332,23
170,56
235,15
174,31
194,0
329,45
77,36
314,47
159,17
143,34
280,14
316,23
157,56
238,15
147,31
220,0
327,45
68,36
209,47
241,17
124,34
425,14
327,23
191,56
204,15
167,31
195,0
323,45
83,36
207,47
174,17
134,34
279,14
315,23
169,56
233,15
185,31
203,0
310,45
73,36
213,47
224,17
123,34
255,14
327,23
173,56
203,15
206,31
173,0
288,45
82,36
174,47
204,17
158,34
296,14
363,23
222,56
211,15
185,31
228,0
256,45
78,36
191,47
176,17
152,34
260,14
326,23
221,56
188,15
187,31
210,0
293,45
67,36
188,47
166,17
140,34
245,14
321,23
196,56
227,15
162,31
190,0
279,45
75,36
197,47
182,17
108,34
237,14
302,23
238,56
219,15
158,31
240,0
298,45
73,36
169,47
193,17
128,34
360,14
335,23
191,56
230,15
199,31
139,0
280,45
81,36
226,47
192,17
176,34
227,14
392,23
210,56
220,15
175,31
234,0
293,45
65,36
196,47
201,17
114,34
259,14
292,23
245,56
217,15
155,31
233,0
312,45
78,36
218,47
208,17
152,34
238,14
305,23
226,56
192,15
201,31
248,0
282,45
70,36
286,47
363,17
218,34
312,14
321,23
166,56
215,15
153,31
206,0
258,45
65,36
189,47
180,17
109,34
279,14
306,23
202,56
223,15
221,31
186,0
277,45
79,36
186,47
224,17
95,34
295,14
389,23
260,56
219,15
174,31
232,0
275,45
74,36
282,47
159,17
152,34
232,14
302,23
196,56
182,15
198,31
169,0
291,45
76,36
349,47
161,17
184,34
289,14
358,23
254,56
247,15
204,31
240,0
295,45
88,36
380,47
152,17
191,34
277,14
353,23
230,56
234,15
202,31
241,0
303,45
87,36
255,47
137,17
200,34
277,14
335,23
201,56
280,15
205,31
235,0
304,45
85,36
257,47
161,17
155,34
278,14
364,23
281,56
214,15
219,31
237,0
306,45
90,36
288,47
158,17
136,34
279,14
389,23
236,56
255,15
218,31
251,0
283,45
92,36
246,47
161,17
139,34
274,14
358,23
282,56
188,15
246,31
251,0
346,45
100,36
266,47
192,17
159,34
273,14
358,23
226,56
210,15
217,31
256,0
342,45
74,36
330,47
186,17
149,34
280,14
352,23
214,56
246,15
196,31
233,0
267,45
85,36
253,47
142,17
178,34
245,14
316,23
219,56
232,15
211,31
224,0
269,45
86,36
313,47
168,17
123,34
306,14
343,23
252,56
197,15
232,31
185,0
304,45
79,36
247,47
203,17
82,34
303,14
297,23
160,56
227,15
214,31
216,0
329,45
75,36
421,47
148,17
166,34
263,14
306,23
187,56
242,15
217,31
250,0
303,45
80,36
236,47
184,17
158,34
267,14
328,23
187,56
257,15
207,31
233,0
316,45
86,36
252,47
189,17
146,34
280,14
325,23
178,56
236,15
245,31
231,0
269,45
89,36
263,47
187,17
147,34
295,14
319,23
187,56
283,15
201,31
237,0
295,45
105,36
219,47
367,17
173,34
280,14
346,23
255,56
201,15
211,31
207,0
279,45
87,36
229,47
144,17
167,34
262,14
337,23
210,56
245,15
215,31
226,0
247,45
78,36
208,47
200,17
97,34
288,14
325,23
194,56
251,15
233,31
209,0
304,45
89,36
355,47
180,17
181,34
244,14
303,23
221,56
221,15
239,31
252,0
384,45
78,36
252,47
174,17
172,34
315,14
343,23
234,56
254,15
227,31
222,0
279,45
100,36
260,47
227,17
162,34
292,14
305,23
266,56
272,15
229,31
248,0
322,45
68,36
214,47
215,17
209,34
343,14
334,23
253,56
234,15
241,31
240,0
372,45
94,36
270,47
227,17
170,34
292,14
344,23
214,56
264,15
209,31
232,0
316,45
103,36
330,47
175,17
198,34
313,14
324,23
197,56
271,15
227,31
233,0
362,45
54,36
196,47
220,17
143,34
300,14
313,23
210,56
261,15
206,31
222,0
384,45
83,36
346,47
174,17
211,34
270,14
311,23
218,56
322,15
239,31
233,0
305,45
95,36
227,47
171,17
163,34
313,14
355,23
277,56
179,15
315,31
239,0
364,45
94,36
229,47
177,17
161,34
295,14
330,23
234,56
227,15
221,31
228,0
1497,45
109,36
291,47
296,17
219,34
308,14
342,23
273,56
210,15
277,31
244,0
329,45
117,36
274,47
236,17
183,34
364,14
392,23
288,56
297,15
230,31
254,0
317,45
106,36
265,47
208,17
138,34
340,14
342,23
401,56
451,15
225,31
255,0
303,45
96,36
276,47
181,17
188,34
264,14
351,23
342,56
471,15
185,31
253,0
420,45
71,36
235,47
148,17
180,34
266,14
294,23
221,56
234,15
247,31
228,0
317,45
99,36
524,47
162,17
214,34
261,14
288,23
244,56
194,15
251,31
224,0
308,45
94,36
226,47
202,17
154,34
296,14
381,23
305,56
229,15
189,31
218,0
321,45
116,36
217,47
280,17
173,34
259,14
312,23
228,56
241,15
209,31
224,0
344,45
93,36
238,47
193,17
123,34
287,14
314,23
264,56
216,15
243,31
202,0
286,45
104,36
237,47
231,17
143,34
316,14
358,23
279,56
264,15
224,31
237,0
290,45
111,36
265,47
184,17
158,34
302,14
329,23
255,56
221,15
263,31
218,0
325,45
94,36
218,47
201,17
148,34
313,14
381,23
290,56
222,15
236,31
247,0
325,45
102,36
217,47
223,17
131,34
253,14
357,23
302,56
227,15
247,31
247,0
306,45
103,36
221,47
217,17
156,34
277,14
321,23
229,56
272,15
211,31
268,0
300,45
114,36
231,47
208,17
144,34
308,14
342,23
280,56
240,15
217,31
220,0
290,45
110,36
269,47
199,17
160,34
309,14
356,23
274,56
242,15
243,31
209,0
302,45
110,36
236,47
215,17
171,34
266,14
340,23
258,56
240,15
239,31
198,0
283,45
101,36
284,47
194,17
179,34
286,14
366,23
281,56
265,15
261,31
228,0
276,45
92,36
271,47
220,17
147,34
271,14
346,23
260,56
243,15
266,31
148,0
278,45
101,36
388,47
165,17
197,34
306,14
374,23
252,56
247,15
305,31
238,0
309,45
87,36
256,47
247,17
148,34
392,14
345,23
275,56
239,15
241,31
209,0
310,45
94,36
249,47
251,17
135,34
294,14
363,23
242,56
249,15
259,31
212,0
249,45
97,36
247,47
183,17
165,34
269,14
298,23
319,56
194,15
266,31
228,0
260,45
83,36
223,47
167,17
149,34
265,14
311,23
247,56
218,15
207,31
219,0
267,45
90,36
226,47
181,17
166,34
354,14
310,23
310,56
201,15
210,31
244,0
269,45
83,36
262,47
189,17
141,34
283,14
310,23
274,56
209,15
248,31
232,0
299,45
63,36
349,47
198,17
156,34
260,14
315,23
291,56
242,15
265,31
269,0
322,45
75,36
339,47
225,17
171,34
297,14
307,23
256,56
224,15
234,31
246,0
726,45
102,36
326,47
167,17
157,34
270,14
302,23
291,56
216,15
241,31
236,0
311,45
69,36
261,47
185,17
140,34
267,14
321,23
346,56
196,15
263,31
269,0
351,45
64,36
237,47
188,17
170,34
343,14
370,23
341,56
209,15
245,31
245,0
286,45
121,36
264,47
167,17
129,34
293,14
314,23
336,56
176,15
248,31
230,0
650,45
91,36
321,47
150,17
130,34
312,14
326,23
269,56
296,15
215,31
240,0
306,45
80,36
316,47
175,17
169,34
323,14
367,23
308,56
183,15
242,31
224,0
297,45
91,36
200,47
239,17
124,34
302,14
335,23
334,56
315,15
200,31
393,0
303,45
67,36
241,47
229,17
149,34
298,14
320,23
330,56
235,15
219,31
236,0
337,45
89,36
284,47
234,17
181,34
348,14
360,23
364,56
270,15
209,31
274,0
291,45
101,36
179,47
242,17
150,34
300,14
368,23
292,56
237,15
265,31
225,0
320,45
66,36
205,47
217,17
159,34
311,14
363,23
277,56
238,15
270,31
252,0
332,45
109,36
249,47
222,17
177,34
274,14
339,23
284,56
230,15
238,31
224,0
319,45
101,36
206,47
225,17
98,34
338,14
342,23
295,56
240,15
169,31
235,0
282,45
104,36
246,47
214,17
129,34
251,14
335,23
248,56
256,15
184,31
234,0
308,45
111,36
206,47
242,17
106,34
354,14
350,23
280,56
262,15
202,31
260,0
316,45
88,36
231,47
227,17
113,34
289,14
346,23
281,56
239,15
241,31
268,0
275,45
94,36
240,47
256,17
131,34
313,14
349,23
284,56
216,15
212,31
264,0
340,45
61,36
220,47
221,17
154,34
311,14
340,23
273,56
231,15
245,31
300,0
355,45
30,36
293,47
189,17
145,34
296,14
323,23
279,56
307,15
221,31
264,0
299,45
91,36
233,47
210,17
139,34
288,14
314,23
271,56
245,15
248,31
249,0
272,45
127,36
291,47
200,17
151,34
280,14
364,23
318,56
209,15
243,31
236,0
318,45
96,36
243,47
246,17
122,34
345,14
381,23
268,56
227,15
210,31
187,0
322,45
95,36
226,47
226,17
124,34
323,14
328,23
304,56
216,15
206,31
284,0
371,45
84,36
298,47
194,17
172,34
249,14
323,23
333,56
214,15
217,31
278,0
392,45
77,36
222,47
239,17
117,34
304,14
335,23
254,56
238,15
235,31
253,0
323,45
103,36
248,47
207,17
229,34
280,14
417,23
241,56
220,15
240,31
209,0
332,45
94,36
210,47
208,17
121,34
287,14
348,23
352,56
301,15
280,31
235,0
298,45
97,36
262,47
213,17
122,34
293,14
330,23
311,56
223,15
219,31
238,0
287,45
64,36
211,47
261,17
147,34
379,14
339,23
275,56
246,15
224,31
218,0
268,45
113,36
220,47
214,17
127,34
371,14
319,23
241,56
268,15
282,31
290,0
281,45
106,36
239,47
185,17
146,34
241,14
323,23
223,56
290,15
240,31
221,0
278,45
103,36
245,47
194,17
182,34
285,14
318,23
228,56
243,15
208,31
202,0
259,45
100,36
249,47
147,17
218,34
273,14
369,23
275,56
268,15
218,31
241,0
265,45
119,36
262,47
222,17
148,34
279,14
336,23
319,56
214,15
265,31
195,0
315,45
83,36
210,47
222,17
142,34
311,14
376,23
278,56
215,15
212,31
234,0
319,45
106,36
245,47
250,17
141,34
316,14
357,23
287,56
186,15
284,31
235,0
268,45
108,36
192,47
256,17
118,34
374,14
349,23
233,56
217,15
227,31
214,0
288,45
96,36
245,47
167,17
235,34
293,14
331,23
311,56
76,15
316,31
232,0
251,45
96,36
286,47
153,17
217,34
250,14
337,23
210,56
213,15
218,31
236,0
314,45
84,36
266,47
233,17
172,34
329,14
327,23
288,56
199,15
204,31
236,0
309,45
92,36
209,47
242,17
119,34
358,14
307,23
287,56
199,15
218,31
300,0
659,45
96,36
259,47
172,17
181,34
272,14
291,23
277,56
251,15
146,31
328,0
310,45
99,36
246,47
206,17
155,34
276,14
323,23
252,56
250,15
201,31
221,0
286,45
129,36
337,47
184,17
181,34
299,14
326,23
297,56
254,15
191,31
257,0
274,45
115,36
223,47
194,17
154,34
298,14
349,23
232,56
175,15
199,31
248,0
286,45
78,36
201,47
173,17
126,34
260,14
301,23
224,56
205,15
186,31
255,0
295,45
66,36
254,47
173,17
150,34
260,14
365,23
263,56
287,15
88,31
247,0
329,45
65,36
216,47
195,17
300,34
356,14
384,23
317,56
233,15
236,31
209,0
296,45
65,36
255,47
221,17
188,34
266,14
313,23
269,56
207,15
188,31
270,0
311,45
73,36
266,47
200,17
116,34
297,14
315,23
269,56
153,15
268,31
217,0
335,45
61,36
278,47
161,17
156,34
258,14
343,23
244,56
234,15
205,31
252,0
333,45
69,36
304,47
184,17
145,34
305,14
331,23
258,56
182,15
225,31
209,0
355,45
57,36
240,47
191,17
146,34
277,14
312,23
239,56
192,15
234,31
249,0
344,45
68,36
180,47
223,17
111,34
249,14
338,23
199,56
200,15
217,31
226,0
290,45
67,36
221,47
189,17
88,34
314,14
316,23
227,56
234,15
172,31
269,0
364,45
79,36
239,47
150,17
166,34
237,14
322,23
181,56
243,15
195,31
227,0
313,45
86,36
244,47
206,17
130,34
264,14
328,23
227,56
180,15
218,31
269,0
342,45
60,36
231,47
234,17
107,34
238,14
305,23
274,56
189,15
216,31
248,0
252,45
89,36
354,47
181,17
122,34
248,14
278,23
207,56
217,15
200,31
269,0
328,45
91,36
168,47
211,17
110,34
227,14
296,23
167,56
218,15
187,31
197,0
267,45
105,36
168,47
203,17
99,34
289,14
315,23
212,56
192,15
184,31
227,0
301,45
87,36
205,47
194,17
118,34
253,14
333,23
199,56
260,15
182,31
288,0
302,45
49,36
179,47
179,17
100,34
240,14
272,23
188,56
223,15
208,31
186,0
354,45
59,36
169,47
224,17
125,34
252,14
309,23
268,56
135,15
244,31
224,0
646,45
78,36
212,47
216,17
109,34
252,14
324,23
240,56
210,15
231,31
245,0
348,45
118,36
277,47
199,17
158,34
266,14
338,23
238,56
210,15
291,31
262,0
375,45
59,36
235,47
247,17
159,34
279,14
341,23
278,56
290,15
235,31
255,0
351,45
107,36
188,47
243,17
233,34
391,14
317,23
269,56
220,15
234,31
229,0
373,45
81,36
198,47
243,17
145,34
297,14
390,23
233,56
523,15
252,31
228,0
342,45
86,36
174,47
211,17
119,34
291,14
313,23
199,56
234,15
223,31
243,0
386,45
45,36
420,47
244,17
201,34
270,14
327,23
201,56
243,15
215,31
184,0
356,45
72,36
222,47
215,17
142,34
308,14
319,23
207,56
303,15
217,31
264,0
390,45
30,36
336,47
219,17
150,34
276,14
321,23
231,56
275,15
191,31
237,0
440,45
24,36
241,47
240,17
157,34
306,14
335,23
207,56
270,15
224,31
181,0
358,45
86,36
195,47
234,17
110,34
257,14
306,23
195,56
271,15
203,31
181,0
318,45
105,36
188,47
214,17
106,34
246,14
311,23
197,56
298,15
213,31
194,0
327,45
92,36
220,47
216,17
154,34
204,14
311,23
221,56
225,15
222,31
165,0
380,45
78,36
214,47
178,17
126,34
261,14
317,23
193,56
251,15
203,31
241,0
325,45
89,36
186,47
236,17
112,34
301,14
307,23
224,56
231,15
245,31
128,0
358,45
87,36
171,47
237,17
104,34
291,14
322,23
247,56
208,15
280,31
109,0
385,45
92,36
221,47
189,17
148,34
214,14
302,23
187,56
215,15
325,31
233,0
298,45
80,36
205,47
204,17
128,34
233,14
293,23
217,56
236,15
245,31
132,0
331,45
76,36
174,47
209,17
145,34
233,14
360,23
178,56
262,15
178,31
184,0
358,45
82,36
196,47
190,17
139,34
260,14
310,23
220,56
253,15
190,31
197,0
278,45
108,36
185,47
214,17
133,34
217,14
307,23
252,56
211,15
264,31
254,0
281,45
110,36
198,47
185,17
124,34
248,14
307,23
259,56
287,15
213,31
252,0
279,45
91,36
244,47
204,17
131,34
288,14
335,23
226,56
263,15
228,31
196,0
346,45
53,36
225,47
230,17
149,34
275,14
305,23
317,56
177,15
315,31
189,0
339,45
23,36
191,47
241,17
142,34
312,14
342,23
293,56
260,15
231,31
242,0
289,45
111,36
225,47
223,17
183,34
294,14
342,23
229,56
271,15
267,31
258,0
308,45
94,36
214,47
230,17
119,34
295,14
304,23
256,56
216,15
248,31
190,0
329,45
92,36
200,47
240,17
181,34
294,14
309,23
235,56
515,15
302,31
221,0
290,45
111,36
187,47
208,17
162,34
241,14
306,23
238,56
225,15
219,31
173,0
354,45
80,36
204,47
235,17
113,34
274,14
320,23
352,56
613,15
273,31
533,0
529,45
94,36
251,47
147,17
153,34
257,14
327,23
237,56
144,15
199,31
212,0
265,45
74,36
180,47
206,17
41,34
274,14
344,23
186,56
184,15
165,31
238,0
249,45
80,36
182,47
220,17
76,34
217,14
303,23
188,56
210,15
174,31
216,0
255,45
70,36
233,47
196,17
105,34
271,14
307,23
274,56
206,15
143,31
243,0
254,45
71,36
177,47
227,17
74,34
270,14
292,23
239,56
177,15
209,31
232,0
273,45
79,36
225,47
230,17
99,34
273,14
302,23
206,56
207,15
193,31
228,0
313,45
86,36
275,47
172,17
116,34
245,14
291,23
261,56
120,15
233,31
215,0
271,45
78,36
282,47
175,17
159,34
264,14
329,23
217,56
189,15
202,31
238,0
256,45
84,36
217,47
199,17
111,34
286,14
292,23
226,56
210,15
201,31
233,0
277,45
100,36
196,47
202,17
107,34
281,14
316,23
183,56
199,15
201,31
212,0
274,45
91,36
266,47
211,17
88,34
273,14
279,23
223,56
212,15
203,31
212,0
353,45
90,36
254,47
172,17
127,34
253,14
316,23
233,56
199,15
203,31
191,0
271,45
86,36
256,47
145,17
136,34
268,14
303,23
207,56
180,15
207,31
214,0
297,45
91,36
226,47
191,17
83,34
276,14
276,23
229,56
181,15
210,31
213,0
352,45
114,36
231,47
185,17
120,34
290,14
320,23
228,56
210,15
224,31
229,0
659,45
80,36
223,47
189,17
103,34
259,14
332,23
193,56
191,15
180,31
228,0
324,45
93,36
276,47
191,17
122,34
238,14
353,23
187,56
223,15
207,31
255,0
292,45
78,36
219,47
250,17
95,34
287,14
343,23
226,56
227,15
190,31
237,0
288,45
83,36
230,47
215,17
100,34
366,14
336,23
186,56
228,15
172,31
226,0
305,45
82,36
266,47
166,17
143,34
288,14
390,23
221,56
221,15
202,31
233,0
385,45
47,36
298,47
203,17
114,34
248,14
279,23
187,56
192,15
234,31
298,0
318,45
98,36
232,47
204,17
154,34
262,14
308,23
207,56
222,15
172,31
272,0
296,45
94,36
241,47
138,17
219,34
320,14
376,23
211,56
183,15
218,31
292,0
305,45
81,36
208,47
250,17
134,34
288,14
349,23
188,56
231,15
186,31
202,0
389,45
88,36
212,47
230,17
182,34
305,14
314,23
251,56
222,15
246,31
241,0
352,45
104,36
227,47
227,17
92,34
384,14
304,23
232,56
252,15
183,31
236,0
292,45
100,36
231,47
224,17
77,34
275,14
274,23
214,56
230,15
153,31
277,0
388,45
102,36
204,47
196,17
124,34
291,14
297,23
180,56
226,15
213,31
255,0
293,45
71,36
208,47
176,17
126,34
256,14
345,23
246,56
223,15
249,31
219,0
276,45
101,36
220,47
221,17
93,34
298,14
278,23
206,56
215,15
217,31
235,0
263,45
83,36
228,47
198,17
121,34
267,14
290,23
233,56
203,15
203,31
207,0
270,45
87,36
196,47
256,17
108,34
270,14
271,23
223,56
210,15
239,31
211,0
369,45
15,36
195,47
236,17
126,34
337,14
342,23
228,56
216,15
211,31
248,0
699,45
103,36
213,47
257,17
120,34
313,14
308,23
211,56
273,15
233,31
217,0
304,45
72,36
228,47
224,17
106,34
277,14
292,23
229,56
198,15
276,31
211,0
317,45
88,36
216,47
203,17
134,34
258,14
318,23
211,56
203,15
250,31
193,0
283,45
95,36
201,47
209,17
121,34
257,14
329,23
226,56
196,15
216,31
230,0
315,45
91,36
197,47
683,17
232,34
340,14
395,23
267,56
187,15
193,31
224,0
319,45
90,36
218,47
219,17
174,34
268,14
301,23
247,56
204,15
220,31
245,0
332,45
86,36
217,47
266,17
144,34
431,14
366,23
261,56
165,15
259,31
211,0
288,45
94,36
210,47
263,17
86,34
280,14
292,23
219,56
210,15
181,31
299,0
278,45
94,36
201,47
276,17
108,34
358,14
286,23
226,56
188,15
221,31
247,0
390,45
100,36
263,47
192,17
148,34
252,14
309,23
226,56
220,15
181,31
279,0
337,45
93,36
215,47
264,17
168,34
363,14
370,23
230,56
225,15
181,31
311,0
273,45
101,36
207,47
289,17
144,34
278,14
323,23
246,56
215,15
237,31
229,0
266,45
91,36
240,47
276,17
112,34
364,14
304,23
222,56
240,15
119,31
338,0
289,45
92,36
217,47
224,17
141,34
330,14
341,23
185,56
205,15
246,31
200,0
286,45
103,36
200,47
270,17
146,34
379,14
342,23
234,56
186,15
273,31
237,0
279,45
99,36
195,47
249,17
127,34
313,14
334,23
202,56
234,15
211,31
257,0
306,45
91,36
226,47
222,17
115,34
371,14
354,23
210,56
198,15
216,31
201,0
269,45
85,36
