344,47
198,17
191,34
730,14
461,23
647,56
213,15
311,31
320,0
600,45
124,36
489,47
180,17
179,34
796,14
511,23
246,56
170,15
272,31
437,0
336,45
70,36
441,47
208,17
215,34
658,14
408,23
231,56
172,15
273,31
396,0
402,45
112,36
472,47
389,17
321,34
550,14
540,23
244,56
236,15
279,31
291,0
313,45
109,36
499,47
208,17
242,34
754,14
395,23
233,56
144,15
277,31
301,0
272,45
88,36
513,47
239,17
258,34
913,14
441,23
231,56
180,15
278,31
318,0
300,45
124,36
576,47
188,17
257,34
470,14
658,23
224,56
181,15
280,31
426,0
509,45
128,36
861,47
209,17
220,34
525,14
498,23
253,56
170,15
251,31
279,0
310,45
119,36
573,47
197,17
211,34
467,14
424,23
298,56
203,15
257,31
281,0
325,45
114,36
428,47
197,17
284,34
484,14
467,23
283,56
190,15
277,31
516,0
300,45
128,36
364,47
239,17
262,34
649,14
528,23
255,56
204,15
263,31
313,0
391,45
135,36
430,47
207,17
239,34
663,14
441,23
230,56
177,15
263,31
281,0
376,45
107,36
389,47
204,17
235,34
646,14
399,23
258,56
160,15
277,31
291,0
287,45
124,36
379,47
237,17
531,34
390,14
477,23
305,56
171,15
276,31
226,0
428,45
118,36
430,47
224,17
235,34
557,14
444,23
249,56
182,15
295,31
256,0
449,45
154,36
450,47
227,17
266,34
464,14
437,23
253,56
160,15
289,31
326,0
359,45
117,36
296,47
230,17
224,34
485,14
468,23
204,56
229,15
265,31
550,0
315,45
116,36
455,47
176,17
226,34
329,14
612,23
277,56
223,15
292,31
314,0
412,45
118,36
467,47
159,17
245,34
426,14
425,23
240,56
175,15
274,31
283,0
457,45
79,36
704,47
117,17
387,34
410,14
506,23
227,56
220,15
264,31
278,0
308,45
143,36
579,47
184,17
236,34
418,14
482,23
398,56
239,15
262,31
326,0
356,45
105,36
401,47
214,17
198,34
415,14
503,23
305,56
217,15
283,31
268,0
396,45
123,36
624,47
176,17
195,34
621,14
410,23
232,56
191,15
261,31
272,0
696,45
121,36
450,47
255,17
210,34
729,14
788,23
295,56
179,15
276,31
272,0
360,45
119,36
540,47
186,17
240,34
459,14
400,23
246,56
181,15
271,31
274,0
295,45
101,36
330,47
258,17
186,34
553,14
488,23
404,56
236,15
269,31
374,0
280,45
106,36
322,47
261,17
233,34
622,14
464,23
208,56
194,15
266,31
313,0
581,45
115,36
265,47
188,17
233,34
442,14
556,23
228,56
187,15
269,31
749,0
334,45
86,36
364,47
234,17
190,34
425,14
523,23
218,56
176,15
291,31
805,0
217,45
107,36
431,47
223,17
204,34
558,14
450,23
236,56
164,15
319,31
305,0
451,45
88,36
386,47
205,17
219,34
516,14
456,23
214,56
233,15
298,31
581,0
289,45
128,36
376,47
185,17
161,34
563,14
401,23
231,56
184,15
261,31
321,0
370,45
118,36
259,47
223,17
218,34
414,14
475,23
238,56
170,15
251,31
348,0
302,45
125,36
380,47
200,17
226,34
529,14
452,23
305,56
236,15
269,31
477,0
293,45
131,36
534,47
268,17
204,34
486,14
524,23
257,56
159,15
253,31
292,0
257,45
113,36
361,47
228,17
202,34
482,14
453,23
225,56
194,15
278,31
339,0
264,45
120,36
350,47
266,17
253,34
457,14
497,23
269,56
191,15
292,31
515,0
509,45
94,36
492,47
214,17
231,34
436,14
532,23
222,56
195,15
309,31
250,0
459,45
122,36
330,47
197,17
228,34
518,14
638,23
354,56
286,15
292,31
496,0
360,45
154,36
243,47
345,17
243,34
495,14
445,23
240,56
192,15
296,31
315,0
290,45
106,36
382,47
209,17
237,34
456,14
428,23
272,56
175,15
266,31
305,0
259,45
120,36
402,47
219,17
233,34
891,14
627,23
212,56
234,15
279,31
723,0
248,45
127,36
450,47
198,17
213,34
441,14
436,23
226,56
182,15
272,31
310,0
237,45
98,36
420,47
262,17
209,34
834,14
867,23
273,56
253,15
256,31
395,0
317,45
123,36
410,47
295,17
243,34
479,14
594,23
252,56
230,15
248,31
496,0
346,45
97,36
439,47
255,17
240,34
669,14
569,23
292,56
251,15
266,31
299,0
291,45
116,36
418,47
217,17
310,34
574,14
619,23
293,56
180,15
294,31
398,0
326,45
92,36
314,47
251,17
193,34
679,14
388,23
225,56
211,15
188,31
273,0
242,45
120,36
321,47
181,17
238,34
568,14
436,23
195,56
205,15
240,31
241,0
277,45
101,36
613,47
133,17
204,34
409,14
432,23
174,56
231,15
200,31
199,0
252,45
83,36
743,47
202,17
155,34
731,14
392,23
200,56
162,15
271,31
510,0
329,45
82,36
290,47
157,17
176,34
528,14
394,23
203,56
158,15
255,31
282,0
695,45
90,36
322,47
180,17
177,34
505,14
432,23
189,56
171,15
253,31
641,0
319,45
76,36
389,47
204,17
197,34
512,14
430,23
269,56
237,15
256,31
289,0
600,45
105,36
360,47
150,17
203,34
643,14
1018,23
284,56
201,15
266,31
253,0
870,45
90,36
277,47
183,17
178,34
491,14
416,23
231,56
177,15
291,31
379,0
318,45
106,36
327,47
170,17
197,34
480,14
391,23
224,56
191,15
260,31
363,0
287,45
78,36
323,47
191,17
189,34
446,14
381,23
224,56
161,15
280,31
344,0
313,45
85,36
257,47
183,17
203,34
443,14
388,23
219,56
180,15
261,31
303,0
305,45
89,36
422,47
156,17
244,34
442,14
396,23
215,56
181,15
277,31
578,0
375,45
54,36
269,47
206,17
199,34
407,14
457,23
209,56
209,15
228,31
234,0
304,45
95,36
278,47
201,17
189,34
391,14
450,23
276,56
97,15
416,31
293,0
337,45
102,36
291,47
194,17
196,34
325,14
451,23
245,56
195,15
257,31
224,0
342,45
92,36
233,47
222,17
197,34
324,14
412,23
236,56
191,15
261,31
280,0
291,45
89,36
264,47
208,17
189,34
371,14
480,23
247,56
209,15
250,31
245,0
280,45
117,36
252,47
218,17
264,34
325,14
478,23
338,56
177,15
260,31
212,0
474,45
144,36
381,47
199,17
286,34
370,14
640,23
266,56
202,15
250,31
254,0
317,45
95,36
245,47
204,17
244,34
1059,14
458,23
281,56
238,15
234,31
197,0
324,45
99,36
273,47
184,17
192,34
305,14
481,23
190,56
224,15
216,31
219,0
284,45
80,36
267,47
184,17
199,34
363,14
560,23
341,56
506,15
318,31
271,0
279,45
90,36
296,47
188,17
189,34
342,14
450,23
228,56
189,15
253,31
219,0
309,45
103,36
359,47
269,17
95,34
640,14
512,23
469,56
193,15
247,31
206,0
356,45
91,36
293,47
184,17
248,34
338,14
470,23
196,56
199,15
248,31
223,0
392,45
126,36
474,47
225,17
168,34
661,14
383,23
223,56
160,15
253,31
311,0
362,45
102,36
263,47
188,17
201,34
354,14
516,23
239,56
162,15
217,31
208,0
439,45
81,36
258,47
246,17
553,34
360,14
465,23
196,56
216,15
223,31
202,0
300,45
126,36
596,47
152,17
232,34
663,14
495,23
208,56
185,15
251,31
210,0
302,45
101,36
303,47
195,17
209,34
390,14
432,23
189,56
201,15
233,31
193,0
352,45
75,36
425,47
235,17
242,34
371,14
462,23
200,56
199,15
234,31
201,0
345,45
101,36
347,47
231,17
224,34
371,14
521,23
335,56
217,15
212,31
237,0
325,45
73,36
392,47
201,17
238,34
295,14
433,23
209,56
200,15
240,31
186,0
313,45
71,36
419,47
219,17
227,34
372,14
459,23
115,56
178,15
245,31
192,0
386,45
109,36
264,47
215,17
209,34
670,14
459,23
400,56
215,15
240,31
207,0
302,45
116,36
270,47
162,17
235,34
317,14
486,23
420,56
169,15
272,31
249,0
347,45
104,36
431,47
191,17
223,34
330,14
458,23
209,56
206,15
210,31
157,0
371,45
101,36
339,47
197,17
208,34
370,14
416,23
160,56
213,15
194,31
190,0
284,45
87,36
258,47
193,17
258,34
396,14
422,23
213,56
206,15
213,31
226,0
637,45
128,36
303,47
201,17
235,34
350,14
428,23
167,56
230,15
231,31
165,0
532,45
113,36
251,47
211,17
202,34
748,14
487,23
209,56
164,15
242,31
184,0
352,45
89,36
348,47
247,17
216,34
358,14
454,23
189,56
182,15
215,31
184,0
374,45
80,36
411,47
217,17
197,34
326,14
476,23
250,56
231,15
261,31
215,0
603,45
142,36
329,47
227,17
180,34
365,14
453,23
185,56
223,15
242,31
186,0
364,45
116,36
368,47
201,17
205,34
404,14
428,23
226,56
210,15
223,31
196,0
539,45
123,36
387,47
248,17
183,34
355,14
448,23
200,56
204,15
252,31
210,0
320,45
114,36
367,47
222,17
194,34
463,14
430,23
185,56
213,15
228,31
200,0
587,45
144,36
379,47
280,17
228,34
688,14
472,23
208,56
229,15
230,31
208,0
351,45
110,36
350,47
227,17
210,34
469,14
445,23
217,56
237,15
197,31
203,0
366,45
54,36
378,47
191,17
208,34
373,14
434,23
179,56
243,15
211,31
207,0
344,45
59,36
337,47
196,17
224,34
1102,14
611,23
217,56
212,15
226,31
148,0
292,45
137,36
581,47
185,17
222,34
446,14
468,23
196,56
213,15
221,31
169,0
320,45
112,36
329,47
176,17
153,34
480,14
347,23
222,56
159,15
248,31
211,0
229,45
68,36
249,47
182,17
135,34
483,14
387,23
188,56
177,15
233,31
214,0
266,45
85,36
291,47
173,17
158,34
475,14
375,23
183,56
157,15
231,31
211,0
311,45
85,36
256,47
232,17
171,34
490,14
358,23
214,56
182,15
225,31
214,0
316,45
99,36
391,47
163,17
205,34
504,14
386,23
138,56
219,15
204,31
224,0
316,45
81,36
360,47
147,17
216,34
464,14
373,23
205,56
186,15
233,31
250,0
303,45
86,36
315,47
190,17
401,34
443,14
420,23
229,56
160,15
254,31
228,0
371,45
67,36
292,47
152,17
200,34
469,14
369,23
176,56
176,15
213,31
268,0
354,45
82,36
350,47
173,17
179,34
408,14
378,23
189,56
188,15
204,31
222,0
315,45
74,36
285,47
154,17
182,34
406,14
375,23
207,56
157,15
242,31
227,0
252,45
78,36
319,47
159,17
179,34
409,14
407,23
170,56
144,15
239,31
231,0
291,45
80,36
267,47
179,17
137,34
407,14
421,23
190,56
188,15
215,31
205,0
319,45
84,36
257,47
174,17
158,34
369,14
365,23
143,56
210,15
219,31
209,0
310,45
85,36
294,47
130,17
159,34
412,14
470,23
205,56
190,15
207,31
211,0
287,45
68,36
314,47
171,17
160,34
382,14
395,23
162,56
185,15
203,31
229,0
595,45
123,36
302,47
167,17
169,34
414,14
406,23
581,56
200,15
224,31
230,0
314,45
111,36
260,47
179,17
168,34
370,14
374,23
206,56
182,15
217,31
194,0
325,45
108,36
256,47
187,17
168,34
395,14
380,23
188,56
189,15
204,31
207,0
296,45
95,36
276,47
186,17
180,34
386,14
408,23
240,56
211,15
210,31
244,0
568,45
105,36
271,47
157,17
150,34
401,14
426,23
200,56
192,15
243,31
204,0
584,45
142,36
297,47
206,17
207,34
592,14
380,23
215,56
155,15
199,31
216,0
288,45
102,36
292,47
195,17
190,34
567,14
421,23
182,56
219,15
194,31
210,0
291,45
110,36
354,47
220,17
182,34
489,14
414,23
165,56
197,15
205,31
216,0
326,45
99,36
333,47
186,17
172,34
350,14
406,23
196,56
204,15
214,31
191,0
310,45
124,36
278,47
189,17
156,34
351,14
416,23
231,56
176,15
223,31
202,0
300,45
106,36
270,47
203,17
173,34
432,14
389,23
198,56
195,15
206,31
189,0
302,45
116,36
294,47
182,17
178,34
479,14
425,23
173,56
172,15
186,31
188,0
303,45
107,36
339,47
192,17
162,34
395,14
428,23
187,56
172,15
224,31
188,0
277,45
112,36
286,47
199,17
172,34
414,14
443,23
143,56
194,15
220,31
186,0
324,45
95,36
323,47
201,17
186,34
396,14
410,23
165,56
206,15
199,31
190,0
295,45
102,36
275,47
179,17
173,34
313,14
392,23
193,56
164,15
219,31
181,0
317,45
112,36
350,47
187,17
181,34
326,14
415,23
160,56
203,15
236,31
187,0
336,45
127,36
304,47
208,17
338,34
448,14
387,23
180,56
222,15
172,31
187,0
314,45
131,36
276,47
195,17
152,34
312,14
486,23
189,56
318,15
240,31
320,0
298,45
127,36
326,47
160,17
175,34
292,14
414,23
159,56
201,15
183,31
203,0
329,45
84,36
286,47
218,17
181,34
496,14
434,23
215,56
157,15
217,31
173,0
290,45
100,36
330,47
199,17
171,34
446,14
459,23
314,56
204,15
214,31
217,0
336,45
132,36
328,47
190,17
193,34
342,14
403,23
230,56
153,15
230,31
199,0
297,45
89,36
272,47
193,17
769,34
1809,14
488,23
188,56
199,15
207,31
175,0
326,45
112,36
279,47
160,17
174,34
451,14
397,23
193,56
229,15
185,31
230,0
303,45
93,36
307,47
178,17
209,34
362,14
442,23
211,56
208,15
191,31
223,0
290,45
103,36
322,47
175,17
175,34
337,14
462,23
192,56
227,15
216,31
192,0
324,45
129,36
394,47
220,17
209,34
356,14
417,23
188,56
226,15
235,31
209,0
330,45
114,36
284,47
214,17
214,34
393,14
376,23
168,56
190,15
225,31
176,0
325,45
68,36
570,47
196,17
220,34
377,14
383,23
173,56
208,15
220,31
168,0
314,45
96,36
516,47
210,17
214,34
408,14
403,23
164,56
185,15
232,31
171,0
296,45
120,36
296,47
290,17
204,34
335,14
452,23
202,56
178,15
213,31
170,0
353,45
116,36
299,47
433,17
228,34
804,14
427,23
224,56
185,15
220,31
181,0
319,45
128,36
284,47
197,17
177,34
313,14
439,23
261,56
175,15
237,31
197,0
294,45
114,36
342,47
205,17
198,34
367,14
403,23
171,56
218,15
199,31
189,0
256,45
102,36
197,47
195,17
157,34
445,14
381,23
194,56
163,15
211,31
211,0
280,45
78,36
261,47
165,17
175,34
450,14
350,23
202,56
162,15
193,31
205,0
309,45
67,36
283,47
167,17
166,34
408,14
428,23
189,56
178,15
208,31
200,0
344,45
80,36
256,47
158,17
190,34
305,14
403,23
202,56
147,15
218,31
206,0
314,45
63,36
226,47
143,17
195,34
281,14
388,23
179,56
183,15
219,31
204,0
327,45
73,36
320,47
155,17
205,34
341,14
395,23
181,56
183,15
208,31
220,0
301,45
79,36
338,47
162,17
208,34
336,14
422,23
169,56
232,15
198,31
227,0
328,45
79,36
257,47
168,17
141,34
876,14
507,23
191,56
163,15
217,31
204,0
311,45
90,36
272,47
161,17
160,34
312,14
406,23
188,56
146,15
226,31
206,0
302,45
78,36
257,47
181,17
170,34
323,14
408,23
171,56
201,15
199,31
208,0
323,45
88,36
229,47
204,17
160,34
283,14
399,23
287,56
149,15
232,31
216,0
316,45
95,36
309,47
163,17
158,34
319,14
382,23
191,56
180,15
204,31
183,0
345,45
96,36
255,47
160,17
168,34
417,14
390,23
155,56
164,15
190,31
192,0
343,45
90,36
269,47
154,17
175,34
378,14
375,23
205,56
147,15
219,31
161,0
486,45
120,36
243,47
151,17
176,34
385,14
398,23
751,56
245,15
231,31
213,0
734,45
157,36
248,47
158,17
126,34
432,14
354,23
194,56
138,15
219,31
152,0
280,45
98,36
261,47
155,17
153,34
299,14
383,23
216,56
147,15
229,31
166,0
322,45
85,36
273,47
167,17
164,34
298,14
416,23
177,56
200,15
166,31
189,0
276,45
95,36
308,47
185,17
138,34
326,14
381,23
195,56
193,15
219,31
157,0
654,45
145,36
278,47
208,17
154,34
312,14
453,23
220,56
156,15
216,31
185,0
295,45
104,36
259,47
194,17
139,34
338,14
396,23
162,56
210,15
219,31
190,0
277,45
97,36
435,47
176,17
187,34
840,14
385,23
196,56
164,15
232,31
139,0
328,45
97,36
255,47
170,17
173,34
449,14
426,23
191,56
194,15
206,31
153,0
325,45
102,36
500,47
163,17
172,34
346,14
391,23
184,56
233,15
199,31
163,0
271,45
92,36
264,47
358,17
206,34
410,14
391,23
182,56
184,15
209,31
173,0
257,45
128,36
314,47
191,17
175,34
319,14
389,23
209,56
197,15
212,31
159,0
276,45
129,36
286,47
186,17
168,34
284,14
432,23
248,56
176,15
201,31
137,0
373,45
93,36
275,47
161,17
163,34
295,14
434,23
579,56
142,15
238,31
269,0
272,45
115,36
263,47
143,17
189,34
316,14
417,23
230,56
258,15
201,31
238,0
312,45
113,36
311,47
202,17
160,34
720,14
439,23
181,56
192,15
229,31
175,0
334,45
101,36
224,47
184,17
154,34
295,14
439,23
225,56
223,15
184,31
205,0
291,45
99,36
249,47
192,17
136,34
408,14
408,23
195,56
227,15
227,31
172,0
304,45
99,36
236,47
237,17
117,34
613,14
398,23
188,56
216,15
202,31
221,0
278,45
105,36
221,47
184,17
146,34
300,14
406,23
191,56
155,15
201,31
175,0
257,45
102,36
234,47
173,17
197,34
292,14
428,23
227,56
193,15
249,31
331,0
292,45
138,36
258,47
213,17
173,34
300,14
413,23
281,56
190,15
215,31
233,0
306,45
82,36
253,47
161,17
205,34
295,14
469,23
233,56
254,15
214,31
231,0
312,45
117,36
278,47
180,17
200,34
327,14
461,23
217,56
211,15
200,31
194,0
295,45
109,36
225,47
191,17
196,34
280,14
370,23
220,56
209,15
211,31
198,0
317,45
123,36
362,47
225,17
207,34
254,14
394,23
311,56
131,15
294,31
303,0
316,45
118,36
221,47
176,17
144,34
621,14
399,23
277,56
84,15
234,31
207,0
359,45
116,36
268,47
168,17
224,34
257,14
387,23
217,56
195,15
125,31
247,0
243,45
83,36
212,47
117,17
248,34
269,14
394,23
238,56
174,15
148,31
214,0
268,45
87,36
249,47
217,17
205,34
352,14
434,23
152,56
249,15
179,31
211,0
319,45
101,36
242,47
187,17
214,34
330,14
431,23
270,56
128,15
238,31
179,0
316,45
102,36
229,47
180,17
168,34
274,14
404,23
181,56
195,15
183,31
207,0
251,45
83,36
211,47
184,17
195,34
285,14
517,23
281,56
255,15
193,31
272,0
301,45
141,36
644,47
167,17
218,34
312,14
390,23
185,56
197,15
170,31
226,0
271,45
107,36
212,47
268,17
239,34
301,14
417,23
219,56
144,15
216,31
169,0
318,45
97,36
241,47
218,17
166,34
318,14
482,23
201,56
200,15
180,31
181,0
277,45
96,36
203,47
193,17
161,34
445,14
339,23
190,56
156,15
225,31
191,0
305,45
70,36
251,47
161,17
169,34
247,14
383,23
169,56
146,15
225,31
179,0
560,45
70,36
201,47
184,17
170,34
311,14
348,23
203,56
171,15
182,31
163,0
280,45
82,36
260,47
163,17
182,34
277,14
385,23
121,56
280,15
192,31
190,0
255,45
88,36
281,47
190,17
211,34
326,14
386,23
178,56
181,15
223,31
170,0
327,45
64,36
245,47
123,17
240,34
287,14
384,23
146,56
185,15
205,31
180,0
290,45
90,36
224,47
173,17
184,34
829,14
417,23
192,56
216,15
207,31
189,0
368,45
111,36
402,47
172,17
174,34
299,14
377,23
242,56
201,15
269,31
208,0
330,45
102,36
201,47
186,17
128,34
343,14
583,23
245,56
162,15
215,31
180,0
293,45
85,36
242,47
183,17
162,34
295,14
410,23
180,56
213,15
189,31
182,0
298,45
94,36
358,47
172,17
165,34
314,14
374,23
202,56
218,15
211,31
146,0
284,45
98,36
279,47
191,17
180,34
290,14
364,23
153,56
214,15
211,31
187,0
455,45
85,36
238,47
193,17
160,34
654,14
387,23
215,56
126,15
253,31
151,0
275,45
88,36
216,47
178,17
171,34
269,14
379,23
173,56
180,15
178,31
161,0
276,45
93,36
279,47
199,17
175,34
302,14
453,23
218,56
175,15
222,31
148,0
295,45
81,36
235,47
168,17
187,34
301,14
431,23
162,56
160,15
237,31
128,0
268,45
94,36
254,47
179,17
198,34
882,14
430,23
228,56
166,15
248,31
157,0
289,45
105,36
221,47
209,17
191,34
564,14
410,23
225,56
138,15
240,31
189,0
266,45
91,36
217,47
178,17
156,34
278,14
345,23
204,56
169,15
193,31
181,0
269,45
84,36
284,47
223,17
149,34
616,14
433,23
235,56
148,15
226,31
155,0
290,45
119,36
230,47
245,17
82,34
662,14
873,23
730,56
215,15
232,31
249,0
338,45
88,36
233,47
177,17
164,34
331,14
401,23
232,56
116,15
243,31
151,0
320,45
95,36
227,47
177,17
162,34
298,14
413,23
201,56
201,15
234,31
152,0
335,45
51,36
285,47
219,17
150,34
326,14
381,23
260,56
170,15
261,31
159,0
309,45
105,36
258,47
219,17
161,34
305,14
380,23
210,56
233,15
189,31
202,0
264,45
100,36
233,47
206,17
164,34
313,14
389,23
204,56
189,15
248,31
188,0
308,45
107,36
305,47
234,17
213,34
365,14
393,23
205,56
135,15
250,31
161,0
291,45
98,36
259,47
160,17
189,34
342,14
386,23
264,56
190,15
235,31
237,0
295,45
107,36
266,47
210,17
160,34
374,14
393,23
207,56
140,15
249,31
138,0
251,45
95,36
237,47
239,17
157,34
389,14
397,23
207,56
225,15
241,31
165,0
266,45
99,36
225,47
187,17
186,34
348,14
409,23
228,56
148,15
221,31
164,0
313,45
115,36
258,47
207,17
165,34
308,14
379,23
206,56
210,15
148,31
205,0
271,45
73,36
562,47
200,17
153,34
350,14
368,23
230,56
155,15
224,31
87,0
326,45
82,36
229,47
195,17
89,34
424,14
423,23
261,56
69,15
247,31
154,0
271,45
85,36
224,47
190,17
167,34
310,14
312,23
252,56
115,15
218,31
156,0
297,45
99,36
186,47
180,17
177,34
678,14
405,23
216,56
154,15
232,31
135,0
266,45
78,36
213,47
180,17
160,34
249,14
373,23
207,56
220,15
169,31
188,0
268,45
92,36
204,47
210,17
157,34
314,14
414,23
193,56
142,15
240,31
110,0
345,45
100,36
305,47
179,17
180,34
306,14
409,23
185,56
195,15
205,31
172,0
295,45
106,36
259,47
197,17
157,34
342,14
495,23
262,56
125,15
258,31
132,0
343,45
88,36
319,47
205,17
134,34
339,14
447,23
210,56
203,15
184,31
188,0
279,45
89,36
235,47
206,17
175,34
398,14
460,23
251,56
218,15
196,31
171,0
275,45
107,36
261,47
204,17
185,34
377,14
478,23
217,56
199,15
185,31
233,0
316,45
117,36
265,47
207,17
190,34
346,14
464,23
210,56
258,15
156,31
226,0
314,45
98,36
225,47
179,17
217,34
384,14
435,23
215,56
187,15
181,31
216,0
287,45
105,36
261,47
212,17
185,34
454,14
515,23
307,56
247,15
204,31
194,0
369,45
107,36
382,47
156,17
207,34
381,14
489,23
216,56
188,15
183,31
190,0
305,45
75,36
278,47
204,17
128,34
839,14
453,23
209,56
235,15
149,31
164,0
277,45
87,36
258,47
173,17
175,34
302,14
386,23
196,56
175,15
167,31
173,0
256,45
69,36
213,47
189,17
151,34
290,14
381,23
208,56
184,15
165,31
152,0
245,45
83,36
266,47
232,17
172,34
370,14
465,23
269,56
102,15
260,31
207,0
299,45
92,36
245,47
179,17
167,34
251,14
435,23
155,56
177,15
229,31
198,0
375,45
86,36
203,47
335,17
282,34
970,14
430,23
217,56
182,15
214,31
209,0
604,45
122,36
355,47
144,17
231,34
295,14
462,23
168,56
198,15
253,31
200,0
310,45
97,36
260,47
240,17
163,34
375,14
587,23
172,56
209,15
226,31
218,0
297,45
120,36
260,47
225,17
150,34
321,14
464,23
228,56
197,15
258,31
186,0
314,45
119,36
349,47
198,17
185,34
322,14
446,23
221,56
146,15
268,31
151,0
301,45
83,36
294,47
226,17
146,34
425,14
448,23
219,56
206,15
235,31
195,0
288,45
121,36
253,47
213,17
175,34
283,14
429,23
236,56
166,15
228,31
161,0
291,45
101,36
310,47
245,17
200,34
343,14
430,23
213,56
156,15
233,31
162,0
306,45
103,36
184,47
207,17
178,34
299,14
401,23
271,56
53,15
555,31
229,0
328,45
68,36
244,47
244,17
197,34
354,14
536,23
231,56
143,15
218,31
169,0
286,45
107,36
228,47
210,17
181,34
274,14
439,23
214,56
168,15
201,31
185,0
272,45
100,36
271,47
221,17
165,34
288,14
452,23
189,56
245,15
181,31
222,0
290,45
86,36
268,47
225,17
179,34
325,14
394,23
242,56
207,15
197,31
211,0
287,45
109,36
286,47
277,17
241,34
370,14
425,23
229,56
185,15
182,31
170,0
289,45
101,36
272,47
207,17
208,34
390,14
461,23
216,56
230,15
145,31
245,0
294,45
111,36
257,47
212,17
199,34
268,14
416,23
254,56
188,15
249,31
225,0
830,45
100,36
334,47
196,17
180,34
386,14
459,23
239,56
153,15
265,31
140,0
280,45
104,36
238,47
205,17
149,34
251,14
395,23
260,56
138,15
264,31
146,0
306,45
98,36
339,47
221,17
171,34
255,14
411,23
262,56
187,15
175,31
173,0
246,45
116,36
248,47
201,17
169,34
300,14
404,23
274,56
133,15
266,31
154,0
351,45
108,36
301,47
191,17
187,34
262,14
371,23
223,56
190,15
203,31
163,0
310,45
108,36
230,47
232,17
201,34
327,14
512,23
247,56
134,15
267,31
142,0
253,45
114,36
257,47
218,17
140,34
291,14
381,23
209,56
200,15
189,31
160,0
256,45
100,36
310,47
101,17
155,34
272,14
419,23
207,56
199,15
192,31
164,0
271,45
126,36
247,47
239,17
152,34
330,14
401,23
334,56
230,15
164,31
145,0
255,45
122,36
197,47
241,17
208,34
393,14
545,23
214,56
128,15
238,31
128,0
252,45
102,36
187,47
247,17
59,34
693,14
418,23
235,56
178,15
191,31
117,0
340,45
92,36
266,47
206,17
156,34
374,14
417,23
206,56
227,15
139,31
207,0
311,45
128,36
245,47
223,17
183,34
372,14
384,23
208,56
149,15
194,31
157,0
251,45
113,36
227,47
228,17
131,34
298,14
415,23
225,56
188,15
224,31
146,0
288,45
106,36
286,47
221,17
239,34
292,14
383,23
214,56
159,15
180,31
182,0
289,45
139,36
282,47
196,17
147,34
305,14
426,23
216,56
181,15
231,31
162,0
281,45
121,36
268,47
230,17
173,34
1327,14
431,23
219,56
139,15
239,31
177,0
289,45
100,36
192,47
201,17
195,34
327,14
389,23
232,56
128,15
238,31
199,0
258,45
92,36
217,47
229,17
159,34
307,14
407,23
239,56
174,15
216,31
171,0
304,45
68,36
255,47
210,17
170,34
274,14
392,23
239,56
251,15
216,31
235,0
340,45
133,36
321,47
456,17
165,34
885,14
438,23
220,56
187,15
216,31
114,0
284,45
87,36
200,47
180,17
132,34
289,14
393,23
203,56
235,15
160,31
157,0
272,45
82,36
233,47
161,17
189,34
274,14
379,23
216,56
213,15
157,31
189,0
245,45
102,36
191,47
173,17
208,34
294,14
394,23
251,56
188,15
164,31
198,0
268,45
91,36
230,47
208,17
157,34
312,14
474,23
355,56
194,15
218,31
133,0
298,45
124,36
274,47
201,17
175,34
272,14
367,23
249,56
182,15
210,31
155,0
297,45
79,36
239,47
215,17
162,34
300,14
364,23
224,56
198,15
190,31
151,0
259,45
90,36
212,47
205,17
179,34
288,14
463,23
274,56
226,15
182,31
186,0
283,45
110,36
283,47
183,17
171,34
289,14
407,23
284,56
231,15
216,31
185,0
267,45
82,36
209,47
190,17
175,34
276,14
408,23
438,56
250,15
198,31
348,0
286,45
121,36
278,47
220,17
201,34
320,14
393,23
285,56
185,15
215,31
120,0
301,45
119,36
232,47
196,17
204,34
332,14
395,23
229,56
160,15
222,31
131,0
274,45
85,36
353,47
141,17
178,34
335,14
468,23
183,56
162,15
212,31
191,0
306,45
67,36
219,47
146,17
168,34
275,14
387,23
179,56
170,15
207,31
184,0
276,45
86,36
191,47
172,17
160,34
308,14
377,23
200,56
132,15
187,31
175,0
263,45
109,36
247,47
167,17
190,34
301,14
384,23
200,56
194,15
138,31
170,0
254,45
111,36
267,47
143,17
209,34
287,14
371,23
199,56
211,15
175,31
190,0
287,45
84,36
196,47
193,17
132,34
283,14
401,23
238,56
166,15
219,31
161,0
273,45
90,36
200,47
157,17
192,34
311,14
470,23
224,56
253,15
166,31
194,0
284,45
111,36
195,47
138,17
172,34
310,14
792,23
252,56
211,15
187,31
191,0
260,45
99,36
486,47
134,17
158,34
308,14
384,23
241,56
162,15
206,31
175,0
275,45
93,36
252,47
189,17
162,34
249,14
374,23
235,56
182,15
203,31
171,0
270,45
100,36
241,47
190,17
164,34
258,14
376,23
523,56
244,15
192,31
243,0
275,45
108,36
194,47
166,17
206,34
296,14
410,23
238,56
219,15
218,31
170,0
233,45
100,36
195,47
207,17
223,34
287,14
581,23
244,56
208,15
236,31
169,0
262,45
109,36
246,47
151,17
215,34
264,14
442,23
243,56
252,15
131,31
287,0
367,45
114,36
241,47
184,17
131,34
288,14
369,23
241,56
167,15
198,31
205,0
283,45
108,36
196,47
167,17
183,34
248,14
343,23
248,56
138,15
239,31
214,0
273,45
104,36
196,47
168,17
231,34
268,14
368,23
283,56
167,15
199,31
193,0
349,45
115,36
318,47
164,17
168,34
217,14
373,23
256,56
245,15
157,31
196,0
258,45
79,36
251,47
188,17
161,34
282,14
416,23
248,56
255,15
121,31
297,0
264,45
105,36
277,47
192,17
141,34
368,14
403,23
249,56
135,15
357,31
250,0
260,45
119,36
300,47
204,17
203,34
319,14
378,23
285,56
185,15
215,31
190,0
339,45
100,36
411,47
237,17
168,34
337,14
386,23
273,56
207,15
226,31
205,0
309,45
94,36
227,47
169,17
239,34
290,14
396,23
263,56
254,15
208,31
275,0
494,45
149,36
222,47
151,17
144,34
273,14
338,23
273,56
117,15
268,31
171,0
237,45
92,36
217,47
175,17
183,34
268,14
344,23
241,56
145,15
230,31
209,0
260,45
97,36
197,47
182,17
195,34
264,14
334,23
222,56
200,15
209,31
184,0
283,45
104,36
201,47
172,17
152,34
273,14
335,23
250,56
195,15
227,31
175,0
295,45
93,36
238,47
189,17
161,34
298,14
418,23
540,56
210,15
245,31
239,0
282,45
103,36
206,47
199,17
204,34
285,14
378,23
258,56
269,15
233,31
213,0
304,45
98,36
320,47
190,17
152,34
280,14
420,23
260,56
231,15
190,31
157,0
296,45
107,36
260,47
181,17
246,34
377,14
382,23
199,56
227,15
182,31
187,0
329,45
82,36
210,47
208,17
164,34
287,14
382,23
229,56
259,15
180,31
211,0
294,45
97,36
194,47
191,17
159,34
322,14
442,23
314,56
231,15
166,31
180,0
254,45
110,36
246,47
187,17
176,34
505,14
387,23
242,56
190,15
196,31
179,0
274,45
112,36
178,47
203,17
176,34
270,14
350,23
273,56
127,15
262,31
204,0
332,45
95,36
245,47
221,17
182,34
277,14
393,23
416,56
187,15
175,31
220,0
253,45
121,36
248,47
185,17
185,34
319,14
416,23
254,56
195,15
239,31
102,0
254,45
81,36
197,47
209,17
188,34
298,14
395,23
263,56
173,15
232,31
185,0
294,45
114,36
238,47
198,17
204,34
305,14
402,23
263,56
230,15
229,31
181,0
247,45
110,36
196,47
201,17
206,34
371,14
789,23
313,56
266,15
183,31
224,0
301,45
117,36
198,47
176,17
198,34
287,14
414,23
255,56
224,15
159,31
168,0
266,45
86,36
217,47
206,17
195,34
332,14
380,23
232,56
245,15
134,31
233,0
272,45
95,36
324,47
196,17
185,34
282,14
369,23
236,56
234,15
218,31
183,0
325,45
127,36
272,47
230,17
308,34
385,14
405,23
245,56
170,15
227,31
175,0
259,45
106,36
250,47
252,17
171,34
328,14
353,23
235,56
188,15
219,31
180,0
272,45
107,36
213,47
192,17
213,34
293,14
362,23
224,56
224,15
154,31
215,0
283,45
124,36
227,47
180,17
226,34
305,14
387,23
255,56
260,15
191,31
210,0
304,45
127,36
371,47
196,17
235,34
361,14
361,23
192,56
241,15
237,31
114,0
297,45
134,36
205,47
206,17
183,34
278,14
344,23
263,56
218,15
234,31
224,0
321,45
114,36
225,47
168,17
248,34
369,14
406,23
261,56
177,15
236,31
189,0
283,45
127,36
227,47
162,17
127,34
404,14
355,23
192,56
137,15
252,31
196,0
265,45
81,36
214,47
182,17
145,34
241,14
375,23
178,56
172,15
224,31
166,0
286,45
76,36
190,47
171,17
193,34
255,14
390,23
187,56
202,15
208,31
165,0
304,45
91,36
210,47
180,17
190,34
281,14
374,23
218,56
138,15
240,31
178,0
294,45
92,36
225,47
226,17
175,34
598,14
368,23
176,56
202,15
201,31
170,0
293,45
98,36
243,47
173,17
166,34
305,14
373,23
179,56
158,15
192,31
198,0
268,45
77,36
214,47
175,17
157,34
250,14
348,23
225,56
135,15
250,31
162,0
360,45
132,36
180,47
187,17
161,34
211,14
367,23
240,56
152,15
233,31
158,0
305,45
37,36
173,47
181,17
133,34
255,14
413,23
210,56
197,15
209,31
158,0
242,45
73,36
239,47
172,17
147,34
231,14
389,23
203,56
182,15
200,31
163,0
281,45
76,36
244,47
155,17
164,34
337,14
375,23
230,56
101,15
247,31
154,0
286,45
90,36
233,47
172,17
121,34
248,14
368,23
207,56
163,15
185,31
157,0
261,45
92,36
216,47
332,17
339,34
398,14
385,23
192,56
171,15
216,31
165,0
258,45
96,36
205,47
186,17
134,34
295,14
381,23
201,56
175,15
197,31
170,0
254,45
104,36
189,47
176,17
161,34
235,14
379,23
204,56
176,15
207,31
135,0
229,45
77,36
188,47
164,17
220,34
247,14
429,23
240,56
159,15
209,31
166,0
248,45
95,36
269,47
163,17
170,34
270,14
392,23
239,56
159,15
224,31
116,0
270,45
101,36
216,47
181,17
177,34
292,14
459,23
409,56
231,15
194,31
170,0
244,45
105,36
208,47
202,17
141,34
228,14
357,23
229,56
147,15
261,31
136,0
304,45
64,36
199,47
213,17
161,34
280,14
382,23
245,56
212,15
173,31
136,0
252,45
102,36
272,47
172,17
149,34
250,14
366,23
204,56
215,15
197,31
138,0
263,45
97,36
201,47
174,17
119,34
247,14
399,23
224,56
148,15
220,31
174,0
276,45
101,36
228,47
242,17
129,34
501,14
443,23
164,56
198,15
206,31
151,0
265,45
83,36
190,47
180,17
184,34
227,14
346,23
193,56
182,15
220,31
128,0
272,45
108,36
235,47
102,17
201,34
696,14
346,23
180,56
234,15
180,31
156,0
277,45
70,36
244,47
138,17
169,34
201,14
342,23
198,56
176,15
208,31
158,0
253,45
101,36
198,47
217,17
159,34
237,14
363,23
250,56
149,15
232,31
159,0
282,45
92,36
200,47
195,17
120,34
247,14
545,23
235,56
247,15
148,31
203,0
241,45
90,36
209,47
204,17
117,34
256,14
380,23
215,56
168,15
217,31
158,0
243,45
84,36
219,47
187,17
179,34
254,14
404,23
308,56
185,15
208,31
145,0
243,45
91,36
188,47
148,17
161,34
404,14
342,23
215,56
178,15
203,31
143,0
248,45
79,36
201,47
202,17
151,34
248,14
356,23
221,56
183,15
174,31
172,0
208,45
88,36
196,47
171,17
174,34
253,14
377,23
213,56
174,15
188,31
164,0
250,45
113,36
243,47
209,17
161,34
261,14
380,23
195,56
215,15
182,31
122,0
265,45
94,36
262,47
198,17
69,34
420,14
710,23
304,56
41,15
318,31
392,0
343,45
75,36
459,47
162,17
193,34
369,14
360,23
226,56
109,15
236,31
155,0
237,45
54,36
287,47
207,17
151,34
658,14
392,23
191,56
158,15
208,31
164,0
256,45
78,36
209,47
186,17
153,34
281,14
408,23
237,56
182,15
204,31
152,0
276,45
93,36
222,47
208,17
161,34
275,14
412,23
254,56
181,15
186,31
128,0
250,45
82,36
217,47
196,17
210,34
276,14
392,23
199,56
225,15
177,31
190,0
278,45
62,36
256,47
204,17
159,34
398,14
351,23
197,56
141,15
225,31
114,0
270,45
62,36
222,47
189,17
186,34
279,14
369,23
220,56
192,15
197,31
158,0
258,45
75,36
279,47
220,17
219,34
393,14
380,23
195,56
201,15
210,31
194,0
298,45
82,36
287,47
179,17
188,34
257,14
377,23
182,56
213,15
178,31
154,0
295,45
97,36
255,47
193,17
175,34
331,14
355,23
181,56
176,15
162,31
148,0
292,45
83,36
303,47
158,17
184,34
328,14
402,23
220,56
206,15
196,31
143,0
335,45
95,36
164,47
220,17
176,34
465,14
379,23
168,56
159,15
204,31
184,0
305,45
106,36
224,47
194,17
162,34
347,14
494,23
239,56
168,15
196,31
143,0
270,45
57,36
227,47
540,17
160,34
393,14
395,23
190,56
176,15
207,31
178,0
285,45
81,36
345,47
176,17
189,34
312,14
386,23
193,56
212,15
189,31
149,0
232,45
73,36
