509,47
131,17
180,34
951,14
438,23
195,56
174,15
190,31
580,0
493,45
105,36
238,47
184,17
177,34
504,14
374,23
197,56
160,15
183,31
216,0
252,45
99,36
482,47
155,17
168,34
854,14
574,23
211,56
154,15
374,31
270,0
224,45
83,36
362,47
198,17
426,34
384,14
926,23
211,56
179,15
315,31
243,0
211,45
80,36
393,47
170,17
279,34
547,14
467,23
164,56
182,15
169,31
209,0
409,45
87,36
555,47
156,17
156,34
247,14
483,23
204,56
174,15
192,31
249,0
387,45
85,36
325,47
142,17
429,34
324,14
574,23
209,56
185,15
179,31
244,0
311,45
94,36
554,47
293,17
192,34
926,14
427,23
210,56
198,15
153,31
224,0
363,45
88,36
258,47
160,17
173,34
701,14
434,23
182,56
161,15
155,31
452,0
265,45
105,36
276,47
163,17
159,34
351,14
414,23
182,56
177,15
192,31
197,0
320,45
91,36
260,47
145,17
161,34
513,14
508,23
409,56
227,15
294,31
240,0
301,45
108,36
333,47
144,17
188,34
433,14
401,23
259,56
220,15
197,31
340,0
363,45
96,36
370,47
152,17
177,34
324,14
510,23
197,56
172,15
180,31
232,0
539,45
106,36
457,47
127,17
170,34
286,14
405,23
218,56
207,15
196,31
216,0
402,45
124,36
315,47
195,17
181,34
770,14
756,23
228,56
151,15
209,31
213,0
253,45
122,36
234,47
167,17
179,34
298,14
490,23
223,56
195,15
168,31
188,0
420,45
93,36
259,47
206,17
154,34
419,14
447,23
189,56
160,15
183,31
178,0
359,45
92,36
318,47
134,17
200,34
455,14
471,23
191,56
162,15
170,31
175,0
359,45
75,36
189,47
165,17
186,34
656,14
464,23
247,56
207,15
163,31
183,0
329,45
95,36
190,47
199,17
123,34
593,14
696,23
189,56
171,15
184,31
187,0
286,45
94,36
194,47
192,17
162,34
780,14
448,23
274,56
193,15
198,31
219,0
366,45
104,36
224,47
189,17
158,34
510,14
345,23
194,56
157,15
161,31
193,0
305,45
88,36
300,47
152,17
482,34
620,14
477,23
199,56
183,15
146,31
199,0
587,45
50,36
308,47
116,17
171,34
313,14
411,23
157,56
168,15
198,31
164,0
317,45
99,36
313,47
142,17
166,34
272,14
381,23
196,56
173,15
211,31
212,0
434,45
123,36
182,47
189,17
141,34
312,14
456,23
234,56
255,15
169,31
181,0
288,45
87,36
620,47
157,17
160,34
271,14
412,23
207,56
164,15
176,31
190,0
385,45
123,36
325,47
154,17
171,34
251,14
379,23
200,56
164,15
192,31
186,0
300,45
69,36
242,47
188,17
153,34
265,14
425,23
182,56
171,15
189,31
185,0
225,45
100,36
352,47
188,17
205,34
810,14
776,23
193,56
212,15
166,31
211,0
496,45
83,36
202,47
201,17
170,34
481,14
384,23
213,56
172,15
193,31
206,0
472,45
110,36
246,47
160,17
167,34
329,14
389,23
205,56
160,15
211,31
190,0
523,45
108,36
341,47
176,17
151,34
424,14
545,23
191,56
153,15
181,31
204,0
439,45
108,36
437,47
133,17
298,34
516,14
458,23
189,56
155,15
170,31
166,0
426,45
115,36
370,47
174,17
143,34
230,14
343,23
191,56
144,15
209,31
195,0
398,45
102,36
168,47
191,17
166,34
567,14
411,23
195,56
212,15
60,31
589,0
276,45
114,36
269,47
153,17
158,34
360,14
497,23
201,56
168,15
192,31
214,0
480,45
92,36
201,47
186,17
172,34
255,14
353,23
180,56
214,15
231,31
201,0
306,45
110,36
189,47
162,17
524,34
476,14
371,23
220,56
199,15
265,31
231,0
374,45
116,36
193,47
191,17
188,34
327,14
421,23
251,56
180,15
197,31
220,0
621,45
122,36
200,47
165,17
174,34
524,14
448,23
236,56
525,15
262,31
216,0
395,45
93,36
213,47
168,17
146,34
274,14
404,23
180,56
167,15
226,31
173,0
458,45
100,36
178,47
192,17
571,34
619,14
401,23
222,56
171,15
234,31
192,0
617,45
106,36
186,47
202,17
138,34
521,14
391,23
212,56
185,15
214,31
221,0
379,45
97,36
208,47
172,17
157,34
258,14
392,23
234,56
695,15
211,31
203,0
273,45
101,36
288,47
178,17
181,34
213,14
418,23
250,56
201,15
268,31
235,0
671,45
114,36
254,47
204,17
156,34
619,14
391,23
206,56
187,15
214,31
209,0
492,45
115,36
193,47
445,17
271,34
536,14
430,23
237,56
198,15
187,31
222,0
370,45
96,36
250,47
160,17
213,34
313,14
386,23
188,56
160,15
199,31
189,0
481,45
111,36
241,47
135,17
194,34
513,14
467,23
191,56
166,15
203,31
212,0
347,45
108,36
524,47
144,17
199,34
857,14
427,23
225,56
149,15
197,31
215,0
407,45
109,36
188,47
246,17
241,34
321,14
406,23
197,56
166,15
184,31
215,0
276,45
100,36
212,47
159,17
165,34
267,14
393,23
209,56
137,15
174,31
225,0
354,45
99,36
305,47
131,17
167,34
284,14
400,23
222,56
140,15
206,31
204,0
384,45
93,36
195,47
180,17
158,34
254,14
395,23
245,56
182,15
165,31
194,0
297,45
85,36
331,47
139,17
148,34
237,14
458,23
232,56
627,15
161,31
192,0
286,45
101,36
184,47
230,17
154,34
257,14
560,23
286,56
182,15
171,31
182,0
218,45
100,36
191,47
172,17
150,34
233,14
461,23
386,56
193,15
173,31
189,0
248,45
88,36
220,47
178,17
181,34
217,14
384,23
455,56
200,15
183,31
173,0
293,45
70,36
295,47
138,17
177,34
712,14
435,23
384,56
206,15
183,31
239,0
257,45
82,36
211,47
162,17
178,34
228,14
416,23
411,56
247,15
198,31
217,0
263,45
103,36
216,47
163,17
166,34
335,14
460,23
381,56
217,15
191,31
224,0
347,45
76,36
204,47
168,17
155,34
193,14
376,23
245,56
153,15
196,31
235,0
597,45
118,36
230,47
170,17
169,34
330,14
341,23
243,56
185,15
208,31
198,0
409,45
87,36
167,47
201,17
152,34
283,14
457,23
384,56
168,15
195,31
220,0
322,45
91,36
181,47
185,17
149,34
261,14
730,23
356,56
616,15
186,31
211,0
311,45
89,36
168,47
186,17
130,34
224,14
419,23
263,56
188,15
201,31
187,0
306,45
64,36
167,47
199,17
156,34
275,14
464,23
234,56
139,15
222,31
190,0
307,45
86,36
204,47
193,17
153,34
232,14
363,23
287,56
190,15
227,31
217,0
261,45
85,36
216,47
202,17
608,34
276,14
438,23
237,56
206,15
192,31
221,0
367,45
99,36
192,47
179,17
158,34
289,14
433,23
224,56
172,15
199,31
209,0
256,45
70,36
221,47
220,17
422,34
555,14
340,23
186,56
172,15
197,31
201,0
292,45
96,36
198,47
157,17
146,34
855,14
429,23
193,56
150,15
180,31
213,0
254,45
85,36
209,47
174,17
140,34
232,14
366,23
214,56
184,15
171,31
173,0
324,45
68,36
211,47
152,17
170,34
242,14
825,23
229,56
199,15
222,31
176,0
257,45
91,36
206,47
163,17
160,34
472,14
402,23
181,56
167,15
221,31
180,0
326,45
96,36
188,47
166,17
226,34
373,14
388,23
212,56
172,15
156,31
190,0
492,45
87,36
141,47
177,17
144,34
201,14
495,23
231,56
238,15
194,31
179,0
283,45
91,36
143,47
178,17
142,34
182,14
347,23
262,56
188,15
184,31
168,0
293,45
92,36
198,47
209,17
153,34
372,14
369,23
235,56
175,15
181,31
175,0
352,45
93,36
167,47
177,17
129,34
271,14
370,23
220,56
180,15
164,31
198,0
304,45
86,36
174,47
188,17
114,34
279,14
450,23
203,56
171,15
177,31
160,0
353,45
79,36
172,47
156,17
187,34
206,14
396,23
211,56
169,15
187,31
173,0
289,45
64,36
168,47
175,17
146,34
209,14
399,23
192,56
166,15
169,31
185,0
269,45
79,36
160,47
213,17
149,34
217,14
331,23
197,56
221,15
204,31
233,0
261,45
86,36
180,47
195,17
145,34
189,14
332,23
221,56
184,15
175,31
194,0
376,45
89,36
169,47
184,17
167,34
383,14
539,23
211,56
178,15
175,31
164,0
283,45
83,36
178,47
197,17
158,34
322,14
341,23
212,56
155,15
201,31
180,0
409,45
81,36
189,47
172,17
146,34
232,14
305,23
205,56
179,15
217,31
180,0
279,45
79,36
194,47
184,17
175,34
257,14
492,23
188,56
180,15
195,31
210,0
483,45
105,36
197,47
174,17
183,34
274,14
340,23
211,56
146,15
207,31
195,0
253,45
104,36
187,47
180,17
137,34
203,14
319,23
206,56
167,15
188,31
194,0
552,45
78,36
220,47
168,17
162,34
210,14
327,23
191,56
179,15
216,31
196,0
427,45
98,36
199,47
191,17
229,34
209,14
312,23
196,56
177,15
176,31
177,0
224,45
62,36
185,47
180,17
178,34
534,14
348,23
227,56
160,15
199,31
201,0
282,45
97,36
158,47
190,17
139,34
250,14
454,23
208,56
164,15
189,31
191,0
457,45
106,36
183,47
156,17
165,34
213,14
336,23
218,56
175,15
193,31
199,0
259,45
97,36
171,47
202,17
145,34
208,14
412,23
290,56
184,15
176,31
205,0
476,45
111,36
194,47
170,17
483,34
274,14
433,23
215,56
166,15
188,31
179,0
343,45
92,36
193,47
169,17
135,34
233,14
426,23
188,56
179,15
169,31
178,0
825,45
108,36
435,47
169,17
147,34
1107,14
401,23
204,56
153,15
191,31
171,0
366,45
86,36
208,47
167,17
141,34
286,14
452,23
206,56
153,15
193,31
195,0
260,45
91,36
181,47
172,17
140,34
248,14
472,23
167,56
185,15
183,31
207,0
301,45
87,36
175,47
187,17
149,34
227,14
358,23
206,56
223,15
201,31
212,0
258,45
104,36
208,47
162,17
150,34
247,14
374,23
227,56
177,15
193,31
218,0
349,45
101,36
242,47
193,17
152,34
1479,14
630,23
206,56
187,15
185,31
188,0
252,45
108,36
199,47
163,17
175,34
223,14
331,23
267,56
184,15
211,31
194,0
309,45
81,36
193,47
174,17
140,34
238,14
377,23
234,56
184,15
184,31
177,0
306,45
81,36
200,47
171,17
146,34
231,14
353,23
252,56
121,15
215,31
218,0
332,45
82,36
201,47
166,17
148,34
258,14
348,23
248,56
208,15
180,31
200,0
271,45
83,36
185,47
167,17
157,34
234,14
684,23
213,56
154,15
194,31
175,0
261,45
76,36
248,47
171,17
216,34
473,14
328,23
214,56
183,15
179,31
173,0
360,45
93,36
166,47
195,17
150,34
464,14
342,23
242,56
167,15
210,31
181,0
277,45
92,36
179,47
179,17
155,34
554,14
401,23
220,56
207,15
167,31
190,0
289,45
88,36
261,47
363,17
224,34
213,14
335,23
232,56
160,15
194,31
186,0
402,45
54,36
177,47
171,17
154,34
234,14
371,23
199,56
224,15
180,31
155,0
319,45
92,36
149,47
181,17
158,34
191,14
325,23
241,56
151,15
210,31
199,0
289,45
69,36
182,47
173,17
117,34
231,14
354,23
209,56
141,15
193,31
208,0
366,45
78,36
163,47
165,17
147,34
233,14
344,23
224,56
184,15
199,31
212,0
329,45
65,36
201,47
172,17
157,34
244,14
320,23
229,56
167,15
176,31
185,0
312,45
83,36
163,47
188,17
121,34
286,14
319,23
201,56
174,15
179,31
182,0
293,45
86,36
209,47
213,17
130,34
235,14
559,23
259,56
214,15
197,31
182,0
237,45
83,36
180,47
198,17
170,34
251,14
377,23
246,56
204,15
175,31
212,0
299,45
95,36
165,47
167,17
133,34
257,14
311,23
254,56
540,15
169,31
199,0
232,45
81,36
180,47
168,17
142,34
234,14
301,23
216,56
179,15
171,31
192,0
293,45
96,36
235,47
193,17
162,34
225,14
305,23
230,56
178,15
201,31
218,0
259,45
73,36
233,47
185,17
210,34
212,14
325,23
221,56
187,15
224,31
201,0
497,45
100,36
210,47
168,17
176,34
248,14
289,23
233,56
168,15
203,31
183,0
241,45
87,36
412,47
168,17
158,34
207,14
288,23
235,56
168,15
211,31
195,0
225,45
74,36
204,47
190,17
175,34
269,14
308,23
216,56
219,15
231,31
380,0
289,45
80,36
212,47
172,17
154,34
272,14
373,23
209,56
176,15
197,31
177,0
273,45
78,36
201,47
205,17
156,34
224,14
356,23
209,56
185,15
212,31
275,0
316,45
100,36
192,47
189,17
159,34
241,14
363,23
189,56
183,15
179,31
212,0
320,45
96,36
510,47
115,17
155,34
218,14
307,23
207,56
180,15
202,31
191,0
279,45
106,36
141,47
195,17
129,34
222,14
312,23
202,56
180,15
207,31
241,0
278,45
97,36
178,47
155,17
131,34
1386,14
265,23
197,56
152,15
187,31
183,0
270,45
79,36
181,47
167,17
118,34
552,14
537,23
179,56
145,15
185,31
204,0
256,45
78,36
211,47
176,17
136,34
233,14
398,23
187,56
171,15
196,31
177,0
281,45
68,36
231,47
208,17
169,34
562,14
299,23
263,56
140,15
200,31
183,0
265,45
71,36
193,47
155,17
138,34
271,14
414,23
192,56
185,15
177,31
164,0
311,45
71,36
172,47
170,17
135,34
214,14
332,23
190,56
176,15
202,31
183,0
314,45
65,36
187,47
192,17
147,34
211,14
327,23
235,56
167,15
187,31
215,0
271,45
80,36
195,47
168,17
161,34
205,14
331,23
215,56
168,15
196,31
191,0
364,45
80,36
149,47
217,17
131,34
234,14
432,23
221,56
156,15
189,31
205,0
252,45
73,36
144,47
183,17
137,34
233,14
329,23
403,56
174,15
172,31
197,0
212,45
65,36
190,47
151,17
155,34
242,14
338,23
201,56
169,15
191,31
181,0
246,45
74,36
202,47
179,17
118,34
265,14
336,23
201,56
177,15
160,31
190,0
299,45
58,36
416,47
132,17
152,34
1133,14
470,23
155,56
172,15
206,31
161,0
350,45
77,36
150,47
154,17
153,34
222,14
407,23
186,56
227,15
162,31
175,0
283,45
64,36
161,47
172,17
126,34
274,14
364,23
201,56
169,15
220,31
179,0
301,45
87,36
279,47
139,17
163,34
214,14
316,23
175,56
166,15
191,31
174,0
280,45
56,36
170,47
152,17
150,34
209,14
326,23
179,56
183,15
171,31
148,0
276,45
48,36
148,47
169,17
143,34
198,14
297,23
211,56
185,15
183,31
194,0
249,45
78,36
162,47
178,17
136,34
248,14
311,23
210,56
216,15
191,31
169,0
252,45
62,36
179,47
190,17
142,34
218,14
318,23
192,56
200,15
170,31
153,0
259,45
73,36
158,47
173,17
134,34
242,14
313,23
220,56
176,15
193,31
153,0
232,45
84,36
162,47
194,17
128,34
267,14
338,23
199,56
186,15
186,31
195,0
332,45
73,36
204,47
171,17
145,34
193,14
336,23
231,56
166,15
196,31
166,0
262,45
60,36
176,47
176,17
122,34
202,14
321,23
205,56
154,15
200,31
158,0
240,45
70,36
169,47
167,17
141,34
201,14
322,23
222,56
173,15
187,31
151,0
259,45
61,36
184,47
143,17
154,34
208,14
330,23
174,56
182,15
169,31
181,0
250,45
74,36
156,47
174,17
151,34
256,14
597,23
222,56
184,15
173,31
179,0
235,45
71,36
197,47
152,17
149,34
592,14
361,23
227,56
152,15
194,31
155,0
265,45
52,36
166,47
170,17
132,34
238,14
298,23
202,56
169,15
203,31
170,0
269,45
74,36
183,47
155,17
159,34
209,14
328,23
224,56
191,15
197,31
156,0
240,45
73,36
204,47
180,17
156,34
204,14
378,23
257,56
168,15
192,31
156,0
245,45
67,36
160,47
168,17
141,34
229,14
314,23
220,56
182,15
202,31
206,0
224,45
61,36
137,47
197,17
140,34
251,14
333,23
223,56
174,15
177,31
180,0
254,45
72,36
155,47
155,17
184,34
195,14
329,23
206,56
186,15
192,31
173,0
264,45
75,36
144,47
198,17
115,34
295,14
664,23
166,56
187,15
170,31
184,0
289,45
67,36
118,47
203,17
152,34
263,14
327,23
229,56
148,15
205,31
204,0
329,45
99,36
198,47
168,17
194,34
216,14
318,23
237,56
188,15
229,31
177,0
365,45
78,36
205,47
189,17
186,34
250,14
295,23
603,56
195,15
165,31
166,0
264,45
77,36
172,47
181,17
156,34
213,14
312,23
265,56
183,15
162,31
223,0
290,45
70,36
163,47
162,17
154,34
270,14
336,23
441,56
202,15
199,31
206,0
244,45
96,36
164,47
187,17
138,34
257,14
339,23
260,56
158,15
198,31
183,0
250,45
85,36
204,47
178,17
165,34
215,14
352,23
239,56
183,15
176,31
182,0
259,45
60,36
156,47
184,17
149,34
277,14
313,23
226,56
160,15
211,31
187,0
242,45
58,36
133,47
176,17
162,34
203,14
327,23
190,56
202,15
176,31
195,0
231,45
65,36
181,47
203,17
166,34
201,14
307,23
204,56
181,15
176,31
178,0
240,45
66,36
169,47
180,17
125,34
244,14
325,23
254,56
194,15
170,31
197,0
283,45
100,36
210,47
156,17
169,34
405,14
314,23
222,56
177,15
172,31
175,0
257,45
83,36
179,47
181,17
135,34
242,14
356,23
215,56
180,15
201,31
178,0
274,45
73,36
161,47
212,17
105,34
260,14
292,23
192,56
191,15
172,31
193,0
246,45
69,36
184,47
179,17
166,34
220,14
302,23
191,56
169,15
198,31
198,0
229,45
62,36
165,47
180,17
137,34
222,14
302,23
223,56
163,15
202,31
191,0
262,45
87,36
159,47
162,17
165,34
222,14
328,23
217,56
202,15
178,31
188,0
277,45
71,36
171,47
205,17
159,34
307,14
343,23
230,56
198,15
229,31
168,0
290,45
73,36
182,47
182,17
154,34
282,14
360,23
209,56
158,15
199,31
177,0
275,45
80,36
194,47
176,17
148,34
234,14
287,23
234,56
152,15
197,31
203,0
262,45
75,36
153,47
161,17
142,34
222,14
293,23
246,56
174,15
180,31
224,0
273,45
75,36
196,47
161,17
169,34
209,14
302,23
163,56
179,15
188,31
176,0
221,45
71,36
153,47
164,17
133,34
213,14
277,23
209,56
188,15
175,31
189,0
239,45
67,36
132,47
200,17
143,34
219,14
288,23
186,56
188,15
186,31
170,0
257,45
58,36
139,47
176,17
145,34
211,14
306,23
196,56
161,15
175,31
157,0
276,45
63,36
158,47
164,17
151,34
261,14
345,23
200,56
162,15
194,31
193,0
269,45
91,36
151,47
174,17
177,34
241,14
297,23
211,56
180,15
185,31
196,0
278,45
59,36
148,47
190,17
177,34
223,14
493,23
183,56
177,15
187,31
195,0
227,45
49,36
119,47
180,17
166,34
234,14
290,23
194,56
192,15
163,31
216,0
258,45
87,36
211,47
218,17
138,34
274,14
338,23
159,56
165,15
193,31
188,0
274,45
119,36
181,47
169,17
151,34
295,14
426,23
190,56
132,15
194,31
177,0
281,45
94,36
197,47
164,17
141,34
285,14
400,23
209,56
170,15
201,31
201,0
263,45
79,36
189,47
165,17
146,34
185,14
314,23
210,56
166,15
215,31
181,0
245,45
78,36
168,47
235,17
130,34
221,14
269,23
192,56
159,15
220,31
174,0
240,45
65,36
669,47
159,17
141,34
188,14
320,23
185,56
116,15
224,31
150,0
248,45
76,36
169,47
175,17
138,34
239,14
309,23
205,56
173,15
209,31
186,0
285,45
71,36
164,47
185,17
133,34
223,14
319,23
203,56
167,15
192,31
198,0
256,45
75,36
201,47
160,17
183,34
183,14
322,23
217,56
153,15
223,31
184,0
275,45
86,36
199,47
159,17
160,34
186,14
283,23
185,56
184,15
206,31
184,0
231,45
74,36
172,47
179,17
163,34
191,14
291,23
190,56
157,15
224,31
167,0
373,45
80,36
160,47
156,17
175,34
246,14
312,23
246,56
186,15
244,31
183,0
284,45
82,36
217,47
208,17
163,34
189,14
298,23
242,56
139,15
243,31
196,0
284,45
78,36
237,47
185,17
194,34
238,14
304,23
182,56
165,15
225,31
175,0
255,45
61,36
177,47
178,17
190,34
180,14
279,23
216,56
162,15
240,31
177,0
227,45
76,36
186,47
169,17
173,34
175,14
295,23
203,56
156,15
233,31
185,0
267,45
67,36
163,47
207,17
152,34
236,14
337,23
200,56
167,15
228,31
208,0
362,45
51,36
243,47
144,17
211,34
179,14
262,23
224,56
173,15
641,31
182,0
288,45
72,36
176,47
178,17
155,34
213,14
306,23
624,56
216,15
193,31
214,0
242,45
87,36
154,47
188,17
151,34
214,14
315,23
443,56
210,15
187,31
195,0
582,45
76,36
187,47
174,17
192,34
238,14
387,23
222,56
166,15
229,31
190,0
311,45
77,36
164,47
199,17
144,34
241,14
357,23
229,56
147,15
219,31
201,0
243,45
101,36
259,47
192,17
152,34
202,14
429,23
222,56
187,15
215,31
196,0
286,45
63,36
173,47
172,17
169,34
220,14
366,23
241,56
205,15
212,31
195,0
263,45
58,36
162,47
171,17
151,34
259,14
306,23
215,56
158,15
150,31
203,0
295,45
67,36
180,47
164,17
159,34
205,14
332,23
190,56
152,15
206,31
197,0
244,45
66,36
154,47
177,17
140,34
251,14
427,23
199,56
155,15
223,31
177,0
249,45
59,36
176,47
160,17
179,34
229,14
373,23
213,56
170,15
210,31
226,0
279,45
96,36
217,47
194,17
125,34
239,14
369,23
181,56
182,15
195,31
192,0
274,45
69,36
165,47
193,17
154,34
211,14
330,23
192,56
184,15
188,31
200,0
439,45
90,36
142,47
206,17
140,34
226,14
889,23
864,56
230,15
172,31
189,0
213,45
60,36
133,47
221,17
574,34
232,14
297,23
205,56
185,15
219,31
198,0
256,45
90,36
195,47
174,17
155,34
228,14
358,23
188,56
195,15
192,31
191,0
278,45
61,36
206,47
176,17
142,34
227,14
317,23
192,56
198,15
210,31
268,0
380,45
90,36
174,47
188,17
201,34
191,14
314,23
215,56
186,15
186,31
211,0
271,45
83,36
174,47
182,17
142,34
224,14
245,23
196,56
181,15
223,31
226,0
418,45
88,36
156,47
176,17
162,34
252,14
575,23
254,56
235,15
156,31
203,0
281,45
96,36
188,47
155,17
169,34
211,14
314,23
232,56
160,15
246,31
223,0
271,45
109,36
173,47
195,17
126,34
264,14
331,23
309,56
221,15
228,31
214,0
261,45
85,36
170,47
202,17
557,34
292,14
553,23
212,56
164,15
207,31
200,0
248,45
90,36
184,47
172,17
149,34
258,14
308,23
233,56
188,15
212,31
195,0
255,45
94,36
192,47
180,17
160,34
234,14
334,23
234,56
194,15
205,31
231,0
239,45
106,36
171,47
172,17
143,34
244,14
385,23
220,56
168,15
214,31
213,0
246,45
82,36
206,47
184,17
133,34
252,14
331,23
202,56
166,15
199,31
224,0
267,45
87,36
206,47
183,17
541,34
265,14
472,23
234,56
161,15
235,31
159,0
258,45
66,36
182,47
206,17
126,34
238,14
348,23
214,56
163,15
215,31
191,0
238,45
90,36
186,47
196,17
388,34
207,14
326,23
159,56
171,15
184,31
205,0
243,45
81,36
174,47
226,17
126,34
247,14
362,23
211,56
154,15
254,31
231,0
259,45
104,36
320,47
204,17
401,34
294,14
295,23
159,56
183,15
179,31
194,0
231,45
73,36
171,47
186,17
159,34
1151,14
359,23
177,56
185,15
193,31
178,0
234,45
86,36
193,47
198,17
169,34
242,14
327,23
200,56
205,15
185,31
182,0
309,45
87,36
151,47
170,17
141,34
278,14
444,23
193,56
160,15
179,31
164,0
255,45
91,36
150,47
193,17
118,34
250,14
287,23
183,56
159,15
191,31
175,0
273,45
85,36
180,47
188,17
125,34
248,14
304,23
193,56
149,15
201,31
218,0
309,45
79,36
191,47
198,17
145,34
236,14
284,23
167,56
176,15
208,31
170,0
250,45
76,36
161,47
197,17
155,34
209,14
279,23
170,56
182,15
184,31
202,0
254,45
77,36
207,47
220,17
108,34
258,14
376,23
173,56
169,15
189,31
178,0
240,45
67,36
183,47
194,17
132,34
200,14
277,23
173,56
196,15
206,31
163,0
226,45
73,36
219,47
213,17
122,34
211,14
285,23
192,56
134,15
243,31
160,0
250,45
80,36
159,47
224,17
127,34
1335,14
344,23
197,56
164,15
200,31
165,0
267,45
73,36
209,47
163,17
165,34
219,14
292,23
179,56
187,15
186,31
186,0
270,45
88,36
178,47
199,17
185,34
221,14
337,23
213,56
172,15
181,31
177,0
242,45
74,36
167,47
211,17
172,34
176,14
316,23
212,56
179,15
236,31
193,0
248,45
65,36
188,47
202,17
189,34
227,14
300,23
206,56
217,15
222,31
200,0
242,45
66,36
189,47
220,17
156,34
210,14
306,23
218,56
170,15
174,31
188,0
278,45
92,36
221,47
184,17
190,34
237,14
301,23
226,56
160,15
237,31
188,0
255,45
70,36
228,47
422,17
205,34
235,14
297,23
203,56
153,15
224,31
205,0
264,45
78,36
201,47
815,17
225,34
193,14
292,23
207,56
135,15
280,31
232,0
297,45
83,36
208,47
184,17
188,34
289,14
312,23
210,56
217,15
188,31
236,0
430,45
92,36
190,47
158,17
182,34
219,14
291,23
211,56
176,15
182,31
191,0
273,45
86,36
165,47
186,17
190,34
234,14
261,23
207,56
144,15
221,31
200,0
256,45
81,36
183,47
196,17
168,34
243,14
338,23
228,56
138,15
240,31
203,0
294,45
92,36
177,47
208,17
153,34
242,14
315,23
714,56
224,15
151,31
200,0
321,45
107,36
225,47
208,17
217,34
1252,14
454,23
201,56
151,15
208,31
223,0
287,45
102,36
186,47
209,17
206,34
301,14
371,23
248,56
138,15
230,31
203,0
265,45
92,36
197,47
196,17
177,34
193,14
333,23
204,56
187,15
214,31
214,0
336,45
93,36
208,47
216,17
182,34
270,14
297,23
213,56
179,15
173,31
201,0
291,45
81,36
615,47
170,17
191,34
537,14
344,23
207,56
165,15
222,31
189,0
321,45
96,36
166,47
201,17
272,34
228,14
472,23
683,56
185,15
188,31
207,0
471,45
94,36
154,47
174,17
170,34
280,14
328,23
149,56
216,15
176,31
246,0
341,45
89,36
166,47
196,17
157,34
240,14
333,23
253,56
160,15
213,31
213,0
514,45
86,36
198,47
195,17
188,34
346,14
353,23
250,56
181,15
221,31
196,0
271,45
87,36
197,47
209,17
144,34
213,14
295,23
191,56
135,15
240,31
197,0
253,45
83,36
179,47
183,17
206,34
243,14
317,23
237,56
163,15
226,31
183,0
257,45
80,36
193,47
222,17
162,34
197,14
342,23
206,56
239,15
155,31
211,0
292,45
104,36
232,47
240,17
436,34
226,14
317,23
215,56
159,15
203,31
200,0
669,45
113,36
667,47
167,17
159,34
182,14
266,23
196,56
121,15
218,31
197,0
258,45
68,36
161,47
170,17
134,34
244,14
392,23
190,56
170,15
229,31
199,0
239,45
76,36
153,47
191,17
126,34
248,14
328,23
212,56
154,15
198,31
201,0
256,45
98,36
231,47
216,17
667,34
254,14
581,23
268,56
157,15
207,31
159,0
251,45
63,36
189,47
202,17
115,34
446,14
340,23
211,56
142,15
208,31
189,0
222,45
87,36
144,47
178,17
165,34
226,14
328,23
209,56
132,15
230,31
200,0
264,45
95,36
197,47
202,17
129,34
741,14
399,23
191,56
192,15
190,31
163,0
295,45
98,36
182,47
206,17
398,34
230,14
311,23
202,56
173,15
198,31
223,0
234,45
94,36
185,47
218,17
237,34
235,14
319,23
227,56
195,15
216,31
217,0
229,45
107,36
194,47
208,17
217,34
214,14
317,23
258,56
157,15
223,31
203,0
258,45
95,36
192,47
193,17
507,34
287,14
352,23
295,56
107,15
667,31
215,0
220,45
82,36
212,47
200,17
146,34
640,14
365,23
245,56
172,15
238,31
169,0
306,45
86,36
200,47
432,17
209,34
267,14
295,23
231,56
167,15
219,31
228,0
379,45
104,36
222,47
305,17
209,34
212,14
313,23
216,56
170,15
225,31
213,0
324,45
95,36
195,47
297,17
204,34
253,14
315,23
273,56
208,15
198,31
242,0
295,45
85,36
146,47
216,17
111,34
322,14
354,23
193,56
164,15
188,31
162,0
267,45
81,36
179,47
179,17
130,34
271,14
447,23
188,56
170,15
177,31
149,0
245,45
72,36
152,47
184,17
128,34
236,14
322,23
197,56
157,15
173,31
193,0
237,45
76,36
179,47
167,17
174,34
213,14
308,23
193,56
170,15
196,31
189,0
261,45
70,36
176,47
188,17
172,34
233,14
334,23
171,56
156,15
177,31
181,0
248,45
73,36
181,47
194,17
288,34
252,14
373,23
211,56
162,15
190,31
190,0
260,45
67,36
170,47
198,17
146,34
238,14
286,23
210,56
137,15
185,31
176,0
248,45
56,36
209,47
163,17
170,34
605,14
375,23
228,56
159,15
191,31
170,0
305,45
83,36
159,47
180,17
132,34
248,14
330,23
204,56
168,15
203,31
198,0
252,45
73,36
186,47
186,17
141,34
225,14
326,23
200,56
158,15
190,31
205,0
255,45
76,36
188,47
187,17
159,34
225,14
299,23
207,56
162,15
204,31
186,0
258,45
56,36
158,47
204,17
156,34
239,14
272,23
225,56
141,15
264,31
159,0
300,45
78,36
164,47
179,17
164,34
229,14
347,23
252,56
130,15
222,31
144,0
265,45
66,36
180,47
188,17
158,34
249,14
328,23
205,56
169,15
199,31
178,0
270,45
76,36
184,47
194,17
165,34
240,14
325,23
283,56
131,15
242,31
239,0
232,45
82,36
214,47
184,17
135,34
230,14
344,23
208,56
172,15
193,31
203,0
248,45
86,36
246,47
242,17
165,34
231,14
298,23
186,56
196,15
165,31
212,0
216,45
62,36
201,47
173,17
186,34
227,14
309,23
206,56
138,15
196,31
218,0
273,45
88,36
152,47
183,17
180,34
216,14
291,23
194,56
155,15
223,31
220,0
235,45
62,36
180,47
213,17
177,34
218,14
316,23
246,56
180,15
213,31
223,0
160,45
72,36
183,47
174,17
142,34
456,14
412,23
637,56
219,15
142,31
208,0
242,45
114,36
190,47
173,17
495,34
271,14
319,23
214,56
198,15
185,31
196,0
299,45
92,36
230,47
429,17
390,34
214,14
282,23
195,56
187,15
177,31
213,0
303,45
98,36
206,47
197,17
213,34
229,14
371,23
234,56
176,15
213,31
200,0
275,45
95,36
186,47
217,17
174,34
336,14
320,23
246,56
185,15
220,31
204,0
343,45
106,36
215,47
173,17
194,34
260,14
337,23
258,56
180,15
204,31
190,0
260,45
75,36
222,47
167,17
670,34
245,14
366,23
273,56
119,15
220,31
195,0
230,45
83,36
157,47
230,17
570,34
254,14
344,23
229,56
170,15
189,31
202,0
268,45
79,36
212,47
185,17
1022,34
216,14
517,23
232,56
153,15
202,31
172,0
242,45
72,36
169,47
183,17
173,34
239,14
277,23
206,56
153,15
220,31
216,0
257,45
72,36
192,47
174,17
193,34
202,14
283,23
203,56
175,15
203,31
210,0
263,45
64,36
194,47
157,17
589,34
273,14
317,23
182,56
177,15
186,31
185,0
235,45
82,36
211,47
172,17
144,34
237,14
292,23
171,56
169,15
217,31
188,0
237,45
98,36
217,47
193,17
157,34
244,14
319,23
187,56
176,15
168,31
227,0
238,45
66,36
214,47
187,17
139,34
269,14
370,23
266,56
266,15
175,31
218,0
221,45
85,36
171,47
205,17
322,34
256,14
278,23
217,56
158,15
188,31
204,0
266,45
73,36
189,47
198,17
199,34
218,14
319,23
214,56
172,15
186,31
205,0
227,45
87,36
159,47
189,17
172,34
213,14
596,23
296,56
169,15
200,31
213,0
258,45
63,36
196,47
157,17
165,34
210,14
299,23
239,56
111,15
196,31
435,0
277,45
102,36
172,47
159,17
161,34
243,14
334,23
223,56
184,15
170,31
196,0
291,45
94,36
214,47
161,17
194,34
245,14
324,23
195,56
185,15
158,31
226,0
267,45
81,36
172,47
201,17
184,34
214,14
311,23
228,56
154,15
216,31
216,0
257,45
110,36
351,47
162,17
176,34
232,14
298,23
177,56
208,15
208,31
195,0
371,45
76,36
182,47
202,17
426,34
250,14
316,23
180,56
188,15
180,31
203,0
248,45
100,36
183,47
163,17
136,34
257,14
317,23
194,56
214,15
177,31
234,0
401,45
95,36
155,47
189,17
159,34
331,14
321,23
212,56
197,15
190,31
209,0
278,45
89,36
174,47
165,17
409,34
347,14
356,23
201,56
195,15
192,31
182,0
339,45
94,36
172,47
190,17
148,34
288,14
330,23
228,56
160,15
218,31
226,0
322,45
80,36
510,47
166,17
153,34
233,14
283,23
188,56
134,15
216,31
205,0
297,45
91,36
193,47
188,17
222,34
254,14
324,23
241,56
160,15
221,31
183,0
395,45
103,36
184,47
181,17
154,34
980,14
427,23
224,56
150,15
179,31
200,0
266,45
85,36
170,47
204,17
183,34
290,14
356,23
202,56
232,15
169,31
194,0
285,45
97,36
176,47
191,17
198,34
264,14
343,23
210,56
202,15
198,31
214,0
285,45
78,36
191,47
192,17
161,34
239,14
311,23
198,56
178,15
178,31
197,0
260,45
67,36
177,47
130,17
184,34
205,14
322,23
195,56
189,15
170,31
216,0
253,45
67,36
199,47
183,17
161,34
275,14
337,23
216,56
182,15
183,31
189,0
253,45
80,36
164,47
196,17
178,34
248,14
352,23
261,56
198,15
201,31
191,0
276,45
92,36
190,47
187,17
169,34
234,14
344,23
227,56
176,15
184,31
226,0
283,45
70,36
172,47
204,17
154,34
235,14
319,23
260,56
159,15
211,31
208,0
261,45
84,36
222,47
197,17
167,34
306,14
357,23
224,56
198,15
198,31
208,0
285,45
73,36
202,47
192,17
168,34
265,14
358,23
228,56
163,15
232,31
197,0
266,45
74,36
199,47
171,17
621,34
349,14
389,23
126,56
410,15
210,31
210,0
254,45
97,36
160,47
179,17
187,34
289,14
405,23
412,56
203,15
173,31
215,0
237,45
67,36
207,47
164,17
181,34
274,14
350,23
242,56
165,15
193,31
216,0
285,45
82,36
209,47
162,17
187,34
272,14
375,23
555,56
212,15
165,31
224,0
255,45
90,36
191,47
208,17
149,34
289,14
453,23
203,56
174,15
218,31
187,0
254,45
63,36
204,47
211,17
184,34
274,14
346,23
256,56
205,15
191,31
211,0
285,45
98,36
177,47
220,17
170,34
256,14
366,23
234,56
177,15
195,31
203,0
240,45
79,36
190,47
211,17
199,34
296,14
448,23
257,56
182,15
222,31
218,0
266,45
83,36
179,47
209,17
144,34
259,14
367,23
205,56
186,15
193,31
208,0
265,45
81,36
197,47
192,17
181,34
281,14
308,23
250,56
164,15
234,31
202,0
276,45
70,36
221,47
166,17
201,34
230,14
322,23
205,56
174,15
189,31
230,0
296,45
81,36
207,47
183,17
185,34
241,14
274,23
221,56
168,15
196,31
224,0
248,45
84,36
188,47
200,17
159,34
245,14
329,23
252,56
168,15
218,31
214,0
292,45
76,36
198,47
259,17
193,34
231,14
317,23
200,56
169,15
198,31
196,0
282,45
116,36
198,47
196,17
202,34
284,14
354,23
227,56
176,15
205,31
227,0
297,45
104,36
214,47
339,17
217,34
245,14
351,23
271,56
192,15
226,31
238,0
371,45
87,36
201,47
173,17
190,34
257,14
315,23
221,56
176,15
237,31
222,0
310,45
114,36
195,47
177,17
191,34
258,14
568,23
218,56
164,15
198,31
261,0
306,45
112,36
264,47
191,17
185,34
264,14
447,23
512,56
196,15
186,31
244,0
480,45
101,36
241,47
179,17
180,34
235,14
378,23
264,56
210,15
227,31
233,0
291,45
112,36
230,47
187,17
240,34
251,14
331,23
268,56
214,15
153,31
240,0
277,45
92,36
190,47
179,17
209,34
255,14
400,23
286,56
195,15
264,31
222,0
315,45
117,36
205,47
180,17
182,34
256,14
367,23
228,56
173,15
214,31
209,0
282,45
85,36
208,47
196,17
203,34
251,14
370,23
236,56
198,15
209,31
248,0
298,45
99,36
189,47
176,17
205,34
261,14
373,23
220,56
165,15
215,31
260,0
278,45
87,36
168,47
224,17
189,34
277,14
405,23
208,56
196,15
230,31
239,0
283,45
77,36
153,47
195,17
172,34
251,14
339,23
222,56
173,15
207,31
216,0
284,45
70,36
213,47
166,17
182,34
282,14
312,23
218,56
235,15
209,31
213,0
231,45
71,36
160,47
180,17
150,34
242,14
364,23
231,56
169,15
217,31
219,0
259,45
75,36
179,47
189,17
206,34
242,14
328,23
210,56
189,15
249,31
235,0
243,45
102,36
192,47
189,17
177,34
268,14
337,23
121,56
505,15
231,31
219,0
276,45
105,36
192,47
210,17
187,34
281,14
336,23
226,56
163,15
213,31
244,0
270,45
82,36
174,47
228,17
181,34
242,14
301,23
340,56
274,15
242,31
213,0
252,45
76,36
149,47
194,17
187,34
267,14
330,23
211,56
181,15
204,31
206,0
552,45
99,36
219,47
192,17
163,34
230,14
327,23
204,56
202,15
199,31
226,0
246,45
92,36
187,47
210,17
196,34
242,14
333,23
222,56
207,15
161,31
221,0
276,45
105,36
170,47
192,17
220,34
280,14
336,23
259,56
128,15
209,31
225,0
269,45
79,36
187,47
187,17
199,34
218,14
353,23
447,56
188,15
193,31
451,0
299,45
86,36
170,47
181,17
169,34
220,14
297,23
204,56
169,15
195,31
234,0
317,45
99,36
