361,47
168,17
223,34
559,14
872,23
739,56
302,15
209,31
259,0
405,45
69,36
406,47
188,17
202,34
679,14
833,23
592,56
289,15
282,31
297,0
307,45
58,36
375,47
191,17
234,34
294,14
481,23
436,56
287,15
272,31
256,0
284,45
63,36
450,47
198,17
139,34
309,14
480,23
368,56
228,15
177,31
302,0
322,45
27,36
323,47
147,17
140,34
885,14
633,23
606,56
232,15
171,31
283,0
298,45
85,36
339,47
147,17
175,34
694,14
496,23
368,56
267,15
154,31
275,0
296,45
43,36
321,47
159,17
144,34
745,14
578,23
354,56
306,15
115,31
285,0
278,45
38,36
299,47
182,17
121,34
555,14
710,23
558,56
267,15
156,31
259,0
319,45
45,36
314,47
156,17
159,34
514,14
399,23
324,56
272,15
162,31
305,0
352,45
87,36
244,47
180,17
143,34
509,14
333,23
336,56
302,15
494,31
287,0
270,45
62,36
245,47
180,17
126,34
532,14
392,23
423,56
256,15
188,31
254,0
675,45
61,36
254,47
206,17
109,34
529,14
438,23
289,56
352,15
162,31
238,0
298,45
57,36
491,47
161,17
135,34
502,14
362,23
250,56
263,15
111,31
209,0
276,45
89,36
262,47
186,17
270,34
574,14
496,23
416,56
329,15
463,31
723,0
297,45
89,36
308,47
126,17
147,34
458,14
344,23
317,56
262,15
152,31
234,0
314,45
66,36
206,47
185,17
104,34
594,14
323,23
290,56
283,15
171,31
196,0
292,45
64,36
262,47
163,17
120,34
499,14
490,23
417,56
358,15
261,31
262,0
295,45
73,36
225,47
154,17
117,34
481,14
475,23
359,56
271,15
159,31
264,0
284,45
67,36
280,47
143,17
168,34
514,14
380,23
286,56
241,15
163,31
227,0
313,45
59,36
281,47
207,17
151,34
404,14
368,23
293,56
279,15
271,31
223,0
286,45
59,36
282,47
158,17
102,34
445,14
301,23
252,56
239,15
194,31
227,0
313,45
58,36
336,47
136,17
165,34
488,14
354,23
258,56
212,15
214,31
270,0
297,45
64,36
245,47
135,17
124,34
583,14
388,23
287,56
794,15
274,31
282,0
333,45
82,36
235,47
141,17
126,34
633,14
328,23
259,56
261,15
196,31
235,0
252,45
55,36
222,47
192,17
106,34
470,14
334,23
224,56
240,15
219,31
300,0
952,45
88,36
287,47
340,17
211,34
964,14
356,23
298,56
290,15
439,31
280,0
262,45
74,36
487,47
217,17
117,34
1140,14
460,23
288,56
392,15
235,31
238,0
254,45
75,36
311,47
158,17
124,34
551,14
414,23
245,56
294,15
193,31
248,0
289,45
75,36
389,47
233,17
183,34
480,14
332,23
210,56
322,15
198,31
220,0
249,45
74,36
389,47
172,17
126,34
459,14
304,23
235,56
246,15
229,31
236,0
265,45
58,36
383,47
240,17
110,34
525,14
434,23
243,56
243,15
192,31
256,0
275,45
65,36
353,47
198,17
113,34
489,14
359,23
202,56
241,15
202,31
231,0
328,45
50,36
278,47
179,17
128,34
505,14
384,23
260,56
254,15
202,31
250,0
324,45
69,36
340,47
208,17
92,34
557,14
366,23
257,56
194,15
599,31
299,0
315,45
65,36
281,47
187,17
119,34
666,14
1597,23
419,56
318,15
298,31
301,0
375,45
110,36
234,47
174,17
92,34
695,14
438,23
272,56
219,15
205,31
252,0
247,45
69,36
277,47
205,17
74,34
802,14
816,23
327,56
290,15
188,31
265,0
268,45
108,36
296,47
202,17
79,34
681,14
362,23
276,56
213,15
232,31
174,0
297,45
74,36
216,47
194,17
69,34
925,14
648,23
349,56
280,15
188,31
201,0
262,45
73,36
225,47
167,17
100,34
473,14
318,23
222,56
194,15
448,31
349,0
283,45
68,36
394,47
218,17
152,34
458,14
363,23
228,56
198,15
243,31
245,0
284,45
57,36
202,47
189,17
96,34
680,14
337,23
251,56
244,15
182,31
237,0
616,45
86,36
302,47
156,17
264,34
857,14
592,23
214,56
209,15
220,31
214,0
294,45
52,36
204,47
192,17
68,34
493,14
384,23
291,56
222,15
174,31
254,0
283,45
68,36
372,47
196,17
212,34
1013,14
341,23
278,56
271,15
220,31
289,0
350,45
68,36
317,47
271,17
166,34
516,14
377,23
296,56
280,15
143,31
225,0
252,45
85,36
261,47
182,17
65,34
1368,14
338,23
310,56
220,15
228,31
307,0
278,45
58,36
260,47
229,17
137,34
509,14
344,23
189,56
260,15
213,31
244,0
273,45
74,36
247,47
179,17
84,34
921,14
337,23
217,56
213,15
140,31
199,0
305,45
101,36
437,47
152,17
102,34
586,14
408,23
291,56
283,15
209,31
155,0
277,45
67,36
375,47
239,17
188,34
702,14
468,23
596,56
268,15
197,31
262,0
241,45
72,36
276,47
161,17
147,34
661,14
362,23
515,56
264,15
672,31
264,0
237,45
70,36
311,47
184,17
76,34
617,14
435,23
686,56
261,15
178,31
246,0
228,45
73,36
183,47
179,17
89,34
478,14
467,23
338,56
249,15
159,31
186,0
237,45
71,36
193,47
178,17
119,34
543,14
402,23
475,56
254,15
205,31
258,0
253,45
71,36
202,47
168,17
83,34
533,14
568,23
345,56
280,15
186,31
207,0
249,45
76,36
265,47
171,17
89,34
453,14
328,23
329,56
268,15
193,31
239,0
253,45
78,36
290,47
185,17
89,34
431,14
424,23
263,56
183,15
217,31
194,0
294,45
84,36
275,47
222,17
109,34
480,14
322,23
211,56
215,15
148,31
216,0
299,45
78,36
222,47
152,17
102,34
537,14
357,23
240,56
186,15
181,31
203,0
283,45
68,36
425,47
154,17
134,34
527,14
325,23
237,56
207,15
225,31
242,0
286,45
76,36
408,47
156,17
124,34
541,14
332,23
239,56
165,15
182,31
170,0
284,45
75,36
483,47
161,17
99,34
535,14
285,23
229,56
195,15
171,31
183,0
299,45
68,36
376,47
189,17
99,34
531,14
292,23
230,56
179,15
195,31
164,0
340,45
70,36
254,47
165,17
99,34
459,14
275,23
195,56
184,15
175,31
223,0
256,45
69,36
228,47
161,17
103,34
482,14
308,23
238,56
199,15
144,31
253,0
280,45
76,36
176,47
187,17
507,34
771,14
271,23
243,56
158,15
186,31
207,0
347,45
68,36
236,47
107,17
152,34
1089,14
361,23
257,56
241,15
171,31
206,0
243,45
60,36
199,47
181,17
125,34
456,14
375,23
227,56
172,15
144,31
219,0
266,45
63,36
290,47
176,17
171,34
489,14
332,23
205,56
180,15
135,31
200,0
261,45
58,36
269,47
181,17
129,34
409,14
320,23
180,56
189,15
128,31
571,0
306,45
91,36
228,47
187,17
115,34
458,14
258,23
209,56
163,15
139,31
200,0
239,45
56,36
259,47
187,17
125,34
491,14
294,23
213,56
174,15
172,31
216,0
315,45
84,36
184,47
169,17
156,34
530,14
338,23
237,56
252,15
189,31
226,0
270,45
54,36
318,47
148,17
145,34
563,14
281,23
223,56
169,15
177,31
175,0
326,45
66,36
228,47
407,17
405,34
678,14
389,23
237,56
212,15
156,31
160,0
385,45
67,36
195,47
186,17
131,34
567,14
263,23
221,56
201,15
179,31
239,0
282,45
57,36
392,47
659,17
275,34
547,14
404,23
275,56
236,15
196,31
235,0
249,45
68,36
461,47
205,17
868,34
482,14
420,23
294,56
343,15
217,31
265,0
254,45
84,36
331,47
260,17
221,34
489,14
272,23
214,56
227,15
129,31
249,0
270,45
82,36
433,47
296,17
195,34
1003,14
328,23
203,56
186,15
118,31
251,0
360,45
73,36
587,47
166,17
151,34
927,14
635,23
238,56
161,15
197,31
171,0
746,45
95,36
661,47
163,17
149,34
511,14
271,23
228,56
206,15
160,31
270,0
319,45
61,36
335,47
157,17
123,34
450,14
284,23
233,56
220,15
155,31
320,0
280,45
81,36
426,47
174,17
135,34
468,14
279,23
229,56
213,15
160,31
224,0
306,45
49,36
260,47
149,17
175,34
505,14
306,23
234,56
182,15
184,31
233,0
308,45
68,36
313,47
164,17
160,34
470,14
277,23
177,56
216,15
128,31
265,0
288,45
73,36
376,47
206,17
131,34
448,14
303,23
267,56
317,15
142,31
255,0
231,45
83,36
223,47
178,17
132,34
452,14
233,23
195,56
199,15
173,31
229,0
255,45
80,36
236,47
165,17
103,34
450,14
333,23
216,56
212,15
234,31
269,0
279,45
68,36
227,47
193,17
147,34
461,14
320,23
256,56
178,15
185,31
217,0
290,45
73,36
264,47
138,17
161,34
1149,14
357,23
337,56
243,15
177,31
221,0
243,45
71,36
319,47
240,17
102,34
1282,14
315,23
230,56
161,15
197,31
202,0
283,45
82,36
452,47
137,17
166,34
438,14
261,23
197,56
189,15
171,31
188,0
297,45
61,36
294,47
145,17
86,34
1462,14
546,23
208,56
151,15
175,31
142,0
229,45
85,36
137,47
213,17
252,34
690,14
312,23
251,56
133,15
161,31
204,0
297,45
85,36
213,47
180,17
93,34
439,14
270,23
186,56
118,15
184,31
226,0
298,45
58,36
402,47
178,17
136,34
492,14
315,23
174,56
219,15
191,31
208,0
326,45
74,36
443,47
141,17
135,34
504,14
368,23
232,56
165,15
183,31
186,0
278,45
61,36
244,47
185,17
97,34
442,14
260,23
186,56
158,15
197,31
166,0
234,45
36,36
206,47
173,17
166,34
550,14
351,23
249,56
193,15
172,31
219,0
208,45
82,36
180,47
170,17
121,34
443,14
270,23
194,56
186,15
87,31
241,0
262,45
68,36
186,47
189,17
90,34
404,14
299,23
191,56
209,15
156,31
189,0
257,45
77,36
162,47
162,17
115,34
419,14
330,23
219,56
168,15
199,31
204,0
259,45
70,36
166,47
183,17
77,34
428,14
317,23
202,56
181,15
164,31
188,0
268,45
74,36
198,47
195,17
83,34
399,14
261,23
204,56
185,15
185,31
191,0
256,45
70,36
254,47
139,17
98,34
388,14
295,23
199,56
153,15
164,31
201,0
237,45
63,36
91,47
197,17
82,34
381,14
287,23
203,56
167,15
200,31
140,0
235,45
61,36
219,47
162,17
127,34
645,14
333,23
221,56
178,15
173,31
189,0
273,45
58,36
228,47
165,17
121,34
431,14
284,23
188,56
175,15
129,31
205,0
239,45
54,36
128,47
185,17
98,34
436,14
783,23
320,56
172,15
178,31
207,0
278,45
71,36
171,47
142,17
144,34
392,14
306,23
217,56
217,15
183,31
187,0
318,45
71,36
227,47
155,17
167,34
401,14
309,23
188,56
203,15
198,31
229,0
283,45
62,36
217,47
139,17
172,34
470,14
321,23
247,56
205,15
205,31
204,0
285,45
67,36
339,47
228,17
173,34
420,14
305,23
199,56
186,15
184,31
141,0
376,45
76,36
195,47
158,17
133,34
373,14
239,23
190,56
205,15
174,31
118,0
326,45
65,36
136,47
189,17
94,34
428,14
267,23
222,56
222,15
170,31
177,0
274,45
60,36
208,47
139,17
120,34
386,14
339,23
306,56
176,15
196,31
244,0
262,45
61,36
196,47
192,17
117,34
442,14
295,23
217,56
190,15
160,31
173,0
289,45
84,36
111,47
134,17
153,34
444,14
367,23
412,56
222,15
166,31
224,0
258,45
57,36
239,47
163,17
167,34
388,14
256,23
215,56
197,15
159,31
188,0
301,45
72,36
258,47
133,17
125,34
294,14
695,23
287,56
184,15
201,31
217,0
282,45
71,36
194,47
207,17
550,34
531,14
284,23
231,56
185,15
207,31
168,0
279,45
58,36
191,47
172,17
148,34
481,14
316,23
299,56
193,15
186,31
171,0
280,45
64,36
217,47
163,17
130,34
439,14
357,23
249,56
187,15
185,31
135,0
303,45
73,36
152,47
145,17
85,34
819,14
339,23
281,56
286,15
110,31
204,0
272,45
62,36
221,47
576,17
115,34
494,14
258,23
197,56
242,15
137,31
836,0
201,45
80,36
925,47
168,17
195,34
726,14
328,23
236,56
213,15
137,31
228,0
274,45
72,36
507,47
146,17
175,34
531,14
306,23
216,56
239,15
195,31
198,0
291,45
63,36
497,47
166,17
152,34
512,14
306,23
220,56
190,15
163,31
658,0
294,45
80,36
298,47
157,17
170,34
487,14
295,23
198,56
269,15
190,31
163,0
286,45
70,36
447,47
173,17
139,34
432,14
302,23
211,56
195,15
183,31
206,0
271,45
76,36
329,47
156,17
139,34
490,14
233,23
198,56
232,15
182,31
230,0
317,45
75,36
459,47
195,17
112,34
367,14
366,23
242,56
232,15
180,31
172,0
304,45
74,36
311,47
150,17
104,34
416,14
303,23
207,56
224,15
178,31
165,0
305,45
70,36
427,47
163,17
113,34
1047,14
502,23
266,56
284,15
194,31
204,0
320,45
65,36
276,47
202,17
109,34
472,14
267,23
216,56
226,15
190,31
131,0
272,45
75,36
328,47
202,17
116,34
524,14
308,23
175,56
183,15
117,31
139,0
232,45
63,36
390,47
168,17
163,34
531,14
264,23
206,56
202,15
162,31
171,0
261,45
74,36
331,47
214,17
163,34
880,14
406,23
332,56
252,15
231,31
267,0
294,45
62,36
269,47
197,17
137,34
389,14
331,23
214,56
212,15
191,31
202,0
286,45
71,36
338,47
194,17
127,34
438,14
426,23
318,56
236,15
202,31
312,0
299,45
56,36
283,47
180,17
143,34
817,14
402,23
283,56
261,15
138,31
235,0
331,45
71,36
193,47
179,17
109,34
420,14
272,23
179,56
220,15
170,31
205,0
261,45
50,36
280,47
173,17
97,34
656,14
535,23
239,56
194,15
150,31
189,0
265,45
46,36
255,47
162,17
123,34
1338,14
372,23
231,56
427,15
184,31
185,0
300,45
57,36
221,47
179,17
108,34
503,14
363,23
223,56
240,15
120,31
246,0
323,45
88,36
270,47
191,17
120,34
508,14
326,23
207,56
287,15
170,31
177,0
283,45
79,36
188,47
186,17
115,34
538,14
282,23
186,56
208,15
185,31
157,0
280,45
66,36
244,47
171,17
104,34
479,14
317,23
234,56
189,15
188,31
159,0
274,45
73,36
247,47
171,17
108,34
429,14
329,23
214,56
230,15
155,31
178,0
263,45
68,36
228,47
152,17
125,34
417,14
262,23
198,56
169,15
161,31
228,0
277,45
67,36
281,47
196,17
127,34
549,14
305,23
219,56
196,15
92,31
337,0
284,45
73,36
228,47
160,17
98,34
429,14
267,23
244,56
276,15
157,31
195,0
216,45
58,36
265,47
164,17
149,34
395,14
288,23
269,56
200,15
187,31
180,0
246,45
60,36
233,47
146,17
137,34
374,14
281,23
208,56
173,15
194,31
175,0
272,45
57,36
224,47
133,17
154,34
426,14
286,23
248,56
185,15
185,31
175,0
248,45
63,36
210,47
181,17
119,34
343,14
259,23
223,56
178,15
211,31
136,0
290,45
57,36
201,47
201,17
57,34
477,14
290,23
243,56
208,15
187,31
160,0
326,45
66,36
245,47
212,17
161,34
427,14
323,23
250,56
330,15
132,31
241,0
272,45
65,36
215,47
204,17
131,34
427,14
245,23
259,56
242,15
188,31
215,0
373,45
97,36
177,47
207,17
93,34
512,14
502,23
235,56
154,15
180,31
153,0
278,45
65,36
189,47
178,17
71,34
408,14
276,23
222,56
213,15
115,31
244,0
303,45
69,36
234,47
181,17
100,34
387,14
332,23
184,56
279,15
147,31
237,0
281,45
61,36
219,47
179,17
104,34
375,14
261,23
226,56
210,15
187,31
183,0
308,45
71,36
183,47
186,17
78,34
393,14
278,23
192,56
248,15
161,31
188,0
278,45
58,36
236,47
150,17
133,34
636,14
350,23
290,56
275,15
202,31
239,0
236,45
67,36
185,47
203,17
98,34
320,14
391,23
230,56
288,15
162,31
209,0
256,45
79,36
449,47
163,17
121,34
313,14
349,23
239,56
199,15
180,31
161,0
246,45
67,36
230,47
186,17
1465,34
322,14
417,23
347,56
188,15
195,31
178,0
249,45
69,36
177,47
205,17
106,34
309,14
330,23
222,56
215,15
144,31
158,0
301,45
80,36
232,47
217,17
93,34
331,14
394,23
258,56
325,15
181,31
184,0
275,45
66,36
204,47
180,17
133,34
503,14
302,23
200,56
219,15
166,31
151,0
264,45
60,36
198,47
206,17
82,34
317,14
390,23
235,56
258,15
130,31
335,0
242,45
61,36
223,47
184,17
111,34
284,14
353,23
225,56
228,15
158,31
183,0
217,45
80,36
285,47
126,17
120,34
625,14
772,23
235,56
393,15
252,31
204,0
273,45
59,36
251,47
206,17
121,34
321,14
316,23
200,56
206,15
185,31
124,0
247,45
59,36
236,47
170,17
70,34
900,14
299,23
250,56
271,15
90,31
205,0
346,45
90,36
224,47
151,17
119,34
255,14
358,23
260,56
264,15
179,31
200,0
217,45
69,36
411,47
218,17
105,34
716,14
360,23
236,56
163,15
182,31
181,0
248,45
73,36
165,47
184,17
108,34
377,14
401,23
243,56
155,15
201,31
138,0
299,45
91,36
256,47
164,17
126,34
314,14
310,23
225,56
258,15
154,31
117,0
273,45
72,36
242,47
199,17
141,34
329,14
375,23
325,56
260,15
185,31
224,0
285,45
76,36
245,47
158,17
143,34
293,14
347,23
257,56
158,15
192,31
233,0
255,45
78,36
222,47
196,17
82,34
970,14
321,23
253,56
198,15
156,31
199,0
272,45
77,36
239,47
169,17
124,34
301,14
374,23
264,56
190,15
210,31
313,0
324,45
71,36
509,47
147,17
126,34
347,14
344,23
231,56
180,15
160,31
186,0
319,45
68,36
161,47
193,17
104,34
370,14
348,23
240,56
198,15
184,31
105,0
281,45
81,36
212,47
187,17
126,34
940,14
308,23
253,56
185,15
178,31
119,0
258,45
73,36
170,47
212,17
128,34
443,14
334,23
249,56
178,15
167,31
129,0
259,45
65,36
345,47
175,17
94,34
923,14
279,23
309,56
373,15
168,31
249,0
465,45
77,36
257,47
189,17
419,34
491,14
288,23
233,56
171,15
205,31
179,0
206,45
83,36
317,47
185,17
365,34
546,14
282,23
230,56
228,15
183,31
119,0
241,45
74,36
352,47
140,17
234,34
582,14
377,23
250,56
212,15
119,31
448,0
234,45
75,36
492,47
206,17
252,34
430,14
275,23
238,56
187,15
141,31
167,0
240,45
82,36
296,47
203,17
85,34
280,14
319,23
605,56
181,15
155,31
187,0
233,45
59,36
271,47
197,17
156,34
590,14
328,23
213,56
167,15
194,31
217,0
147,45
72,36
640,47
185,17
198,34
322,14
313,23
259,56
260,15
167,31
186,0
260,45
76,36
153,47
514,17
132,34
337,14
298,23
221,56
197,15
168,31
280,0
213,45
76,36
260,47
227,17
88,34
297,14
340,23
236,56
275,15
213,31
189,0
264,45
78,36
206,47
194,17
351,34
1092,14
281,23
492,56
214,15
164,31
245,0
263,45
76,36
174,47
167,17
128,34
276,14
396,23
168,56
213,15
122,31
267,0
259,45
75,36
299,47
119,17
184,34
463,14
291,23
196,56
176,15
151,31
161,0
230,45
61,36
165,47
163,17
152,34
484,14
296,23
248,56
216,15
178,31
242,0
251,45
77,36
361,47
143,17
97,34
444,14
263,23
201,56
192,15
133,31
169,0
220,45
70,36
216,47
112,17
97,34
302,14
429,23
277,56
286,15
165,31
203,0
238,45
71,36
205,47
136,17
162,34
224,14
307,23
203,56
212,15
86,31
220,0
487,45
89,36
263,47
142,17
143,34
261,14
304,23
177,56
188,15
67,31
153,0
257,45
70,36
180,47
180,17
122,34
329,14
860,23
303,56
331,15
161,31
219,0
269,45
76,36
155,47
173,17
110,34
249,14
303,23
178,56
213,15
138,31
146,0
247,45
89,36
200,47
157,17
104,34
239,14
342,23
191,56
215,15
116,31
170,0
166,45
82,36
126,47
159,17
112,34
268,14
334,23
208,56
187,15
166,31
174,0
263,45
83,36
185,47
170,17
136,34
581,14
439,23
271,56
189,15
198,31
204,0
266,45
76,36
201,47
170,17
82,34
677,14
257,23
799,56
231,15
134,31
207,0
196,45
67,36
155,47
171,17
119,34
412,14
398,23
264,56
453,15
211,31
236,0
317,45
77,36
146,47
196,17
69,34
250,14
326,23
190,56
210,15
79,31
122,0
255,45
82,36
226,47
160,17
106,34
272,14
313,23
212,56
243,15
175,31
225,0
307,45
73,36
242,47
118,17
158,34
285,14
306,23
201,56
210,15
177,31
183,0
222,45
63,36
167,47
162,17
139,34
210,14
321,23
227,56
207,15
176,31
188,0
244,45
54,36
168,47
173,17
133,34
1036,14
257,23
241,56
179,15
183,31
161,0
234,45
74,36
243,47
293,17
185,34
1400,14
303,23
243,56
159,15
138,31
220,0
217,45
92,36
158,47
185,17
78,34
284,14
444,23
286,56
181,15
162,31
159,0
255,45
88,36
254,47
198,17
187,34
357,14
595,23
587,56
260,15
225,31
269,0
299,45
99,36
184,47
194,17
75,34
727,14
359,23
481,56
228,15
192,31
214,0
214,45
69,36
271,47
195,17
79,34
537,14
296,23
261,56
205,15
143,31
193,0
225,45
55,36
225,47
103,17
174,34
519,14
330,23
219,56
221,15
97,31
181,0
244,45
80,36
175,47
111,17
160,34
327,14
339,23
241,56
225,15
75,31
192,0
247,45
70,36
296,47
149,17
112,34
349,14
336,23
260,56
215,15
123,31
155,0
252,45
85,36
213,47
213,17
102,34
352,14
422,23
318,56
226,15
133,31
167,0
260,45
75,36
285,47
193,17
305,34
826,14
497,23
243,56
132,15
135,31
174,0
288,45
85,36
220,47
211,17
144,34
480,14
287,23
190,56
237,15
114,31
200,0
291,45
92,36
249,47
171,17
160,34
451,14
228,23
191,56
194,15
129,31
157,0
271,45
95,36
243,47
152,17
131,34
392,14
548,23
257,56
187,15
181,31
182,0
248,45
77,36
173,47
162,17
124,34
393,14
217,23
210,56
203,15
140,31
167,0
296,45
113,36
218,47
154,17
148,34
359,14
268,23
159,56
190,15
166,31
122,0
232,45
68,36
206,47
160,17
161,34
360,14
279,23
221,56
181,15
163,31
176,0
250,45
78,36
209,47
155,17
151,34
328,14
255,23
195,56
192,15
147,31
198,0
237,45
70,36
245,47
153,17
121,34
411,14
259,23
182,56
207,15
127,31
185,0
275,45
88,36
586,47
212,17
211,34
456,14
258,23
187,56
194,15
126,31
222,0
272,45
88,36
172,47
176,17
113,34
340,14
253,23
188,56
203,15
146,31
193,0
226,45
67,36
209,47
102,17
186,34
409,14
269,23
169,56
215,15
99,31
203,0
255,45
67,36
229,47
255,17
94,34
1090,14
281,23
246,56
193,15
174,31
225,0
212,45
66,36
221,47
189,17
100,34
497,14
422,23
325,56
236,15
99,31
190,0
255,45
70,36
150,47
192,17
87,34
328,14
346,23
247,56
323,15
136,31
218,0
262,45
86,36
415,47
684,17
259,34
407,14
274,23
193,56
193,15
141,31
162,0
246,45
86,36
195,47
145,17
129,34
349,14
361,23
213,56
157,15
156,31
173,0
242,45
67,36
215,47
154,17
131,34
292,14
318,23
197,56
225,15
167,31
174,0
142,45
65,36
175,47
188,17
81,34
270,14
738,23
217,56
208,15
172,31
207,0
260,45
83,36
167,47
203,17
406,34
429,14
510,23
552,56
148,15
151,31
193,0
216,45
76,36
319,47
155,17
93,34
260,14
562,23
467,56
181,15
148,31
182,0
221,45
56,36
221,47
192,17
137,34
741,14
781,23
277,56
248,15
163,31
217,0
202,45
76,36
179,47
185,17
113,34
315,14
340,23
265,56
202,15
174,31
172,0
268,45
63,36
221,47
161,17
106,34
558,14
262,23
255,56
212,15
129,31
204,0
302,45
64,36
246,47
153,17
115,34
348,14
320,23
229,56
201,15
177,31
197,0
268,45
65,36
227,47
117,17
151,34
450,14
273,23
201,56
205,15
138,31
239,0
261,45
71,36
198,47
180,17
118,34
303,14
344,23
227,56
224,15
127,31
201,0
238,45
62,36
237,47
139,17
140,34
287,14
338,23
182,56
210,15
112,31
256,0
281,45
73,36
214,47
211,17
82,34
528,14
299,23
195,56
223,15
105,31
221,0
272,45
69,36
203,47
157,17
143,34
357,14
334,23
213,56
292,15
86,31
748,0
234,45
76,36
215,47
181,17
70,34
428,14
400,23
236,56
191,15
180,31
158,0
232,45
72,36
171,47
146,17
97,34
545,14
268,23
238,56
184,15
127,31
169,0
235,45
69,36
173,47
133,17
112,34
292,14
289,23
208,56
168,15
156,31
167,0
227,45
59,36
185,47
141,17
126,34
257,14
681,23
295,56
161,15
151,31
136,0
241,45
81,36
160,47
178,17
61,34
458,14
247,23
213,56
178,15
151,31
196,0
281,45
76,36
183,47
153,17
125,34
414,14
246,23
205,56
185,15
160,31
174,0
227,45
82,36
197,47
33,17
197,34
406,14
257,23
201,56
186,15
186,31
72,0
261,45
72,36
158,47
138,17
144,34
284,14
281,23
214,56
215,15
179,31
736,0
242,45
66,36
206,47
94,17
194,34
306,14
382,23
234,56
207,15
99,31
172,0
255,45
81,36
152,47
141,17
101,34
280,14
269,23
199,56
195,15
146,31
198,0
244,45
69,36
186,47
128,17
123,34
289,14
286,23
249,56
215,15
185,31
194,0
277,45
72,36
174,47
131,17
94,34
265,14
366,23
300,56
192,15
187,31
176,0
265,45
70,36
193,47
116,17
122,34
206,14
266,23
197,56
234,15
128,31
144,0
237,45
72,36
148,47
132,17
122,34
448,14
393,23
227,56
200,15
135,31
194,0
230,45
66,36
145,47
169,17
133,34
341,14
292,23
217,56
203,15
160,31
189,0
333,45
87,36
182,47
133,17
122,34
363,14
271,23
235,56
251,15
167,31
191,0
267,45
61,36
192,47
134,17
146,34
256,14
300,23
191,56
221,15
181,31
363,0
247,45
71,36
240,47
174,17
105,34
255,14
313,23
209,56
178,15
111,31
203,0
197,45
62,36
189,47
122,17
127,34
316,14
298,23
197,56
207,15
118,31
178,0
230,45
68,36
211,47
204,17
91,34
272,14
307,23
195,56
215,15
215,31
114,0
196,45
82,36
238,47
247,17
144,34
382,14
288,23
194,56
205,15
119,31
161,0
254,45
81,36
219,47
157,17
124,34
1098,14
273,23
195,56
177,15
135,31
205,0
246,45
58,36
157,47
180,17
101,34
1043,14
253,23
223,56
193,15
120,31
192,0
253,45
71,36
199,47
175,17
133,34
312,14
629,23
485,56
225,15
141,31
167,0
227,45
52,36
199,47
172,17
128,34
436,14
328,23
197,56
195,15
136,31
185,0
260,45
88,36
159,47
193,17
97,34
273,14
274,23
192,56
226,15
81,31
243,0
507,45
82,36
139,47
182,17
125,34
658,14
359,23
258,56
209,15
137,31
196,0
299,45
104,36
267,47
147,17
180,34
942,14
371,23
259,56
243,15
141,31
157,0
236,45
62,36
311,47
264,17
619,34
514,14
393,23
260,56
231,15
196,31
132,0
225,45
90,36
247,47
217,17
119,34
304,14
397,23
230,56
306,15
192,31
149,0
220,45
66,36
234,47
227,17
82,34
502,14
315,23
299,56
253,15
209,31
79,0
301,45
81,36
212,47
140,17
307,34
413,14
308,23
221,56
260,15
119,31
224,0
229,45
92,36
228,47
216,17
97,34
811,14
270,23
258,56
242,15
219,31
113,0
275,45
89,36
181,47
175,17
125,34
301,14
329,23
201,56
207,15
157,31
162,0
259,45
67,36
178,47
167,17
131,34
255,14
273,23
218,56
208,15
149,31
169,0
217,45
64,36
513,47
317,17
284,34
572,14
374,23
245,56
218,15
177,31
159,0
192,45
68,36
195,47
170,17
162,34
303,14
297,23
210,56
242,15
308,31
269,0
876,45
90,36
166,47
210,17
104,34
322,14
318,23
187,56
209,15
184,31
161,0
246,45
53,36
253,47
240,17
182,34
366,14
333,23
200,56
192,15
197,31
93,0
263,45
86,36
283,47
227,17
185,34
313,14
326,23
166,56
382,15
174,31
226,0
461,45
56,36
322,47
172,17
115,34
279,14
322,23
170,56
189,15
147,31
181,0
262,45
62,36
195,47
164,17
104,34
293,14
298,23
198,56
190,15
160,31
180,0
229,45
67,36
195,47
147,17
153,34
267,14
338,23
647,56
219,15
170,31
189,0
224,45
80,36
197,47
179,17
130,34
280,14
291,23
206,56
222,15
203,31
180,0
248,45
55,36
172,47
140,17
142,34
217,14
313,23
186,56
205,15
201,31
125,0
272,45
84,36
175,47
156,17
108,34
457,14
263,23
254,56
152,15
162,31
193,0
254,45
69,36
270,47
182,17
155,34
435,14
292,23
193,56
177,15
202,31
106,0
254,45
58,36
76,47
179,17
178,34
275,14
281,23
237,56
196,15
213,31
74,0
287,45
86,36
128,47
159,17
100,34
365,14
277,23
266,56
260,15
116,31
360,0
315,45
87,36
199,47
157,17
119,34
282,14
307,23
206,56
216,15
193,31
176,0
242,45
79,36
190,47
132,17
164,34
285,14
336,23
206,56
199,15
181,31
156,0
264,45
65,36
186,47
146,17
160,34
270,14
350,23
201,56
365,15
173,31
160,0
241,45
79,36
198,47
133,17
172,34
295,14
702,23
225,56
180,15
211,31
176,0
260,45
65,36
182,47
149,17
175,34
254,14
928,23
328,56
200,15
190,31
181,0
223,45
54,36
122,47
154,17
138,34
872,14
330,23
289,56
468,15
184,31
195,0
294,45
94,36
117,47
171,17
110,34
253,14
327,23
270,56
207,15
226,31
194,0
238,45
75,36
147,47
193,17
101,34
274,14
318,23
169,56
163,15
198,31
203,0
367,45
70,36
163,47
134,17
150,34
214,14
328,23
211,56
155,15
242,31
58,0
276,45
65,36
209,47
202,17
133,34
241,14
350,23
228,56
178,15
220,31
133,0
274,45
89,36
162,47
159,17
151,34
306,14
666,23
302,56
224,15
141,31
167,0
278,45
62,36
197,47
139,17
165,34
251,14
279,23
464,56
242,15
182,31
173,0
260,45
78,36
146,47
183,17
101,34
1158,14
289,23
258,56
170,15
217,31
108,0
220,45
50,36
171,47
157,17
130,34
232,14
329,23
246,56
194,15
181,31
152,0
237,45
60,36
140,47
166,17
150,34
253,14
390,23
281,56
132,15
224,31
163,0
251,45
85,36
310,47
151,17
133,34
228,14
359,23
477,56
216,15
146,31
219,0
281,45
77,36
225,47
146,17
128,34
297,14
810,23
221,56
114,15
215,31
158,0
301,45
81,36
218,47
123,17
155,34
482,14
623,23
296,56
202,15
211,31
116,0
227,45
76,36
171,47
230,17
141,34
1037,14
395,23
372,56
278,15
167,31
162,0
233,45
61,36
125,47
167,17
170,34
243,14
356,23
282,56
167,15
229,31
120,0
214,45
71,36
154,47
176,17
178,34
259,14
663,23
249,56
221,15
181,31
154,0
253,45
57,36
149,47
162,17
178,34
209,14
458,23
469,56
211,15
141,31
169,0
245,45
64,36
201,47
186,17
152,34
250,14
591,23
231,56
191,15
100,31
150,0
234,45
78,36
160,47
206,17
162,34
413,14
374,23
205,56
179,15
146,31
162,0
205,45
79,36
142,47
203,17
93,34
532,14
253,23
221,56
180,15
118,31
195,0
258,45
67,36
145,47
192,17
118,34
250,14
321,23
230,56
205,15
100,31
124,0
222,45
83,36
229,47
151,17
140,34
310,14
310,23
224,56
221,15
98,31
180,0
283,45
56,36
157,47
199,17
215,34
525,14
345,23
214,56
190,15
150,31
182,0
278,45
48,36
126,47
170,17
148,34
294,14
310,23
214,56
185,15
136,31
150,0
262,45
52,36
135,47
244,17
153,34
279,14
344,23
199,56
183,15
164,31
112,0
278,45
67,36
109,47
175,17
139,34
245,14
342,23
225,56
189,15
135,31
158,0
282,45
58,36
156,47
173,17
175,34
303,14
860,23
264,56
178,15
178,31
114,0
259,45
64,36
196,47
255,17
83,34
260,14
455,23
290,56
204,15
135,31
183,0
284,45
91,36
186,47
182,17
106,34
325,14
593,23
242,56
163,15
186,31
153,0
235,45
70,36
218,47
190,17
111,34
363,14
288,23
257,56
239,15
165,31
81,0
283,45
53,36
250,47
193,17
191,34
833,14
255,23
229,56
231,15
115,31
217,0
275,45
117,36
309,47
185,17
110,34
325,14
476,23
264,56
213,15
184,31
168,0
205,45
88,36
158,47
179,17
110,34
245,14
596,23
215,56
165,15
178,31
194,0
236,45
77,36
120,47
188,17
138,34
256,14
319,23
248,56
209,15
106,31
140,0
268,45
77,36
167,47
193,17
118,34
248,14
346,23
281,56
189,15
184,31
161,0
262,45
63,36
615,47
159,17
140,34
254,14
327,23
263,56
152,15
177,31
146,0
278,45
76,36
153,47
170,17
133,34
284,14
325,23
214,56
203,15
110,31
159,0
240,45
63,36
188,47
159,17
113,34
474,14
351,23
295,56
210,15
43,31
334,0
260,45
73,36
215,47
141,17
116,34
240,14
313,23
241,56
213,15
161,31
190,0
271,45
66,36
171,47
131,17
144,34
257,14
282,23
229,56
203,15
204,31
139,0
229,45
92,36
147,47
164,17
97,34
334,14
361,23
280,56
205,15
168,31
181,0
229,45
69,36
177,47
145,17
135,34
230,14
300,23
216,56
180,15
173,31
151,0
263,45
65,36
177,47
133,17
171,34
277,14
350,23
236,56
205,15
195,31
98,0
298,45
77,36
204,47
230,17
163,34
447,14
301,23
256,56
200,15
160,31
132,0
306,45
80,36
188,47
187,17
118,34
315,14
696,23
240,56
151,15
199,31
124,0
265,45
77,36
149,47
132,17
79,34
304,14
325,23
217,56
189,15
150,31
143,0
248,45
80,36
164,47
125,17
123,34
217,14
299,23
218,56
188,15
168,31
104,0
264,45
71,36
170,47
163,17
134,34
245,14
396,23
272,56
180,15
216,31
94,0
281,45
80,36
139,47
170,17
121,34
259,14
324,23
198,56
206,15
139,31
143,0
305,45
86,36
149,47
218,17
132,34
395,14
652,23
287,56
148,15
166,31
169,0
253,45
77,36
569,47
234,17
192,34
437,14
281,23
194,56
224,15
201,31
20,0
329,45
99,36
114,47
190,17
86,34
490,14
332,23
248,56
176,15
149,31
115,0
253,45
65,36
161,47
159,17
148,34
480,14
298,23
241,56
180,15
126,31
153,0
207,45
74,36
196,47
177,17
115,34
200,14
315,23
197,56
196,15
154,31
125,0
208,45
89,36
175,47
192,17
106,34
222,14
267,23
206,56
220,15
114,31
147,0
247,45
51,36
188,47
117,17
177,34
430,14
350,23
205,56
223,15
163,31
69,0
228,45
62,36
148,47
176,17
642,34
437,14
710,23
257,56
225,15
148,31
265,0
329,45
94,36
239,47
164,17
108,34
268,14
287,23
206,56
191,15
115,31
171,0
260,45
47,36
156,47
146,17
149,34
245,14
391,23
346,56
207,15
136,31
136,0
255,45
76,36
190,47
156,17
139,34
297,14
371,23
233,56
252,15
60,31
158,0
277,45
75,36
192,47
168,17
155,34
244,14
279,23
213,56
159,15
187,31
143,0
257,45
73,36
169,47
170,17
166,34
336,14
337,23
211,56
237,15
172,31
223,0
267,45
63,36
188,47
167,17
158,34
297,14
371,23
229,56
236,15
210,31
195,0
274,45
64,36
192,47
218,17
186,34
877,14
378,23
233,56
177,15
225,31
260,0
288,45
72,36
436,47
172,17
200,34
457,14
347,23
235,56
200,15
208,31
183,0
284,45
77,36
174,47
124,17
167,34
1042,14
345,23
243,56
219,15
223,31
95,0
291,45
83,36
151,47
155,17
158,34
249,14
288,23
194,56
189,15
171,31
164,0
273,45
71,36
163,47
194,17
121,34
408,14
1152,23
298,56
404,15
202,31
190,0
266,45
70,36
161,47
159,17
104,34
215,14
278,23
206,56
188,15
131,31
199,0
191,45
74,36
208,47
179,17
155,34
363,14
337,23
202,56
192,15
156,31
200,0
275,45
103,36
183,47
173,17
138,34
284,14
1061,23
601,56
210,15
166,31
177,0
265,45
81,36
146,47
158,17
147,34
140,14
296,23
216,56
234,15
118,31
115,0
235,45
91,36
301,47
147,17
564,34
563,14
296,23
224,56
177,15
188,31
179,0
229,45
87,36
181,47
141,17
135,34
289,14
248,23
203,56
200,15
162,31
125,0
254,45
79,36
207,47
146,17
149,34
244,14
279,23
195,56
195,15
175,31
551,0
234,45
76,36
225,47
113,17
141,34
784,14
273,23
202,56
204,15
162,31
275,0
261,45
83,36
197,47
180,17
145,34
314,14
332,23
228,56
157,15
193,31
145,0
291,45
111,36
281,47
265,17
239,34
793,14
209,23
224,56
186,15
185,31
165,0
211,45
90,36
194,47
157,17
143,34
310,14
317,23
194,56
174,15
147,31
135,0
273,45
73,36
186,47
115,17
76,34
521,14
342,23
210,56
185,15
126,31
164,0
217,45
60,36
407,47
273,17
162,34
336,14
304,23
216,56
199,15
185,31
204,0
197,45
63,36
472,47
199,17
314,34
996,14
272,23
214,56
218,15
151,31
160,0
242,45
103,36
158,47
192,17
121,34
317,14
319,23
144,56
200,15
177,31
183,0
115,45
78,36
171,47
146,17
166,34
557,14
395,23
231,56
226,15
194,31
127,0
243,45
65,36
204,47
140,17
125,34
363,14
321,23
251,56
247,15
149,31
96,0
260,45
79,36
319,47
145,17
113,34
289,14
302,23
203,56
182,15
134,31
178,0
260,45
59,36
187,47
131,17
133,34
251,14
281,23
229,56
188,15
148,31
122,0
236,45
72,36
