840,47
374,17
391,34
1034,14
1218,23
368,56
707,15
586,31
484,0
646,45
135,36
544,47
293,17
387,34
990,14
1229,23
397,56
876,15
442,31
393,0
1051,45
78,36
621,47
256,17
347,34
910,14
1308,23
519,56
499,15
512,31
472,0
483,45
107,36
648,47
340,17
270,34
1352,14
1150,23
680,56
347,15
918,31
544,0
500,45
94,36
462,47
283,17
380,34
1314,14
973,23
950,56
570,15
508,31
425,0
518,45
94,36
882,47
334,17
445,34
916,14
1088,23
488,56
773,15
444,31
539,0
644,45
120,36
565,47
161,17
344,34
967,14
861,23
314,56
382,15
341,31
396,0
417,45
96,36
462,47
378,17
300,34
883,14
990,23
289,56
303,15
619,31
377,0
466,45
108,36
476,47
367,17
500,34
1016,14
1148,23
449,56
817,15
562,31
617,0
480,45
84,36
690,47
399,17
323,34
835,14
1105,23
342,56
536,15
476,31
447,0
451,45
109,36
535,47
517,17
387,34
735,14
940,23
328,56
656,15
430,31
491,0
607,45
115,36
417,47
311,17
513,34
665,14
791,23
415,56
620,15
637,31
348,0
482,45
89,36
474,47
343,17
298,34
828,14
882,23
499,56
554,15
533,31
444,0
442,45
83,36
562,47
322,17
434,34
702,14
903,23
443,56
686,15
392,31
441,0
423,45
94,36
503,47
276,17
319,34
878,14
847,23
394,56
403,15
396,31
499,0
401,45
98,36
451,47
257,17
340,34
803,14
767,23
358,56
568,15
430,31
391,0
380,45
111,36
422,47
301,17
279,34
967,14
904,23
370,56
604,15
572,31
423,0
519,45
95,36
933,47
357,17
388,34
788,14
914,23
398,56
489,15
463,31
581,0
468,45
79,36
495,47
290,17
580,34
847,14
1002,23
495,56
523,15
473,31
410,0
443,45
85,36
492,47
345,17
384,34
908,14
973,23
470,56
501,15
606,31
409,0
439,45
94,36
508,47
341,17
432,34
728,14
983,23
398,56
652,15
483,31
467,0
440,45
83,36
440,47
329,17
423,34
974,14
1064,23
510,56
516,15
529,31
425,0
455,45
72,36
515,47
316,17
479,34
842,14
1077,23
670,56
464,15
492,31
679,0
510,45
101,36
624,47
324,17
404,34
822,14
954,23
602,56
491,15
499,31
431,0
480,45
67,36
538,47
223,17
413,34
976,14
1010,23
462,56
519,15
565,31
426,0
431,45
85,36
528,47
372,17
440,34
619,14
1025,23
593,56
462,15
695,31
388,0
457,45
99,36
453,47
304,17
717,34
778,14
1105,23
647,56
407,15
819,31
389,0
457,45
50,36
543,47
357,17
617,34
1139,14
782,23
456,56
421,15
604,31
500,0
455,45
87,36
434,47
223,17
205,34
866,14
713,23
394,56
381,15
515,31
430,0
430,45
59,36
484,47
209,17
216,34
879,14
1040,23
282,56
722,15
372,31
377,0
627,45
56,36
361,47
204,17
213,34
822,14
828,23
311,56
451,15
403,31
425,0
335,45
69,36
471,47
239,17
214,34
1037,14
1037,23
348,56
435,15
581,31
342,0
371,45
41,36
439,47
308,17
355,34
902,14
1000,23
364,56
1031,15
690,31
371,0
555,45
86,36
370,47
247,17
295,34
815,14
1003,23
290,56
439,15
537,31
412,0
621,45
83,36
1144,47
364,17
430,34
724,14
1142,23
427,56
587,15
595,31
367,0
435,45
80,36
449,47
305,17
403,34
675,14
1010,23
356,56
482,15
565,31
372,0
457,45
77,36
478,47
376,17
418,34
1182,14
2802,23
526,56
815,15
441,31
470,0
894,45
85,36
1261,47
352,17
370,34
714,14
1023,23
565,56
382,15
424,31
380,0
441,45
87,36
729,47
362,17
424,34
738,14
978,23
463,56
861,15
442,31
420,0
413,45
76,36
500,47
337,17
413,34
1134,14
1000,23
436,56
398,15
494,31
426,0
384,45
72,36
470,47
394,17
428,34
740,14
978,23
532,56
835,15
434,31
714,0
416,45
71,36
1001,47
269,17
306,34
1190,14
1186,23
359,56
396,15
641,31
434,0
462,45
80,36
439,47
298,17
416,34
836,14
1407,23
480,56
580,15
613,31
449,0
455,45
95,36
457,47
329,17
422,34
670,14
863,23
591,56
964,15
443,31
457,0
397,45
82,36
510,47
265,17
361,34
917,14
1019,23
428,56
534,15
1381,31
412,0
454,45
66,36
413,47
391,17
437,34
764,14
1131,23
594,56
458,15
523,31
412,0
441,45
81,36
519,47
433,17
427,34
728,14
1739,23
467,56
520,15
599,31
427,0
458,45
75,36
542,47
378,17
464,34
596,14
1198,23
462,56
409,15
513,31
401,0
414,45
77,36
517,47
385,17
419,34
756,14
1313,23
384,56
353,15
414,31
701,0
436,45
64,36
574,47
274,17
379,34
1008,14
988,23
313,56
958,15
413,31
414,0
439,45
81,36
579,47
376,17
317,34
1126,14
866,23
455,56
378,15
537,31
452,0
494,45
92,36
429,47
292,17
297,34
1240,14
848,23
384,56
486,15
434,31
499,0
619,45
74,36
395,47
348,17
347,34
1048,14
846,23
349,56
454,15
562,31
383,0
2420,45
120,36
458,47
276,17
344,34
868,14
990,23
361,56
439,15
511,31
402,0
514,45
122,36
1810,47
381,17
409,34
1022,14
1165,23
431,56
490,15
462,31
408,0
472,45
131,36
500,47
418,17
401,34
889,14
917,23
451,56
441,15
435,31
495,0
461,45
105,36
521,47
433,17
435,34
920,14
949,23
356,56
500,15
431,31
450,0
413,45
86,36
481,47
239,17
523,34
786,14
913,23
455,56
441,15
472,31
427,0
811,45
145,36
522,47
331,17
457,34
676,14
874,23
474,56
491,15
492,31
465,0
413,45
124,36
505,47
370,17
426,34
784,14
843,23
462,56
419,15
468,31
444,0
434,45
104,36
447,47
320,17
413,34
757,14
1015,23
422,56
489,15
872,31
392,0
750,45
124,36
480,47
370,17
351,34
842,14
1482,23
472,56
777,15
444,31
570,0
507,45
97,36
485,47
260,17
328,34
1024,14
867,23
485,56
442,15
434,31
428,0
424,45
88,36
492,47
384,17
441,34
945,14
798,23
601,56
459,15
502,31
522,0
395,45
112,36
477,47
265,17
356,34
853,14
1050,23
379,56
422,15
466,31
384,0
479,45
95,36
477,47
259,17
345,34
782,14
835,23
297,56
470,15
505,31
479,0
407,45
116,36
480,47
328,17
345,34
1113,14
1084,23
316,56
461,15
422,31
437,0
541,45
109,36
388,47
270,17
1234,34
661,14
917,23
453,56
445,15
397,31
480,0
391,45
93,36
454,47
253,17
371,34
796,14
876,23
400,56
441,15
447,31
458,0
400,45
91,36
477,47
342,17
393,34
549,14
1007,23
391,56
440,15
425,31
547,0
436,45
95,36
488,47
338,17
342,34
778,14
1018,23
520,56
515,15
451,31
431,0
459,45
101,36
533,47
325,17
421,34
810,14
737,23
448,56
505,15
481,31
436,0
402,45
91,36
438,47
327,17
401,34
608,14
871,23
539,56
527,15
523,31
442,0
405,45
102,36
480,47
330,17
360,34
664,14
843,23
423,56
390,15
375,31
431,0
424,45
87,36
456,47
278,17
411,34
712,14
775,23
287,56
649,15
501,31
410,0
387,45
94,36
453,47
322,17
422,34
709,14
907,23
516,56
364,15
426,31
419,0
438,45
91,36
481,47
314,17
374,34
710,14
756,23
462,56
423,15
502,31
417,0
436,45
81,36
429,47
280,17
392,34
718,14
901,23
342,56
423,15
473,31
430,0
387,45
86,36
443,47
407,17
314,34
550,14
1182,23
420,56
479,15
460,31
477,0
384,45
100,36
450,47
356,17
381,34
631,14
838,23
430,56
440,15
400,31
451,0
425,45
72,36
431,47
368,17
398,34
686,14
840,23
460,56
401,15
410,31
459,0
398,45
81,36
500,47
389,17
370,34
596,14
835,23
420,56
405,15
474,31
383,0
432,45
86,36
425,47
356,17
376,34
732,14
747,23
716,56
585,15
402,31
422,0
397,45
81,36
480,47
304,17
503,34
665,14
1074,23
528,56
419,15
466,31
441,0
445,45
113,36
500,47
378,17
416,34
611,14
734,23
521,56
386,15
451,31
450,0
491,45
92,36
486,47
326,17
483,34
951,14
869,23
511,56
511,15
744,31
519,0
845,45
105,36
524,47
336,17
399,34
601,14
649,23
458,56
427,15
457,31
375,0
433,45
109,36
488,47
386,17
607,34
808,14
683,23
515,56
443,15
389,31
422,0
417,45
82,36
424,47
228,17
330,34
719,14
825,23
404,56
605,15
714,31
417,0
425,45
124,36
431,47
261,17
340,34
799,14
1429,23
813,56
370,15
456,31
476,0
394,45
105,36
530,47
440,17
324,34
687,14
1126,23
413,56
547,15
479,31
439,0
408,45
90,36
343,47
347,17
314,34
721,14
1140,23
493,56
426,15
414,31
464,0
420,45
105,36
939,47
369,17
282,34
673,14
819,23
491,56
436,15
415,31
439,0
439,45
94,36
496,47
385,17
349,34
642,14
982,23
317,56
670,15
449,31
567,0
588,45
115,36
502,47
294,17
341,34
619,14
950,23
421,56
469,15
448,31
451,0
529,45
118,36
458,47
317,17
349,34
907,14
911,23
385,56
565,15
491,31
463,0
454,45
105,36
458,47
390,17
302,34
648,14
892,23
364,56
420,15
444,31
440,0
431,45
71,36
465,47
335,17
419,34
801,14
981,23
353,56
540,15
397,31
417,0
375,45
102,36
466,47
350,17
388,34
820,14
779,23
404,56
410,15
441,31
398,0
439,45
99,36
480,47
338,17
405,34
772,14
819,23
454,56
438,15
362,31
472,0
1231,45
62,36
671,47
345,17
1754,34
1136,14
756,23
341,56
421,15
2112,31
613,0
1392,45
52,36
917,47
271,17
242,34
1078,14
1013,23
382,56
380,15
496,31
462,0
697,45
90,36
932,47
261,17
202,34
842,14
910,23
311,56
351,15
582,31
461,0
389,45
71,36
626,47
669,17
346,34
740,14
1024,23
486,56
492,15
707,31
430,0
1910,45
98,36
675,47
355,17
303,34
745,14
1067,23
725,56
726,15
761,31
396,0
679,45
84,36
566,47
345,17
340,34
615,14
864,23
426,56
371,15
480,31
408,0
639,45
79,36
596,47
266,17
367,34
1779,14
879,23
344,56
359,15
495,31
461,0
445,45
63,36
487,47
312,17
356,34
885,14
951,23
809,56
612,15
358,31
371,0
391,45
67,36
483,47
281,17
496,34
721,14
1038,23
447,56
475,15
587,31
363,0
415,45
73,36
664,47
368,17
368,34
623,14
1117,23
773,56
692,15
397,31
458,0
466,45
79,36
550,47
373,17
330,34
633,14
1003,23
454,56
705,15
415,31
432,0
423,45
85,36
627,47
658,17
420,34
889,14
1147,23
581,56
848,15
411,31
438,0
430,45
68,36
680,47
504,17
394,34
708,14
733,23
347,56
470,15
562,31
447,0
836,45
105,36
701,47
343,17
390,34
731,14
1007,23
427,56
784,15
355,31
474,0
751,45
109,36
696,47
405,17
363,34
814,14
1005,23
363,56
895,15
365,31
492,0
425,45
73,36
801,47
338,17
381,34
604,14
959,23
398,56
526,15
474,31
483,0
412,45
72,36
608,47
348,17
402,34
739,14
856,23
352,56
504,15
437,31
401,0
432,45
80,36
485,47
402,17
399,34
765,14
860,23
393,56
419,15
432,31
400,0
382,45
77,36
550,47
334,17
382,34
772,14
889,23
348,56
374,15
443,31
416,0
411,45
65,36
495,47
322,17
981,34
633,14
1532,23
553,56
347,15
409,31
339,0
342,45
59,36
533,47
301,17
303,34
749,14
922,23
379,56
359,15
444,31
399,0
357,45
63,36
527,47
318,17
492,34
987,14
953,23
392,56
357,15
415,31
412,0
343,45
66,36
943,47
251,17
351,34
685,14
979,23
483,56
322,15
624,31
376,0
596,45
97,36
599,47
322,17
620,34
948,14
1361,23
934,56
446,15
399,31
400,0
344,45
74,36
476,47
384,17
352,34
912,14
1099,23
676,56
670,15
422,31
404,0
705,45
90,36
490,47
318,17
950,34
696,14
1174,23
463,56
650,15
395,31
389,0
433,45
86,36
731,47
267,17
484,34
665,14
1209,23
379,56
409,15
444,31
405,0
379,45
75,36
512,47
345,17
356,34
783,14
1462,23
541,56
417,15
496,31
543,0
1310,45
116,36
734,47
471,17
326,34
668,14
1399,23
431,56
424,15
420,31
422,0
623,45
84,36
620,47
641,17
1123,34
791,14
950,23
461,56
401,15
390,31
395,0
395,45
73,36
658,47
360,17
1031,34
834,14
921,23
468,56
689,15
401,31
518,0
925,45
92,36
752,47
419,17
366,34
789,14
993,23
411,56
419,15
455,31
385,0
755,45
79,36
657,47
380,17
391,34
773,14
1046,23
478,56
418,15
469,31
485,0
768,45
83,36
760,47
365,17
408,34
795,14
940,23
405,56
393,15
438,31
367,0
378,45
77,36
549,47
321,17
1111,34
872,14
1168,23
389,56
392,15
436,31
425,0
470,45
83,36
604,47
303,17
387,34
819,14
1093,23
427,56
458,15
480,31
388,0
455,45
106,36
854,47
333,17
417,34
694,14
858,23
358,56
373,15
414,31
367,0
440,45
81,36
417,47
355,17
416,34
473,14
879,23
353,56
388,15
427,31
389,0
332,45
69,36
398,47
271,17
365,34
783,14
851,23
433,56
444,15
444,31
383,0
395,45
96,36
586,47
298,17
982,34
848,14
1030,23
501,56
383,15
430,31
383,0
350,45
70,36
559,47
313,17
1112,34
746,14
845,23
409,56
340,15
403,31
365,0
388,45
101,36
462,47
301,17
347,34
417,14
843,23
376,56
393,15
447,31
399,0
410,45
63,36
451,47
318,17
439,34
785,14
1301,23
452,56
362,15
445,31
409,0
756,45
129,36
422,47
315,17
380,34
834,14
947,23
363,56
414,15
405,31
386,0
387,45
88,36
545,47
291,17
360,34
944,14
1170,23
428,56
397,15
441,31
631,0
407,45
81,36
531,47
290,17
663,34
510,14
1222,23
451,56
366,15
377,31
402,0
348,45
89,36
478,47
321,17
347,34
834,14
980,23
418,56
378,15
416,31
382,0
412,45
76,36
1145,47
357,17
772,34
1018,14
924,23
445,56
364,15
402,31
381,0
770,45
111,36
432,47
285,17
1139,34
873,14
1186,23
564,56
473,15
483,31
422,0
526,45
110,36
481,47
351,17
522,34
1006,14
1408,23
413,56
434,15
466,31
448,0
419,45
84,36
670,47
252,17
192,34
756,14
817,23
324,56
384,15
383,31
362,0
589,45
94,36
455,47
292,17
352,34
1151,14
1098,23
421,56
345,15
345,31
357,0
876,45
160,36
1322,47
273,17
323,34
882,14
845,23
296,56
255,15
367,31
333,0
658,45
98,36
513,47
279,17
269,34
799,14
847,23
323,56
275,15
318,31
509,0
697,45
85,36
612,47
205,17
278,34
999,14
1118,23
593,56
367,15
363,31
380,0
726,45
103,36
507,47
366,17
298,34
780,14
945,23
365,56
319,15
354,31
312,0
426,45
79,36
461,47
313,17
306,34
842,14
1007,23
330,56
249,15
293,31
387,0
577,45
60,36
498,47
383,17
382,34
711,14
828,23
417,56
268,15
337,31
394,0
372,45
77,36
487,47
266,17
367,34
486,14
1010,23
255,56
732,15
340,31
307,0
458,45
68,36
466,47
303,17
1092,34
532,14
1850,23
460,56
917,15
397,31
1488,0
881,45
68,36
906,47
280,17
391,34
927,14
976,23
611,56
516,15
420,31
430,0
619,45
110,36
673,47
277,17
358,34
916,14
958,23
542,56
581,15
354,31
396,0
395,45
85,36
559,47
244,17
368,34
900,14
1043,23
427,56
381,15
388,31
417,0
420,45
84,36
604,47
327,17
410,34
885,14
960,23
343,56
357,15
358,31
382,0
686,45
88,36
507,47
337,17
334,34
503,14
1002,23
361,56
349,15
361,31
401,0
434,45
96,36
654,47
178,17
2723,34
827,14
1009,23
448,56
468,15
441,31
361,0
667,45
100,36
1070,47
235,17
323,34
931,14
1536,23
553,56
480,15
437,31
442,0
540,45
96,36
619,47
226,17
455,34
949,14
1231,23
496,56
315,15
422,31
412,0
449,45
90,36
1099,47
516,17
1707,34
858,14
932,23
482,56
647,15
405,31
423,0
396,45
79,36
606,47
318,17
437,34
492,14
1030,23
364,56
332,15
356,31
401,0
686,45
100,36
540,47
344,17
1012,34
539,14
1240,23
781,56
683,15
352,31
427,0
463,45
82,36
653,47
282,17
397,34
711,14
959,23
300,56
438,15
353,31
407,0
831,45
102,36
551,47
283,17
1978,34
832,14
911,23
334,56
332,15
368,31
433,0
448,45
82,36
727,47
263,17
1915,34
563,14
1136,23
447,56
384,15
359,31
420,0
572,45
35,36
492,47
265,17
1125,34
854,14
1621,23
390,56
401,15
366,31
446,0
1141,45
107,36
628,47
235,17
378,34
708,14
905,23
311,56
370,15
339,31
366,0
650,45
147,36
422,47
310,17
1036,34
506,14
969,23
376,56
395,15
375,31
473,0
843,45
116,36
568,47
268,17
1047,34
786,14
941,23
377,56
402,15
413,31
521,0
451,45
97,36
476,47
249,17
753,34
714,14
908,23
337,56
359,15
357,31
420,0
378,45
84,36
424,47
282,17
849,34
743,14
1065,23
369,56
389,15
369,31
371,0
485,45
102,36
558,47
255,17
1084,34
812,14
954,23
374,56
410,15
423,31
431,0
808,45
113,36
628,47
310,17
1050,34
756,14
1111,23
562,56
431,15
427,31
476,0
740,45
124,36
448,47
381,17
363,34
513,14
757,23
358,56
1152,15
359,31
346,0
447,45
108,36
536,47
280,17
419,34
709,14
892,23
307,56
590,15
404,31
397,0
385,45
91,36
376,47
337,17
346,34
958,14
865,23
402,56
373,15
356,31
397,0
443,45
84,36
443,47
242,17
312,34
955,14
2237,23
307,56
390,15
365,31
354,0
414,45
97,36
339,47
318,17
387,34
867,14
1008,23
377,56
484,15
416,31
366,0
374,45
85,36
414,47
242,17
379,34
856,14
900,23
354,56
529,15
365,31
365,0
415,45
83,36
625,47
299,17
335,34
724,14
849,23
311,56
560,15
514,31
614,0
518,45
108,36
952,47
830,17
451,34
814,14
1195,23
426,56
377,15
384,31
445,0
457,45
95,36
865,47
296,17
365,34
739,14
878,23
380,56
425,15
385,31
427,0
403,45
91,36
1233,47
413,17
420,34
748,14
738,23
300,56
372,15
368,31
355,0
405,45
105,36
587,47
231,17
350,34
1244,14
872,23
343,56
325,15
481,31
401,0
465,45
119,36
1516,47
289,17
229,34
705,14
1025,23
456,56
332,15
336,31
305,0
461,45
98,36
640,47
248,17
227,34
911,14
936,23
449,56
323,15
384,31
319,0
387,45
97,36
534,47
231,17
387,34
857,14
1001,23
380,56
387,15
409,31
390,0
360,45
77,36
740,47
1016,17
1001,34
960,14
1023,23
455,56
486,15
450,31
453,0
482,45
97,36
598,47
322,17
682,34
1285,14
1852,23
331,56
349,15
333,31
364,0
464,45
112,36
508,47
272,17
412,34
791,14
1117,23
372,56
350,15
408,31
333,0
427,45
102,36
527,47
254,17
471,34
714,14
814,23
296,56
550,15
431,31
338,0
402,45
81,36
434,47
282,17
297,34
861,14
931,23
450,56
362,15
414,31
384,0
435,45
92,36
407,47
322,17
354,34
1008,14
840,23
371,56
426,15
368,31
399,0
831,45
76,36
704,47
250,17
372,34
741,14
1108,23
371,56
958,15
350,31
389,0
461,45
80,36
372,47
323,17
392,34
502,14
1058,23
437,56
521,15
364,31
574,0
556,45
115,36
538,47
231,17
374,34
810,14
1008,23
367,56
1023,15
434,31
366,0
454,45
91,36
826,47
281,17
299,34
690,14
797,23
391,56
377,15
464,31
342,0
432,45
81,36
718,47
268,17
344,34
468,14
1101,23
695,56
594,15
441,31
400,0
419,45
87,36
425,47
230,17
356,34
501,14
917,23
386,56
535,15
431,31
359,0
466,45
76,36
595,47
262,17
297,34
735,14
1032,23
456,56
365,15
406,31
357,0
397,45
76,36
430,47
309,17
323,34
408,14
1444,23
584,56
365,15
426,31
352,0
424,45
65,36
487,47
277,17
400,34
489,14
934,23
696,56
533,15
400,31
1179,0
646,45
100,36
470,47
257,17
306,34
911,14
1381,23
635,56
460,15
465,31
423,0
719,45
105,36
800,47
271,17
329,34
745,14
1110,23
503,56
395,15
385,31
383,0
573,45
85,36
464,47
359,17
492,34
411,14
916,23
414,56
370,15
420,31
419,0
1592,45
97,36
446,47
327,17
383,34
939,14
1395,23
583,56
424,15
461,31
454,0
500,45
114,36
621,47
355,17
332,34
718,14
895,23
345,56
371,15
371,31
443,0
844,45
102,36
455,47
337,17
301,34
613,14
770,23
389,56
358,15
413,31
715,0
383,45
88,36
783,47
438,17
477,34
613,14
794,23
509,56
424,15
387,31
434,0
748,45
168,36
453,47
363,17
357,34
651,14
1044,23
320,56
368,15
411,31
419,0
758,45
129,36
659,47
297,17
352,34
698,14
950,23
392,56
379,15
401,31
351,0
464,45
91,36
636,47
246,17
421,34
512,14
949,23
357,56
346,15
373,31
411,0
589,45
102,36
640,47
275,17
390,34
774,14
907,23
430,56
397,15
384,31
353,0
442,45
84,36
460,47
326,17
441,34
510,14
911,23
382,56
384,15
375,31
390,0
483,45
99,36
494,47
273,17
303,34
627,14
890,23
417,56
400,15
398,31
372,0
466,45
89,36
604,47
206,17
995,34
894,14
931,23
386,56
407,15
383,31
370,0
693,45
120,36
606,47
220,17
327,34
707,14
859,23
353,56
370,15
392,31
378,0
529,45
137,36
445,47
595,17
505,34
981,14
848,23
488,56
412,15
449,31
398,0
703,45
103,36
738,47
254,17
368,34
672,14
758,23
430,56
444,15
433,31
368,0
479,45
104,36
464,47
334,17
324,34
404,14
719,23
367,56
379,15
361,31
379,0
442,45
100,36
397,47
264,17
384,34
1079,14
3207,23
406,56
380,15
440,31
388,0
489,45
82,36
446,47
307,17
389,34
447,14
1053,23
460,56
417,15
416,31
407,0
447,45
89,36
833,47
358,17
301,34
511,14
1019,23
322,56
539,15
1583,31
420,0
708,45
101,36
719,47
333,17
396,34
464,14
876,23
366,56
424,15
423,31
533,0
585,45
99,36
580,47
274,17
405,34
460,14
950,23
416,56
379,15
404,31
320,0
438,45
93,36
415,47
263,17
342,34
415,14
1208,23
389,56
852,15
408,31
423,0
841,45
124,36
1061,47
273,17
333,34
688,14
1133,23
385,56
414,15
423,31
441,0
536,45
128,36
355,47
305,17
328,34
797,14
823,23
352,56
419,15
444,31
452,0
468,45
84,36
571,47
496,17
378,34
670,14
912,23
380,56
382,15
391,31
356,0
412,45
85,36
452,47
323,17
368,34
420,14
1060,23
332,56
404,15
404,31
393,0
648,45
172,36
447,47
279,17
498,34
452,14
958,23
402,56
377,15
384,31
333,0
485,45
86,36
435,47
317,17
327,34
454,14
917,23
429,56
385,15
459,31
374,0
498,45
102,36
717,47
261,17
283,34
486,14
840,23
331,56
541,15
466,31
379,0
396,45
100,36
429,47
288,17
371,34
452,14
934,23
384,56
449,15
374,31
371,0
440,45
91,36
549,47
538,17
773,34
433,14
967,23
397,56
584,15
462,31
392,0
475,45
96,36
489,47
322,17
345,34
488,14
1067,23
385,56
407,15
406,31
399,0
755,45
106,36
714,47
314,17
387,34
609,14
930,23
426,56
412,15
417,31
391,0
639,45
102,36
494,47
331,17
931,34
503,14
975,23
381,56
427,15
453,31
392,0
854,45
104,36
487,47
270,17
400,34
456,14
924,23
375,56
413,15
398,31
390,0
412,45
94,36
424,47
286,17
417,34
700,14
931,23
372,56
443,15
384,31
342,0
457,45
114,36
562,47
341,17
272,34
627,14
864,23
414,56
396,15
402,31
365,0
483,45
107,36
640,47
222,17
299,34
715,14
2914,23
868,56
1098,15
360,31
433,0
583,45
115,36
429,47
349,17
306,34
876,14
900,23
405,56
428,15
369,31
430,0
516,45
124,36
533,47
779,17
304,34
559,14
1188,23
532,56
368,15
385,31
363,0
478,45
116,36
1064,47
338,17
387,34
848,14
939,23
565,56
466,15
387,31
384,0
480,45
105,36
493,47
329,17
442,34
471,14
848,23
416,56
679,15
560,31
582,0
1105,45
105,36
407,47
326,17
396,34
992,14
1298,23
343,56
386,15
379,31
413,0
807,45
112,36
460,47
306,17
543,34
834,14
1142,23
600,56
460,15
365,31
600,0
460,45
102,36
494,47
317,17
364,34
737,14
885,23
574,56
410,15
433,31
386,0
859,45
121,36
445,47
309,17
322,34
480,14
997,23
360,56
367,15
344,31
1078,0
474,45
124,36
774,47
344,17
343,34
497,14
703,23
342,56
462,15
390,31
636,0
596,45
93,36
491,47
273,17
364,34
440,14
731,23
390,56
429,15
345,31
413,0
447,45
87,36
479,47
313,17
388,34
609,14
686,23
442,56
626,15
375,31
434,0
584,45
115,36
598,47
242,17
381,34
408,14
1215,23
380,56
365,15
310,31
401,0
437,45
114,36
399,47
332,17
339,34
1096,14
992,23
469,56
370,15
393,31
420,0
461,45
107,36
517,47
353,17
382,34
430,14
921,23
393,56
395,15
337,31
385,0
483,45
111,36
465,47
360,17
286,34
390,14
947,23
321,56
354,15
306,31
378,0
554,45
101,36
434,47
243,17
304,34
837,14
854,23
366,56
406,15
356,31
364,0
1195,45
108,36
448,47
405,17
503,34
562,14
839,23
339,56
399,15
346,31
434,0
844,45
99,36
506,47
254,17
342,34
630,14
807,23
327,56
1473,15
408,31
416,0
438,45
101,36
494,47
306,17
278,34
496,14
719,23
415,56
361,15
304,31
378,0
438,45
123,36
425,47
367,17
342,34
440,14
1588,23
312,56
333,15
308,31
1305,0
338,45
96,36
1016,47
276,17
416,34
383,14
1065,23
747,56
454,15
403,31
422,0
680,45
102,36
1002,47
208,17
333,34
627,14
825,23
1858,56
432,15
436,31
433,0
395,45
120,36
913,47
430,17
325,34
433,14
714,23
379,56
347,15
354,31
453,0
458,45
117,36
453,47
307,17
368,34
509,14
914,23
483,56
349,15
322,31
412,0
517,45
107,36
680,47
430,17
287,34
428,14
1268,23
495,56
365,15
412,31
409,0
390,45
105,36
479,47
321,17
475,34
448,14
1007,23
451,56
426,15
398,31
392,0
436,45
106,36
421,47
274,17
315,34
1014,14
927,23
391,56
447,15
368,31
402,0
398,45
104,36
496,47
570,17
342,34
525,14
935,23
518,56
423,15
483,31
406,0
459,45
105,36
535,47
287,17
422,34
774,14
1013,23
407,56
378,15
432,31
433,0
667,45
112,36
938,47
255,17
292,34
572,14
961,23
317,56
385,15
321,31
447,0
475,45
113,36
411,47
326,17
392,34
407,14
1104,23
446,56
392,15
420,31
384,0
464,45
120,36
440,47
361,17
379,34
396,14
1143,23
388,56
430,15
353,31
422,0
457,45
104,36
420,47
346,17
351,34
461,14
849,23
563,56
587,15
637,31
482,0
411,45
114,36
419,47
288,17
334,34
432,14
1074,23
536,56
417,15
420,31
443,0
429,45
98,36
433,47
282,17
385,34
589,14
885,23
461,56
429,15
469,31
406,0
435,45
125,36
457,47
355,17
512,34
430,14
860,23
389,56
451,15
497,31
433,0
395,45
108,36
473,47
344,17
406,34
433,14
938,23
425,56
447,15
422,31
453,0
460,45
125,36
451,47
239,17
408,34
630,14
912,23
361,56
446,15
447,31
428,0
446,45
107,36
551,47
322,17
469,34
582,14
904,23
515,56
489,15
469,31
418,0
451,45
121,36
562,47
293,17
351,34
630,14
1043,23
575,56
353,15
414,31
419,0
431,45
116,36
449,47
313,17
337,34
412,14
790,23
383,56
662,15
394,31
459,0
389,45
140,36
433,47
357,17
315,34
498,14
797,23
380,56
398,15
409,31
413,0
409,45
116,36
455,47
245,17
380,34
911,14
857,23
367,56
499,15
464,31
398,0
415,45
120,36
483,47
565,17
456,34
685,14
769,23
432,56
392,15
438,31
440,0
414,45
111,36
503,47
355,17
339,34
560,14
799,23
335,56
412,15
403,31
454,0
420,45
105,36
459,47
366,17
419,34
480,14
818,23
417,56
441,15
430,31
427,0
442,45
116,36
430,47
321,17
370,34
473,14
1140,23
557,56
396,15
425,31
462,0
413,45
95,36
492,47
355,17
420,34
477,14
803,23
319,56
435,15
424,31
427,0
440,45
116,36
458,47
374,17
366,34
414,14
820,23
367,56
418,15
424,31
492,0
477,45
99,36
469,47
437,17
461,34
912,14
719,23
376,56
404,15
316,31
300,0
544,45
96,36
369,47
238,17
319,34
577,14
691,23
319,56
331,15
291,31
291,0
366,45
67,36
333,47
274,17
275,34
462,14
762,23
319,56
298,15
293,31
297,0
431,45
82,36
357,47
247,17
296,34
486,14
919,23
329,56
291,15
317,31
291,0
810,45
98,36
344,47
250,17
294,34
420,14
842,23
329,56
311,15
314,31
299,0
876,45
97,36
405,47
256,17
284,34
369,14
703,23
282,56
260,15
260,31
295,0
746,45
109,36
611,47
228,17
268,34
517,14
669,23
309,56
241,15
252,31
289,0
705,45
101,36
324,47
529,17
342,34
555,14
704,23
312,56
252,15
223,31
316,0
375,45
76,36
433,47
240,17
223,34
472,14
1152,23
247,56
517,15
327,31
283,0
361,45
53,36
409,47
282,17
256,34
868,14
704,23
259,56
281,15
237,31
341,0
329,45
65,36
385,47
231,17
231,34
980,14
712,23
295,56
211,15
243,31
267,0
358,45
60,36
375,47
224,17
207,34
467,14
680,23
301,56
248,15
246,31
265,0
617,45
82,36
537,47
279,17
262,34
364,14
710,23
319,56
264,15
223,31
331,0
707,45
111,36
418,47
235,17
224,34
803,14
843,23
294,56
241,15
230,31
293,0
353,45
74,36
358,47
249,17
222,34
436,14
746,23
281,56
277,15
250,31
283,0
377,45
85,36
381,47
287,17
212,34
874,14
805,23
316,56
240,15
198,31
260,0
608,45
86,36
391,47
245,17
212,34
421,14
1927,23
330,56
241,15
208,31
239,0
693,45
82,36
709,47
520,17
236,34
584,14
778,23
302,56
251,15
248,31
280,0
1200,45
72,36
882,47
237,17
783,34
345,14
646,23
292,56
276,15
220,31
298,0
862,45
117,36
399,47
210,17
242,34
636,14
1236,23
326,56
244,15
202,31
279,0
812,45
105,36
514,47
239,17
192,34
432,14
932,23
412,56
528,15
379,31
301,0
731,45
128,36
435,47
252,17
283,34
442,14
704,23
298,56
262,15
275,31
345,0
376,45
78,36
439,47
235,17
210,34
920,14
815,23
260,56
264,15
277,31
310,0
362,45
97,36
361,47
210,17
200,34
397,14
862,23
298,56
226,15
229,31
260,0
340,45
65,36
399,47
228,17
219,34
425,14
937,23
313,56
242,15
271,31
334,0
314,45
84,36
324,47
282,17
251,34
849,14
909,23
316,56
213,15
257,31
275,0
334,45
75,36
411,47
213,17
222,34
374,14
1015,23
280,56
207,15
269,31
276,0
363,45
73,36
341,47
232,17
195,34
435,14
683,23
287,56
309,15
276,31
297,0
757,45
110,36
415,47
213,17
219,34
380,14
1375,23
323,56
219,15
226,31
293,0
328,45
78,36
428,47
235,17
194,34
375,14
870,23
289,56
245,15
249,31
275,0
348,45
61,36
376,47
260,17
206,34
592,14
669,23
265,56
271,15
243,31
256,0
331,45
79,36
413,47
230,17
174,34
400,14
905,23
289,56
243,15
267,31
245,0
334,45
94,36
345,47
234,17
205,34
412,14
1183,23
477,56
336,15
258,31
283,0
311,45
76,36
378,47
335,17
660,34
417,14
751,23
284,56
275,15
189,31
327,0
350,45
78,36
471,47
226,17
217,34
368,14
774,23
312,56
258,15
255,31
273,0
352,45
85,36
447,47
597,17
285,34
374,14
711,23
304,56
248,15
281,31
299,0
362,45
86,36
343,47
296,17
256,34
482,14
665,23
284,56
265,15
211,31
292,0
405,45
72,36
373,47
256,17
207,34
341,14
746,23
313,56
248,15
168,31
277,0
321,45
71,36
463,47
244,17
215,34
981,14
764,23
342,56
268,15
215,31
269,0
350,45
70,36
631,47
252,17
201,34
350,14
665,23
256,56
268,15
251,31
269,0
336,45
82,36
353,47
255,17
239,34
509,14
630,23
291,56
275,15
220,31
280,0
424,45
78,36
485,47
244,17
167,34
382,14
1023,23
366,56
247,15
278,31
260,0
703,45
97,36
333,47
240,17
213,34
403,14
679,23
283,56
245,15
198,31
260,0
324,45
75,36
369,47
245,17
210,34
559,14
928,23
303,56
245,15
259,31
257,0
326,45
77,36
312,47
333,17
247,34
361,14
751,23
262,56
239,15
206,31
275,0
348,45
91,36
444,47
364,17
283,34
710,14
724,23
375,56
282,15
265,31
295,0
787,45
88,36
1001,47
216,17
206,34
676,14
949,23
288,56
227,15
269,31
278,0
767,45
111,36
344,47
209,17
205,34
821,14
635,23
273,56
231,15
263,31
388,0
352,45
80,36
417,47
230,17
206,34
639,14
815,23
272,56
228,15
245,31
315,0
314,45
85,36
363,47
249,17
210,34
449,14
788,23
278,56
244,15
236,31
265,0
352,45
72,36
675,47
269,17
276,34
727,14
1151,23
327,56
555,15
392,31
397,0
473,45
102,36
470,47
262,17
307,34
582,14
841,23
543,56
397,15
350,31
655,0
462,45
103,36
740,47
252,17
288,34
567,14
862,23
296,56
304,15
251,31
308,0
412,45
83,36
447,47
214,17
292,34
767,14
721,23
247,56
319,15
599,31
313,0
404,45
84,36
394,47
213,17
295,34
441,14
763,23
324,56
402,15
768,31
359,0
471,45
87,36
442,47
265,17
329,34
778,14
1073,23
259,56
381,15
370,31
417,0
479,45
67,36
467,47
139,17
299,34
664,14
948,23
303,56
315,15
372,31
407,0
518,45
96,36
588,47
324,17
359,34
1126,14
1084,23
336,56
353,15
426,31
405,0
508,45
90,36
450,47
312,17
361,34
507,14
673,23
314,56
277,15
262,31
260,0
390,45
77,36
354,47
243,17
229,34
386,14
667,23
248,56
325,15
256,31
270,0
328,45
70,36
414,47
204,17
206,34
402,14
700,23
337,56
337,15
496,31
285,0
356,45
63,36
374,47
212,17
223,34
386,14
812,23
282,56
216,15
221,31
293,0
958,45
153,36
395,47
202,17
191,34
761,14
878,23
412,56
328,15
273,31
268,0
345,45
79,36
493,47
253,17
227,34
368,14
919,23
293,56
258,15
229,31
282,0
348,45
80,36
456,47
231,17
254,34
534,14
722,23
231,56
287,15
235,31
309,0
373,45
65,36
486,47
260,17
185,34
405,14
1072,23
330,56
273,15
270,31
267,0
391,45
86,36
442,47
234,17
223,34
381,14
768,23
282,56
236,15
247,31
306,0
401,45
93,36
488,47
236,17
179,34
446,14
906,23
314,56
312,15
231,31
284,0
362,45
80,36
496,47
268,17
204,34
817,14
771,23
305,56
247,15
223,31
294,0
335,45
50,36
410,47
225,17
179,34
414,14
706,23
218,56
266,15
283,31
320,0
348,45
80,36
530,47
273,17
118,34
574,14
687,23
271,56
263,15
195,31
309,0
702,45
94,36
593,47
235,17
188,34
510,14
886,23
375,56
255,15
236,31
273,0
353,45
88,36
397,47
210,17
175,34
590,14
696,23
286,56
258,15
253,31
275,0
341,45
77,36
404,47
251,17
234,34
1022,14
651,23
312,56
276,15
258,31
312,0
370,45
104,36
366,47
274,17
269,34
525,14
657,23
267,56
313,15
200,31
283,0
401,45
87,36
474,47
265,17
143,34
931,14
786,23
735,56
271,15
295,31
294,0
337,45
92,36
469,47
211,17
205,34
603,14
615,23
308,56
272,15
277,31
291,0
349,45
92,36
860,47
237,17
238,34
632,14
810,23
329,56
257,15
316,31
282,0
462,45
95,36
430,47
237,17
216,34
606,14
795,23
257,56
266,15
306,31
287,0
357,45
80,36
329,47
223,17
200,34
595,14
666,23
277,56
205,15
257,31
269,0
349,45
78,36
441,47
247,17
241,34
649,14
634,23
648,56
267,15
293,31
268,0
345,45
90,36
352,47
216,17
214,34
1033,14
717,23
285,56
256,15
236,31
305,0
344,45
92,36
436,47
230,17
182,34
543,14
641,23
302,56
238,15
242,31
263,0
339,45
80,36
405,47
227,17
278,34
664,14
739,23
291,56
246,15
238,31
328,0
419,45
11,36
389,47
271,17
204,34
399,14
776,23
317,56
257,15
263,31
284,0
349,45
82,36
410,47
211,17
338,34
721,14
1840,23
367,56
275,15
277,31
281,0
374,45
82,36
395,47
273,17
245,34
708,14
1047,23
219,56
705,15
337,31
286,0
324,45
74,36
519,47
237,17
332,34
562,14
701,23
452,56
855,15
325,31
303,0
659,45
97,36
476,47
217,17
248,34
578,14
751,23
269,56
280,15
329,31
306,0
365,45
100,36
458,47
301,17
212,34
574,14
773,23
518,56
335,15
325,31
307,0
353,45
84,36
406,47
296,17
397,34
450,14
800,23
372,56
340,15
307,31
318,0
738,45
144,36
500,47
255,17
248,34
437,14
731,23
319,56
268,15
310,31
323,0
380,45
103,36
423,47
283,17
328,34
422,14
838,23
349,56
313,15
336,31
348,0
380,45
99,36
457,47
305,17
386,34
829,14
845,23
294,56
298,15
322,31
333,0
352,45
116,36
397,47
291,17
333,34
392,14
731,23
312,56
326,15
367,31
315,0
349,45
109,36
451,47
257,17
283,34
1020,14
988,23
311,56
357,15
302,31
329,0
487,45
24,36
439,47
297,17
234,34
463,14
1034,23
720,56
528,15
403,31
337,0
367,45
98,36
654,47
259,17
235,34
619,14
987,23
345,56
386,15
343,31
334,0
401,45
101,36
420,47
370,17
426,34
624,14
798,23
300,56
342,15
280,31
350,0
389,45
112,36
768,47
307,17
296,34
524,14
1048,23
429,56
416,15
493,31
336,0
361,45
103,36
