272,47
142,17
157,34
396,14
467,23
228,56
271,15
161,31
272,0
479,45
62,36
296,47
171,17
274,34
1266,14
1020,23
315,56
192,15
160,31
377,0
284,45
67,36
310,47
163,17
125,34
586,14
425,23
239,56
201,15
177,31
398,0
294,45
67,36
343,47
146,17
159,34
514,14
510,23
249,56
184,15
167,31
229,0
315,45
66,36
386,47
146,17
156,34
489,14
466,23
234,56
203,15
74,31
451,0
344,45
51,36
532,47
110,17
188,34
795,14
454,23
241,56
193,15
130,31
234,0
265,45
64,36
389,47
115,17
161,34
346,14
505,23
243,56
161,15
137,31
212,0
263,45
57,36
399,47
109,17
184,34
287,14
499,23
248,56
155,15
146,31
208,0
277,45
65,36
306,47
112,17
176,34
320,14
495,23
240,56
192,15
103,31
225,0
266,45
70,36
330,47
153,17
168,34
350,14
451,23
244,56
174,15
163,31
206,0
260,45
61,36
327,47
131,17
155,34
308,14
474,23
450,56
163,15
172,31
225,0
250,45
58,36
354,47
146,17
149,34
904,14
458,23
271,56
140,15
146,31
240,0
256,45
58,36
254,47
131,17
165,34
513,14
468,23
235,56
155,15
129,31
230,0
242,45
61,36
379,47
152,17
158,34
681,14
906,23
407,56
175,15
181,31
208,0
281,45
57,36
293,47
90,17
212,34
1413,14
424,23
275,56
147,15
147,31
224,0
230,45
72,36
368,47
132,17
178,34
1355,14
477,23
273,56
132,15
175,31
231,0
256,45
68,36
207,47
158,17
141,34
322,14
497,23
263,56
197,15
128,31
243,0
260,45
66,36
261,47
126,17
188,34
913,14
461,23
249,56
164,15
143,31
235,0
258,45
61,36
269,47
123,17
180,34
346,14
565,23
322,56
199,15
178,31
242,0
277,45
60,36
266,47
142,17
165,34
358,14
526,23
275,56
206,15
147,31
229,0
238,45
82,36
258,47
143,17
159,34
518,14
526,23
263,56
200,15
121,31
223,0
246,45
75,36
575,47
180,17
152,34
815,14
458,23
196,56
166,15
120,31
237,0
240,45
65,36
257,47
133,17
163,34
740,14
385,23
223,56
154,15
148,31
216,0
253,45
70,36
276,47
130,17
176,34
1012,14
420,23
223,56
161,15
134,31
229,0
258,45
66,36
277,47
166,17
149,34
568,14
382,23
253,56
156,15
180,31
215,0
239,45
62,36
252,47
135,17
163,34
710,14
447,23
245,56
163,15
170,31
216,0
259,45
64,36
478,47
174,17
158,34
523,14
458,23
261,56
161,15
177,31
211,0
237,45
67,36
467,47
166,17
166,34
352,14
422,23
234,56
169,15
163,31
223,0
242,45
71,36
243,47
146,17
161,34
401,14
502,23
234,56
139,15
205,31
237,0
307,45
72,36
721,47
209,17
143,34
374,14
436,23
235,56
180,15
168,31
223,0
277,45
72,36
375,47
148,17
165,34
381,14
455,23
225,56
210,15
121,31
238,0
246,45
65,36
387,47
133,17
185,34
305,14
450,23
252,56
216,15
94,31
226,0
344,45
63,36
288,47
153,17
169,34
534,14
478,23
228,56
214,15
107,31
213,0
243,45
63,36
269,47
140,17
138,34
781,14
448,23
208,56
162,15
143,31
228,0
270,45
61,36
646,47
196,17
132,34
382,14
455,23
250,56
176,15
167,31
213,0
247,45
63,36
279,47
146,17
177,34
333,14
456,23
224,56
194,15
97,31
198,0
235,45
75,36
285,47
133,17
159,34
341,14
460,23
261,56
206,15
133,31
226,0
245,45
69,36
249,47
119,17
173,34
340,14
446,23
235,56
157,15
152,31
194,0
242,45
66,36
280,47
147,17
141,34
335,14
442,23
455,56
214,15
390,31
294,0
237,45
59,36
276,47
126,17
163,34
334,14
448,23
250,56
169,15
148,31
210,0
258,45
73,36
285,47
122,17
165,34
305,14
465,23
229,56
159,15
165,31
193,0
627,45
78,36
373,47
146,17
157,34
530,14
450,23
243,56
162,15
177,31
206,0
251,45
68,36
267,47
153,17
142,34
338,14
439,23
249,56
168,15
155,31
203,0
241,45
61,36
237,47
160,17
137,34
338,14
444,23
252,56
204,15
125,31
210,0
231,45
62,36
232,47
142,17
145,34
299,14
435,23
232,56
191,15
112,31
205,0
607,45
79,36
344,47
161,17
143,34
401,14
456,23
217,56
161,15
150,31
200,0
268,45
60,36
243,47
170,17
129,34
305,14
448,23
224,56
162,15
145,31
185,0
251,45
62,36
255,47
163,17
149,34
321,14
421,23
218,56
205,15
95,31
240,0
250,45
71,36
219,47
175,17
132,34
387,14
617,23
278,56
208,15
136,31
195,0
243,45
61,36
233,47
189,17
117,34
334,14
398,23
213,56
242,15
142,31
277,0
312,45
52,36
265,47
239,17
129,34
974,14
470,23
270,56
225,15
217,31
306,0
302,45
57,36
298,47
134,17
139,34
340,14
473,23
228,56
146,15
177,31
372,0
347,45
55,36
336,47
140,17
120,34
563,14
459,23
255,56
166,15
177,31
228,0
303,45
61,36
349,47
146,17
151,34
556,14
416,23
230,56
170,15
159,31
211,0
268,45
47,36
344,47
138,17
121,34
352,14
509,23
211,56
205,15
79,31
428,0
354,45
51,36
725,47
149,17
140,34
446,14
438,23
216,56
158,15
177,31
214,0
245,45
61,36
314,47
136,17
141,34
423,14
458,23
234,56
163,15
172,31
227,0
262,45
55,36
315,47
152,17
110,34
349,14
424,23
196,56
169,15
159,31
225,0
257,45
58,36
347,47
137,17
145,34
391,14
443,23
184,56
218,15
157,31
180,0
253,45
60,36
503,47
178,17
145,34
452,14
444,23
189,56
178,15
157,31
206,0
239,45
61,36
401,47
142,17
155,34
331,14
439,23
241,56
190,15
153,31
221,0
610,45
61,36
624,47
154,17
131,34
455,14
438,23
226,56
152,15
175,31
208,0
259,45
63,36
290,47
173,17
131,34
389,14
497,23
229,56
227,15
152,31
248,0
253,45
57,36
386,47
141,17
158,34
384,14
441,23
226,56
161,15
168,31
193,0
238,45
53,36
381,47
149,17
145,34
311,14
435,23
202,56
171,15
152,31
204,0
262,45
54,36
295,47
156,17
118,34
302,14
408,23
191,56
178,15
174,31
282,0
317,45
58,36
362,47
122,17
159,34
296,14
414,23
225,56
190,15
155,31
217,0
252,45
58,36
269,47
168,17
149,34
614,14
404,23
237,56
204,15
91,31
245,0
259,45
55,36
296,47
143,17
127,34
295,14
444,23
216,56
227,15
85,31
256,0
670,45
55,36
301,47
135,17
147,34
340,14
432,23
223,56
194,15
136,31
216,0
644,45
61,36
409,47
142,17
145,34
461,14
417,23
228,56
183,15
174,31
211,0
240,45
60,36
274,47
155,17
136,34
326,14
435,23
225,56
214,15
147,31
211,0
252,45
55,36
260,47
196,17
108,34
306,14
385,23
231,56
199,15
124,31
221,0
235,45
56,36
219,47
168,17
121,34
291,14
405,23
216,56
234,15
135,31
270,0
247,45
53,36
227,47
151,17
136,34
283,14
405,23
238,56
228,15
135,31
234,0
574,45
65,36
336,47
141,17
140,34
340,14
400,23
200,56
192,15
127,31
250,0
231,45
61,36
344,47
134,17
147,34
301,14
422,23
219,56
185,15
156,31
206,0
235,45
70,36
261,47
166,17
139,34
275,14
396,23
206,56
194,15
143,31
219,0
230,45
66,36
241,47
132,17
157,34
271,14
399,23
196,56
242,15
148,31
244,0
578,45
66,36
242,47
176,17
135,34
337,14
427,23
207,56
218,15
130,31
224,0
247,45
61,36
254,47
175,17
128,34
298,14
373,23
206,56
216,15
164,31
235,0
280,45
58,36
198,47
177,17
123,34
313,14
422,23
236,56
236,15
83,31
337,0
348,45
54,36
155,47
204,17
112,34
284,14
404,23
224,56
223,15
139,31
233,0
236,45
59,36
357,47
461,17
137,34
1211,14
834,23
309,56
223,15
174,31
230,0
247,45
67,36
291,47
177,17
130,34
310,14
375,23
227,56
182,15
136,31
211,0
219,45
80,36
230,47
191,17
138,34
283,14
430,23
281,56
208,15
104,31
225,0
248,45
66,36
228,47
132,17
154,34
310,14
401,23
241,56
239,15
133,31
245,0
244,45
66,36
202,47
157,17
132,34
287,14
406,23
242,56
212,15
125,31
246,0
248,45
65,36
333,47
127,17
171,34
500,14
421,23
246,56
187,15
157,31
219,0
246,45
68,36
259,47
173,17
135,34
348,14
456,23
256,56
243,15
72,31
238,0
623,45
64,36
417,47
115,17
174,34
740,14
407,23
293,56
206,15
140,31
229,0
255,45
66,36
349,47
174,17
158,34
807,14
433,23
262,56
169,15
167,31
215,0
235,45
75,36
349,47
161,17
167,34
277,14
409,23
260,56
176,15
177,31
211,0
258,45
69,36
255,47
180,17
146,34
300,14
399,23
248,56
276,15
188,31
231,0
274,45
63,36
173,47
220,17
144,34
299,14
415,23
277,56
203,15
143,31
235,0
266,45
63,36
178,47
192,17
149,34
275,14
441,23
320,56
196,15
162,31
226,0
248,45
75,36
214,47
172,17
147,34
258,14
413,23
264,56
195,15
151,31
216,0
344,45
65,36
236,47
171,17
157,34
304,14
409,23
283,56
184,15
162,31
397,0
311,45
62,36
256,47
149,17
154,34
362,14
442,23
286,56
183,15
156,31
213,0
259,45
59,36
262,47
161,17
196,34
314,14
447,23
303,56
190,15
148,31
164,0
263,45
56,36
420,47
191,17
125,34
660,14
462,23
213,56
141,15
202,31
231,0
280,45
42,36
262,47
141,17
153,34
347,14
538,23
189,56
192,15
139,31
165,0
240,45
54,36
321,47
148,17
146,34
345,14
412,23
224,56
179,15
153,31
239,0
270,45
51,36
291,47
154,17
131,34
340,14
446,23
227,56
210,15
134,31
225,0
277,45
60,36
318,47
154,17
139,34
318,14
433,23
231,56
145,15
168,31
246,0
241,45
54,36
346,47
146,17
158,34
289,14
420,23
209,56
215,15
145,31
226,0
241,45
51,36
336,47
139,17
158,34
277,14
400,23
226,56
185,15
138,31
229,0
285,45
50,36
272,47
167,17
135,34
293,14
748,23
374,56
189,15
188,31
216,0
291,45
51,36
316,47
133,17
162,34
296,14
496,23
255,56
159,15
185,31
198,0
267,45
54,36
370,47
141,17
144,34
290,14
444,23
275,56
194,15
148,31
217,0
273,45
51,36
274,47
157,17
159,34
341,14
493,23
198,56
198,15
195,31
225,0
255,45
49,36
320,47
175,17
149,34
323,14
433,23
253,56
178,15
149,31
216,0
265,45
65,36
246,47
159,17
134,34
315,14
458,23
314,56
207,15
165,31
219,0
263,45
42,36
241,47
169,17
163,34
321,14
458,23
468,56
232,15
197,31
233,0
290,45
48,36
230,47
145,17
134,34
301,14
476,23
290,56
167,15
166,31
200,0
266,45
52,36
271,47
183,17
147,34
375,14
429,23
255,56
212,15
154,31
231,0
286,45
54,36
227,47
185,17
94,34
319,14
485,23
254,56
176,15
184,31
238,0
279,45
42,36
227,47
148,17
161,34
712,14
616,23
259,56
155,15
186,31
209,0
246,45
62,36
325,47
191,17
142,34
431,14
425,23
221,56
203,15
196,31
230,0
248,45
57,36
349,47
192,17
146,34
333,14
425,23
237,56
138,15
211,31
226,0
265,45
58,36
241,47
167,17
125,34
595,14
447,23
292,56
180,15
158,31
231,0
269,45
48,36
285,47
212,17
146,34
618,14
457,23
423,56
151,15
234,31
270,0
259,45
52,36
283,47
183,17
137,34
363,14
444,23
252,56
185,15
174,31
244,0
274,45
52,36
238,47
173,17
130,34
327,14
443,23
249,56
213,15
106,31
230,0
265,45
52,36
260,47
148,17
170,34
313,14
464,23
263,56
166,15
192,31
218,0
264,45
57,36
225,47
165,17
136,34
337,14
460,23
236,56
204,15
139,31
227,0
256,45
69,36
370,47
183,17
147,34
311,14
443,23
230,56
172,15
173,31
226,0
258,45
66,36
228,47
168,17
137,34
306,14
446,23
241,56
211,15
117,31
211,0
270,45
57,36
243,47
173,17
119,34
308,14
459,23
248,56
188,15
142,31
234,0
264,45
56,36
213,47
177,17
121,34
300,14
429,23
247,56
186,15
150,31
222,0
273,45
64,36
272,47
168,17
152,34
301,14
436,23
258,56
178,15
158,31
227,0
267,45
59,36
206,47
176,17
134,34
302,14
468,23
221,56
213,15
138,31
245,0
434,45
51,36
378,47
145,17
144,34
351,14
452,23
232,56
153,15
199,31
211,0
282,45
62,36
189,47
191,17
115,34
291,14
379,23
244,56
156,15
167,31
211,0
280,45
59,36
188,47
184,17
128,34
288,14
426,23
246,56
185,15
169,31
201,0
427,45
49,36
218,47
175,17
130,34
268,14
387,23
248,56
197,15
182,31
247,0
298,45
58,36
249,47
177,17
125,34
276,14
404,23
240,56
193,15
162,31
232,0
249,45
54,36
212,47
180,17
113,34
290,14
386,23
248,56
198,15
138,31
250,0
250,45
62,36
236,47
174,17
105,34
315,14
388,23
223,56
177,15
161,31
212,0
252,45
61,36
177,47
191,17
112,34
269,14
470,23
237,56
182,15
150,31
196,0
255,45
64,36
184,47
205,17
499,34
365,14
409,23
193,56
181,15
187,31
233,0
264,45
53,36
216,47
169,17
123,34
267,14
431,23
233,56
157,15
188,31
245,0
276,45
58,36
247,47
181,17
130,34
288,14
410,23
247,56
167,15
169,31
236,0
282,45
55,36
261,47
164,17
139,34
285,14
403,23
266,56
197,15
164,31
209,0
269,45
58,36
247,47
160,17
143,34
252,14
408,23
238,56
205,15
144,31
205,0
261,45
53,36
196,47
186,17
118,34
287,14
402,23
250,56
187,15
145,31
202,0
240,45
61,36
197,47
192,17
129,34
266,14
512,23
310,56
284,15
234,31
227,0
255,45
52,36
169,47
208,17
107,34
258,14
382,23
234,56
192,15
118,31
212,0
259,45
70,36
141,47
229,17
109,34
274,14
413,23
257,56
163,15
186,31
183,0
243,45
56,36
221,47
147,17
141,34
263,14
409,23
249,56
187,15
144,31
217,0
264,45
50,36
271,47
134,17
158,34
434,14
461,23
241,56
169,15
147,31
211,0
246,45
55,36
341,47
137,17
150,34
318,14
419,23
204,56
174,15
120,31
194,0
252,45
48,36
906,47
181,17
111,34
310,14
372,23
232,56
168,15
151,31
227,0
247,45
55,36
347,47
126,17
141,34
292,14
382,23
236,56
166,15
153,31
215,0
240,45
50,36
345,47
158,17
133,34
266,14
413,23
218,56
176,15
128,31
215,0
232,45
59,36
344,47
138,17
155,34
261,14
414,23
238,56
162,15
151,31
197,0
246,45
62,36
248,47
126,17
154,34
286,14
461,23
217,56
181,15
116,31
200,0
238,45
46,36
220,47
124,17
209,34
285,14
455,23
259,56
207,15
121,31
162,0
252,45
57,36
252,47
171,17
111,34
287,14
407,23
225,56
154,15
153,31
207,0
255,45
57,36
228,47
173,17
117,34
320,14
452,23
230,56
181,15
138,31
206,0
257,45
54,36
244,47
169,17
120,34
284,14
445,23
247,56
186,15
151,31
205,0
242,45
52,36
237,47
160,17
146,34
306,14
461,23
246,56
169,15
217,31
216,0
249,45
68,36
236,47
143,17
152,34
273,14
439,23
271,56
195,15
149,31
228,0
623,45
68,36
250,47
152,17
143,34
268,14
462,23
245,56
173,15
191,31
204,0
280,45
51,36
188,47
170,17
124,34
281,14
427,23
244,56
185,15
172,31
211,0
248,45
57,36
202,47
169,17
127,34
280,14
403,23
267,56
170,15
160,31
176,0
277,45
57,36
259,47
202,17
113,34
247,14
357,23
248,56
183,15
173,31
214,0
245,45
58,36
214,47
181,17
110,34
258,14
413,23
283,56
204,15
134,31
188,0
267,45
52,36
211,47
168,17
134,34
258,14
471,23
249,56
155,15
181,31
209,0
237,45
59,36
251,47
158,17
196,34
287,14
390,23
251,56
160,15
168,31
205,0
249,45
57,36
188,47
176,17
138,34
249,14
435,23
255,56
178,15
158,31
189,0
255,45
59,36
191,47
167,17
136,34
264,14
431,23
240,56
183,15
156,31
207,0
245,45
58,36
190,47
149,17
149,34
260,14
433,23
228,56
173,15
136,31
217,0
261,45
59,36
190,47
173,17
132,34
254,14
404,23
240,56
165,15
145,31
151,0
262,45
57,36
189,47
159,17
135,34
256,14
395,23
472,56
215,15
88,31
200,0
252,45
51,36
200,47
155,17
138,34
246,14
400,23
236,56
173,15
128,31
191,0
244,45
61,36
211,47
185,17
113,34
268,14
393,23
242,56
184,15
137,31
200,0
240,45
60,36
182,47
166,17
129,34
255,14
515,23
468,56
226,15
60,31
214,0
271,45
57,36
195,47
162,17
128,34
260,14
390,23
212,56
177,15
141,31
219,0
238,45
63,36
149,47
217,17
92,34
271,14
386,23
228,56
188,15
111,31
215,0
239,45
59,36
167,47
179,17
135,34
271,14
409,23
253,56
204,15
131,31
224,0
246,45
57,36
174,47
196,17
107,34
266,14
405,23
224,56
224,15
139,31
208,0
253,45
51,36
170,47
173,17
119,34
260,14
426,23
229,56
175,15
116,31
193,0
242,45
52,36
338,47
154,17
127,34
278,14
375,23
220,56
149,15
178,31
219,0
269,45
57,36
178,47
180,17
110,34
271,14
393,23
253,56
178,15
156,31
237,0
228,45
58,36
173,47
169,17
142,34
258,14
393,23
250,56
194,15
139,31
205,0
276,45
68,36
182,47
164,17
150,34
272,14
365,23
329,56
272,15
184,31
218,0
251,45
57,36
193,47
149,17
133,34
238,14
391,23
262,56
162,15
140,31
201,0
257,45
64,36
175,47
212,17
126,34
259,14
383,23
262,56
177,15
127,31
210,0
236,45
66,36
154,47
222,17
129,34
270,14
444,23
247,56
155,15
156,31
214,0
244,45
65,36
184,47
169,17
139,34
264,14
419,23
239,56
195,15
79,31
191,0
251,45
57,36
171,47
209,17
137,34
262,14
404,23
219,56
183,15
148,31
213,0
256,45
53,36
237,47
95,17
347,34
800,14
372,23
305,56
186,15
134,31
215,0
232,45
59,36
173,47
152,17
132,34
268,14
368,23
218,56
189,15
125,31
200,0
231,45
66,36
210,47
155,17
430,34
718,14
401,23
244,56
190,15
121,31
207,0
238,45
63,36
222,47
145,17
153,34
280,14
403,23
218,56
165,15
153,31
184,0
248,45
68,36
219,47
167,17
158,34
267,14
440,23
217,56
217,15
107,31
202,0
239,45
62,36
226,47
79,17
416,34
649,14
405,23
271,56
182,15
119,31
198,0
230,45
54,36
170,47
179,17
119,34
264,14
387,23
226,56
192,15
120,31
212,0
245,45
63,36
219,47
142,17
160,34
285,14
455,23
263,56
173,15
159,31
205,0
233,45
61,36
234,47
156,17
167,34
328,14
744,23
276,56
129,15
163,31
221,0
252,45
65,36
522,47
117,17
188,34
251,14
410,23
218,56
153,15
165,31
233,0
250,45
52,36
317,47
146,17
166,34
298,14
411,23
223,56
180,15
121,31
223,0
254,45
50,36
240,47
169,17
139,34
308,14
418,23
294,56
176,15
130,31
249,0
234,45
58,36
293,47
131,17
161,34
293,14
506,23
262,56
224,15
191,31
246,0
261,45
55,36
453,47
135,17
175,34
320,14
453,23
262,56
180,15
155,31
219,0
267,45
54,36
289,47
166,17
141,34
302,14
443,23
253,56
178,15
138,31
239,0
250,45
59,36
248,47
160,17
146,34
287,14
460,23
279,56
166,15
162,31
214,0
254,45
64,36
235,47
133,17
181,34
282,14
536,23
258,56
185,15
108,31
249,0
271,45
66,36
264,47
167,17
155,34
257,14
442,23
231,56
182,15
169,31
229,0
259,45
64,36
270,47
154,17
182,34
284,14
445,23
236,56
199,15
159,31
220,0
262,45
69,36
278,47
158,17
162,34
252,14
438,23
240,56
178,15
157,31
214,0
262,45
62,36
286,47
159,17
157,34
250,14
440,23
255,56
187,15
149,31
247,0
320,45
66,36
224,47
181,17
145,34
256,14
419,23
231,56
182,15
154,31
231,0
245,45
57,36
248,47
166,17
153,34
301,14
445,23
235,56
186,15
179,31
202,0
688,45
55,36
416,47
167,17
163,34
290,14
455,23
473,56
250,15
216,31
196,0
288,45
56,36
268,47
143,17
147,34
271,14
414,23
238,56
171,15
174,31
213,0
252,45
70,36
265,47
155,17
159,34
283,14
425,23
249,56
185,15
184,31
206,0
273,45
62,36
364,47
162,17
182,34
301,14
408,23
219,56
192,15
169,31
210,0
270,45
72,36
238,47
176,17
128,34
267,14
395,23
237,56
186,15
165,31
242,0
246,45
71,36
290,47
155,17
143,34
277,14
413,23
213,56
184,15
148,31
232,0
253,45
66,36
256,47
139,17
187,34
283,14
412,23
244,56
209,15
163,31
247,0
268,45
66,36
457,47
163,17
189,34
313,14
422,23
260,56
177,15
178,31
255,0
275,45
40,36
256,47
159,17
143,34
293,14
433,23
277,56
181,15
149,31
227,0
271,45
63,36
248,47
131,17
166,34
271,14
425,23
255,56
186,15
157,31
236,0
292,45
53,36
195,47
199,17
121,34
250,14
408,23
256,56
197,15
214,31
230,0
287,45
60,36
247,47
173,17
135,34
279,14
419,23
355,56
275,15
308,31
294,0
278,45
56,36
177,47
180,17
143,34
259,14
417,23
240,56
205,15
190,31
215,0
250,45
60,36
215,47
173,17
160,34
280,14
445,23
253,56
189,15
149,31
215,0
257,45
59,36
350,47
155,17
160,34
308,14
445,23
262,56
194,15
170,31
213,0
257,45
55,36
213,47
158,17
148,34
298,14
488,23
259,56
179,15
167,31
210,0
260,45
47,36
218,47
172,17
152,34
271,14
456,23
273,56
194,15
152,31
217,0
258,45
63,36
267,47
132,17
243,34
299,14
444,23
349,56
270,15
216,31
256,0
695,45
58,36
254,47
180,17
127,34
263,14
475,23
244,56
191,15
156,31
221,0
659,45
61,36
286,47
155,17
358,34
351,14
440,23
224,56
184,15
152,31
231,0
256,45
68,36
273,47
204,17
144,34
301,14
462,23
270,56
142,15
198,31
223,0
254,45
68,36
244,47
142,17
170,34
278,14
452,23
263,56
157,15
174,31
214,0
241,45
59,36
255,47
134,17
169,34
272,14
421,23
225,56
190,15
175,31
232,0
254,45
71,36
273,47
199,17
150,34
309,14
418,23
231,56
216,15
169,31
229,0
275,45
64,36
203,47
192,17
113,34
257,14
522,23
333,56
202,15
153,31
213,0
278,45
72,36
215,47
157,17
139,34
272,14
449,23
236,56
209,15
140,31
233,0
246,45
78,36
199,47
185,17
115,34
266,14
454,23
228,56
158,15
172,31
197,0
264,45
61,36
222,47
179,17
99,34
285,14
454,23
242,56
178,15
124,31
227,0
243,45
71,36
191,47
194,17
116,34
265,14
409,23
291,56
216,15
152,31
196,0
275,45
56,36
166,47
209,17
350,34
355,14
461,23
254,56
170,15
173,31
229,0
265,45
60,36
225,47
149,17
133,34
280,14
443,23
327,56
213,15
183,31
226,0
284,45
63,36
198,47
195,17
135,34
273,14
390,23
216,56
202,15
147,31
220,0
291,45
60,36
188,47
165,17
135,34
271,14
386,23
209,56
201,15
142,31
236,0
350,45
62,36
192,47
203,17
117,34
280,14
365,23
231,56
201,15
137,31
241,0
287,45
48,36
305,47
161,17
138,34
258,14
395,23
211,56
194,15
188,31
210,0
247,45
46,36
272,47
186,17
123,34
269,14
363,23
199,56
205,15
136,31
225,0
266,45
60,36
311,47
174,17
170,34
275,14
371,23
247,56
211,15
179,31
238,0
283,45
57,36
285,47
138,17
186,34
273,14
367,23
216,56
182,15
158,31
243,0
261,45
66,36
258,47
174,17
146,34
262,14
383,23
207,56
186,15
156,31
210,0
267,45
70,36
272,47
146,17
158,34
256,14
390,23
217,56
184,15
155,31
209,0
255,45
66,36
242,47
156,17
148,34
262,14
370,23
235,56
182,15
118,31
218,0
254,45
70,36
224,47
168,17
138,34
263,14
384,23
259,56
239,15
486,31
238,0
292,45
71,36
193,47
191,17
140,34
271,14
380,23
230,56
162,15
153,31
217,0
259,45
70,36
227,47
159,17
150,34
252,14
385,23
229,56
193,15
120,31
255,0
267,45
72,36
250,47
154,17
156,34
252,14
341,23
213,56
258,15
163,31
322,0
318,45
66,36
214,47
179,17
138,34
250,14
358,23
286,56
174,15
145,31
216,0
253,45
70,36
515,47
285,17
172,34
561,14
387,23
280,56
180,15
132,31
224,0
265,45
72,36
247,47
158,17
152,34
280,14
354,23
287,56
217,15
71,31
269,0
260,45
71,36
213,47
175,17
120,34
254,14
362,23
247,56
191,15
175,31
223,0
272,45
71,36
466,47
241,17
141,34
363,14
405,23
273,56
160,15
199,31
221,0
262,45
73,36
208,47
198,17
110,34
303,14
418,23
294,56
168,15
155,31
219,0
261,45
72,36
190,47
196,17
126,34
278,14
371,23
259,56
175,15
161,31
207,0
285,45
66,36
261,47
146,17
182,34
265,14
372,23
250,56
192,15
134,31
200,0
273,45
82,36
209,47
169,17
144,34
266,14
341,23
271,56
195,15
129,31
263,0
336,45
51,36
279,47
171,17
126,34
288,14
339,23
239,56
175,15
152,31
220,0
247,45
81,36
179,47
210,17
89,34
261,14
351,23
258,56
177,15
162,31
213,0
257,45
63,36
273,47
179,17
151,34
323,14
391,23
242,56
174,15
167,31
230,0
245,45
71,36
212,47
167,17
146,34
269,14
344,23
270,56
186,15
151,31
233,0
262,45
74,36
192,47
169,17
133,34
273,14
386,23
247,56
169,15
164,31
236,0
946,45
78,36
293,47
164,17
134,34
270,14
351,23
245,56
191,15
174,31
423,0
318,45
75,36
290,47
146,17
155,34
255,14
327,23
256,56
238,15
218,31
248,0
276,45
63,36
315,47
172,17
136,34
285,14
341,23
336,56
257,15
171,31
234,0
265,45
76,36
189,47
212,17
110,34
268,14
356,23
216,56
207,15
108,31
257,0
259,45
74,36
156,47
222,17
114,34
302,14
338,23
232,56
196,15
118,31
220,0
270,45
84,36
203,47
186,17
107,34
306,14
319,23
257,56
178,15
113,31
185,0
282,45
77,36
299,47
167,17
123,34
273,14
355,23
254,56
167,15
153,31
230,0
244,45
75,36
166,47
268,17
255,34
366,14
435,23
284,56
181,15
221,31
323,0
344,45
67,36
163,47
227,17
121,34
273,14
386,23
261,56
182,15
156,31
193,0
280,45
79,36
183,47
189,17
126,34
287,14
366,23
264,56
199,15
135,31
226,0
301,45
72,36
208,47
180,17
146,34
272,14
367,23
269,56
201,15
134,31
224,0
269,45
77,36
195,47
193,17
124,34
277,14
363,23
243,56
195,15
165,31
194,0
269,45
74,36
205,47
187,17
118,34
277,14
370,23
258,56
211,15
101,31
316,0
320,45
30,36
297,47
190,17
134,34
274,14
390,23
224,56
194,15
141,31
205,0
274,45
69,36
204,47
152,17
157,34
259,14
371,23
237,56
195,15
137,31
213,0
289,45
59,36
211,47
162,17
142,34
266,14
394,23
243,56
196,15
158,31
203,0
271,45
55,36
215,47
194,17
126,34
267,14
380,23
267,56
187,15
141,31
217,0
351,45
70,36
243,47
185,17
144,34
278,14
390,23
261,56
188,15
157,31
194,0
278,45
66,36
213,47
159,17
145,34
265,14
384,23
306,56
200,15
130,31
215,0
261,45
79,36
204,47
176,17
117,34
289,14
369,23
218,56
195,15
144,31
216,0
289,45
67,36
194,47
174,17
118,34
288,14
368,23
206,56
235,15
101,31
304,0
679,45
74,36
269,47
188,17
128,34
276,14
372,23
251,56
224,15
201,31
227,0
246,45
78,36
200,47
191,17
121,34
241,14
371,23
231,56
183,15
138,31
223,0
284,45
78,36
180,47
194,17
129,34
251,14
445,23
254,56
173,15
145,31
215,0
296,45
73,36
195,47
177,17
126,34
253,14
404,23
251,56
214,15
165,31
252,0
267,45
68,36
188,47
183,17
119,34
262,14
481,23
330,56
193,15
160,31
266,0
275,45
58,36
241,47
172,17
141,34
313,14
390,23
198,56
152,15
143,31
191,0
218,45
70,36
195,47
156,17
139,34
239,14
372,23
212,56
153,15
97,31
286,0
325,45
52,36
190,47
153,17
137,34
227,14
388,23
210,56
177,15
119,31
208,0
225,45
69,36
220,47
176,17
112,34
233,14
346,23
245,56
189,15
114,31
252,0
233,45
56,36
320,47
190,17
130,34
297,14
390,23
260,56
195,15
112,31
267,0
236,45
63,36
201,47
173,17
149,34
249,14
417,23
265,56
200,15
193,31
212,0
265,45
54,36
201,47
178,17
132,34
235,14
370,23
239,56
228,15
82,31
240,0
254,45
61,36
300,47
293,17
212,34
305,14
376,23
214,56
205,15
106,31
223,0
248,45
56,36
185,47
179,17
126,34
241,14
381,23
261,56
189,15
121,31
254,0
244,45
58,36
310,47
167,17
134,34
231,14
353,23
232,56
187,15
144,31
218,0
254,45
62,36
252,47
213,17
115,34
276,14
377,23
265,56
207,15
91,31
232,0
236,45
49,36
189,47
173,17
136,34
239,14
378,23
438,56
303,15
213,31
220,0
242,45
55,36
215,47
162,17
135,34
226,14
371,23
271,56
174,15
125,31
229,0
249,45
57,36
193,47
184,17
119,34
243,14
377,23
268,56
196,15
154,31
203,0
252,45
57,36
200,47
187,17
129,34
265,14
402,23
252,56
212,15
91,31
207,0
248,45
60,36
206,47
166,17
136,34
269,14
415,23
242,56
199,15
164,31
222,0
279,45
57,36
181,47
214,17
119,34
318,14
413,23
255,56
195,15
135,31
186,0
262,45
57,36
174,47
196,17
119,34
236,14
383,23
268,56
192,15
129,31
200,0
251,45
52,36
165,47
224,17
99,34
293,14
415,23
220,56
220,15
154,31
203,0
249,45
52,36
187,47
183,17
115,34
255,14
410,23
259,56
173,15
145,31
200,0
241,45
63,36
175,47
189,17
105,34
256,14
411,23
237,56
172,15
156,31
208,0
246,45
46,36
156,47
200,17
114,34
262,14
414,23
242,56
164,15
151,31
199,0
265,45
63,36
123,47
195,17
107,34
279,14
401,23
235,56
164,15
143,31
195,0
249,45
54,36
160,47
209,17
105,34
268,14
378,23
290,56
179,15
135,31
178,0
264,45
67,36
293,47
160,17
144,34
244,14
379,23
253,56
183,15
113,31
229,0
251,45
67,36
237,47
181,17
160,34
269,14
367,23
240,56
155,15
147,31
219,0
264,45
63,36
278,47
239,17
144,34
308,14
399,23
263,56
187,15
134,31
210,0
253,45
50,36
222,47
169,17
126,34
260,14
432,23
279,56
182,15
110,31
204,0
255,45
63,36
175,47
194,17
123,34
258,14
475,23
269,56
173,15
149,31
220,0
257,45
58,36
202,47
173,17
134,34
251,14
414,23
240,56
199,15
132,31
206,0
739,45
61,36
256,47
212,17
91,34
278,14
390,23
255,56
174,15
125,31
224,0
261,45
58,36
158,47
201,17
102,34
246,14
394,23
245,56
178,15
114,31
228,0
238,45
63,36
159,47
214,17
96,34
291,14
397,23
256,56
197,15
104,31
272,0
239,45
62,36
190,47
176,17
120,34
251,14
396,23
230,56
177,15
112,31
202,0
249,45
60,36
235,47
253,17
147,34
416,14
428,23
246,56
186,15
103,31
247,0
255,45
62,36
187,47
200,17
130,34
274,14
386,23
297,56
181,15
109,31
233,0
237,45
71,36
177,47
169,17
124,34
278,14
397,23
247,56
198,15
77,31
234,0
260,45
69,36
178,47
185,17
118,34
252,14
371,23
232,56
184,15
101,31
196,0
268,45
66,36
347,47
263,17
179,34
258,14
375,23
226,56
150,15
130,31
218,0
252,45
59,36
157,47
205,17
87,34
276,14
391,23
248,56
166,15
106,31
214,0
236,45
53,36
146,47
197,17
108,34
282,14
411,23
236,56
161,15
133,31
220,0
253,45
54,36
362,47
168,17
150,34
290,14
415,23
237,56
164,15
143,31
216,0
272,45
53,36
196,47
178,17
128,34
250,14
436,23
423,56
293,15
224,31
217,0
638,45
56,36
252,47
163,17
132,34
275,14
426,23
260,56
181,15
152,31
207,0
262,45
61,36
167,47
175,17
118,34
281,14
422,23
244,56
202,15
89,31
234,0
248,45
54,36
426,47
158,17
140,34
287,14
401,23
242,56
168,15
122,31
203,0
253,45
61,36
191,47
204,17
122,34
254,14
409,23
253,56
169,15
123,31
216,0
254,45
75,36
255,47
189,17
152,34
260,14
411,23
198,56
193,15
101,31
212,0
253,45
71,36
234,47
151,17
173,34
278,14
418,23
236,56
221,15
142,31
209,0
262,45
65,36
216,47
844,17
156,34
327,14
384,23
208,56
165,15
96,31
209,0
243,45
67,36
252,47
147,17
155,34
280,14
422,23
180,56
154,15
130,31
213,0
256,45
46,36
171,47
377,17
136,34
275,14
367,23
196,56
150,15
109,31
262,0
245,45
61,36
248,47
158,17
154,34
252,14
355,23
219,56
181,15
104,31
256,0
249,45
47,36
210,47
171,17
139,34
252,14
401,23
213,56
208,15
154,31
254,0
284,45
63,36
201,47
182,17
116,34
263,14
384,23
193,56
226,15
89,31
225,0
254,45
61,36
267,47
165,17
150,34
248,14
402,23
237,56
176,15
133,31
203,0
300,45
62,36
223,47
146,17
157,34
252,14
412,23
228,56
187,15
135,31
249,0
311,45
5,36
278,47
151,17
144,34
253,14
404,23
253,56
192,15
116,31
244,0
249,45
66,36
204,47
180,17
131,34
247,14
450,23
261,56
187,15
131,31
222,0
259,45
61,36
282,47
227,17
155,34
296,14
447,23
215,56
178,15
134,31
259,0
264,45
65,36
204,47
166,17
129,34
238,14
406,23
265,56
173,15
153,31
205,0
243,45
63,36
167,47
191,17
128,34
239,14
397,23
205,56
221,15
115,31
247,0
244,45
62,36
198,47
136,17
150,34
242,14
398,23
243,56
179,15
169,31
191,0
251,45
64,36
207,47
168,17
136,34
266,14
401,23
268,56
201,15
147,31
221,0
256,45
68,36
189,47
175,17
127,34
252,14
510,23
253,56
164,15
142,31
204,0
251,45
63,36
167,47
180,17
118,34
240,14
486,23
246,56
157,15
166,31
204,0
257,45
59,36
281,47
135,17
174,34
241,14
428,23
243,56
219,15
134,31
218,0
255,45
66,36
190,47
162,17
135,34
229,14
455,23
277,56
144,15
166,31
198,0
253,45
66,36
237,47
134,17
158,34
259,14
479,23
237,56
174,15
135,31
192,0
264,45
66,36
213,47
177,17
124,34
247,14
457,23
258,56
154,15
185,31
189,0
266,45
75,36
235,47
167,17
142,34
254,14
390,23
280,56
147,15
166,31
200,0
277,45
71,36
215,47
175,17
144,34
271,14
397,23
237,56
149,15
179,31
196,0
253,45
62,36
342,47
170,17
149,34
239,14
367,23
228,56
144,15
177,31
187,0
661,45
52,36
274,47
163,17
134,34
269,14
440,23
204,56
175,15
137,31
212,0
463,45
57,36
259,47
160,17
142,34
260,14
533,23
204,56
162,15
149,31
199,0
275,45
62,36
216,47
149,17
165,34
260,14
395,23
213,56
177,15
172,31
213,0
265,45
65,36
181,47
167,17
137,34
253,14
430,23
245,56
166,15
168,31
202,0
264,45
58,36
195,47
161,17
145,34
234,14
414,23
243,56
171,15
134,31
199,0
274,45
64,36
242,47
189,17
103,34
271,14
376,23
244,56
167,15
166,31
223,0
260,45
59,36
194,47
163,17
121,34
234,14
443,23
274,56
173,15
196,31
210,0
261,45
59,36
193,47
218,17
130,34
270,14
364,23
262,56
180,15
130,31
203,0
284,45
54,36
229,47
232,17
521,34
338,14
395,23
259,56
168,15
192,31
206,0
274,45
67,36
191,47
186,17
116,34
261,14
397,23
250,56
147,15
154,31
207,0
296,45
55,36
161,47
202,17
96,34
260,14
435,23
216,56
167,15
176,31
208,0
310,45
26,36
263,47
194,17
145,34
273,14
412,23
229,56
148,15
186,31
252,0
276,45
67,36
158,47
207,17
103,34
283,14
426,23
249,56
136,15
204,31
208,0
260,45
66,36
199,47
173,17
145,34
258,14
417,23
242,56
131,15
192,31
179,0
277,45
77,36
173,47
206,17
116,34
267,14
443,23
286,56
147,15
182,31
191,0
253,45
68,36
167,47
185,17
107,34
255,14
405,23
224,56
166,15
153,31
178,0
267,45
38,36
321,47
221,17
197,34
314,14
387,23
221,56
144,15
176,31
215,0
272,45
70,36
163,47
199,17
150,34
238,14
373,23
228,56
185,15
171,31
198,0
265,45
78,36
175,47
196,17
122,34
258,14
397,23
251,56
145,15
182,31
180,0
279,45
68,36
181,47
188,17
114,34
266,14
532,23
257,56
136,15
194,31
198,0
284,45
55,36
187,47
179,17
147,34
268,14
421,23
260,56
140,15
159,31
220,0
275,45
78,36
149,47
205,17
116,34
285,14
417,23
289,56
178,15
190,31
203,0
314,45
50,36
294,47
176,17
130,34
277,14
396,23
237,56
111,15
194,31
225,0
260,45
62,36
146,47
221,17
103,34
244,14
431,23
210,56
144,15
158,31
202,0
256,45
74,36
143,47
217,17
107,34
285,14
394,23
234,56
128,15
165,31
195,0
263,45
67,36
162,47
192,17
103,34
272,14
424,23
290,56
148,15
156,31
205,0
326,45
12,36
380,47
213,17
164,34
286,14
374,23
229,56
136,15
155,31
182,0
267,45
56,36
