275,47
221,17
200,34
1285,14
471,23
791,56
658,15
500,31
227,0
540,45
88,36
407,47
270,17
232,34
891,14
809,23
435,56
752,15
502,31
350,0
318,45
66,36
327,47
194,17
199,34
1048,14
681,23
409,56
772,15
226,31
268,0
274,45
100,36
454,47
234,17
682,34
474,14
753,23
740,56
338,15
206,31
259,0
351,45
99,36
269,47
310,17
152,34
358,14
517,23
355,56
439,15
266,31
486,0
313,45
74,36
280,47
353,17
190,34
432,14
643,23
547,56
221,15
214,31
762,0
298,45
101,36
261,47
192,17
301,34
973,14
660,23
528,56
237,15
119,31
241,0
265,45
82,36
290,47
205,17
172,34
425,14
626,23
392,56
330,15
146,31
666,0
322,45
48,36
220,47
231,17
160,34
569,14
552,23
342,56
278,15
253,31
525,0
381,45
93,36
243,47
174,17
158,34
396,14
658,23
468,56
237,15
301,31
166,0
329,45
83,36
224,47
256,17
183,34
421,14
744,23
335,56
212,15
219,31
577,0
320,45
63,36
286,47
234,17
342,34
524,14
695,23
467,56
226,15
270,31
463,0
368,45
90,36
240,47
235,17
168,34
391,14
589,23
372,56
232,15
178,31
522,0
295,45
64,36
224,47
198,17
179,34
503,14
1077,23
405,56
283,15
247,31
189,0
454,45
73,36
247,47
1161,17
205,34
572,14
707,23
418,56
139,15
429,31
204,0
428,45
62,36
309,47
203,17
170,34
431,14
707,23
302,56
217,15
243,31
196,0
389,45
80,36
250,47
189,17
174,34
519,14
487,23
495,56
269,15
200,31
197,0
366,45
81,36
259,47
333,17
178,34
363,14
503,23
305,56
443,15
172,31
237,0
350,45
52,36
225,47
228,17
148,34
537,14
526,23
230,56
222,15
283,31
160,0
441,45
50,36
181,47
227,17
121,34
451,14
597,23
283,56
465,15
198,31
179,0
409,45
44,36
183,47
240,17
126,34
501,14
512,23
393,56
207,15
195,31
590,0
307,45
75,36
234,47
241,17
135,34
373,14
540,23
607,56
424,15
437,31
173,0
389,45
71,36
195,47
214,17
183,34
568,14
734,23
380,56
196,15
317,31
271,0
695,45
87,36
228,47
222,17
183,34
321,14
693,23
364,56
245,15
150,31
123,0
496,45
70,36
287,47
173,17
185,34
478,14
543,23
288,56
188,15
267,31
118,0
383,45
45,36
207,47
239,17
123,34
295,14
579,23
345,56
158,15
290,31
88,0
420,45
44,36
363,47
322,17
163,34
665,14
387,23
332,56
358,15
257,31
570,0
602,45
89,36
193,47
220,17
159,34
339,14
684,23
331,56
215,15
294,31
67,0
554,45
42,36
238,47
277,17
152,34
434,14
572,23
371,56
370,15
270,31
495,0
325,45
89,36
232,47
292,17
138,34
442,14
489,23
252,56
199,15
216,31
213,0
517,45
54,36
240,47
255,17
173,34
409,14
521,23
396,56
289,15
249,31
174,0
458,45
95,36
268,47
210,17
173,34
353,14
516,23
329,56
226,15
217,31
160,0
406,45
68,36
161,47
240,17
195,34
348,14
524,23
309,56
228,15
305,31
136,0
575,45
69,36
204,47
208,17
191,34
366,14
546,23
575,56
188,15
279,31
229,0
824,45
72,36
230,47
166,17
185,34
391,14
659,23
315,56
310,15
253,31
149,0
433,45
64,36
226,47
221,17
182,34
347,14
848,23
421,56
288,15
438,31
217,0
415,45
66,36
197,47
200,17
225,34
411,14
582,23
328,56
265,15
316,31
164,0
378,45
91,36
530,47
257,17
129,34
299,14
778,23
307,56
275,15
224,31
228,0
344,45
54,36
266,47
233,17
160,34
461,14
635,23
399,56
379,15
356,31
491,0
284,45
74,36
241,47
538,17
247,34
347,14
557,23
550,56
664,15
455,31
197,0
513,45
116,36
342,47
200,17
149,34
340,14
696,23
437,56
274,15
311,31
215,0
496,45
75,36
257,47
214,17
162,34
313,14
555,23
570,56
363,15
248,31
180,0
383,45
48,36
238,47
270,17
175,34
1547,14
626,23
398,56
302,15
302,31
68,0
588,45
105,36
172,47
235,17
165,34
367,14
621,23
581,56
222,15
280,31
188,0
382,45
77,36
201,47
281,17
127,34
344,14
549,23
306,56
175,15
324,31
129,0
647,45
33,36
249,47
215,17
107,34
907,14
497,23
476,56
215,15
235,31
218,0
446,45
88,36
200,47
229,17
183,34
442,14
526,23
252,56
217,15
236,31
168,0
411,45
59,36
236,47
210,17
167,34
405,14
530,23
348,56
268,15
231,31
197,0
448,45
65,36
225,47
223,17
164,34
713,14
461,23
344,56
263,15
223,31
131,0
443,45
68,36
274,47
233,17
141,34
361,14
818,23
674,56
265,15
134,31
111,0
599,45
80,36
303,47
192,17
128,34
463,14
439,23
259,56
223,15
242,31
232,0
441,45
72,36
240,47
175,17
152,34
399,14
451,23
291,56
132,15
257,31
239,0
584,45
89,36
316,47
213,17
145,34
393,14
523,23
334,56
142,15
258,31
596,0
416,45
83,36
214,47
192,17
124,34
384,14
535,23
273,56
304,15
193,31
379,0
263,45
72,36
259,47
199,17
126,34
344,14
530,23
228,56
174,15
231,31
287,0
354,45
78,36
259,47
213,17
120,34
396,14
477,23
268,56
158,15
222,31
373,0
400,45
80,36
300,47
167,17
160,34
284,14
474,23
281,56
200,15
161,31
306,0
327,45
67,36
222,47
192,17
138,34
339,14
551,23
234,56
198,15
244,31
223,0
366,45
59,36
224,47
191,17
162,34
347,14
441,23
308,56
177,15
207,31
266,0
518,45
172,36
342,47
210,17
556,34
419,14
863,23
242,56
221,15
194,31
195,0
345,45
83,36
191,47
215,17
141,34
328,14
536,23
287,56
195,15
244,31
141,0
362,45
63,36
232,47
220,17
134,34
1560,14
405,23
299,56
150,15
277,31
191,0
701,45
109,36
325,47
224,17
213,34
1227,14
539,23
601,56
727,15
321,31
321,0
326,45
92,36
267,47
225,17
105,34
498,14
544,23
315,56
255,15
835,31
301,0
421,45
80,36
353,47
220,17
150,34
495,14
456,23
320,56
268,15
284,31
146,0
425,45
66,36
235,47
256,17
129,34
481,14
471,23
368,56
241,15
253,31
192,0
381,45
66,36
191,47
213,17
109,34
1328,14
414,23
386,56
189,15
240,31
298,0
741,45
104,36
334,47
207,17
176,34
387,14
484,23
266,56
199,15
185,31
226,0
347,45
82,36
266,47
188,17
140,34
377,14
457,23
327,56
237,15
208,31
137,0
400,45
73,36
220,47
231,17
134,34
477,14
420,23
262,56
237,15
217,31
108,0
414,45
75,36
245,47
225,17
139,34
837,14
581,23
525,56
190,15
212,31
217,0
409,45
93,36
237,47
157,17
183,34
461,14
540,23
367,56
500,15
225,31
156,0
388,45
90,36
404,47
180,17
183,34
356,14
535,23
313,56
267,15
237,31
136,0
399,45
56,36
305,47
196,17
196,34
414,14
483,23
361,56
219,15
199,31
163,0
426,45
78,36
247,47
242,17
169,34
453,14
522,23
233,56
214,15
209,31
196,0
409,45
70,36
338,47
162,17
171,34
341,14
444,23
320,56
266,15
143,31
135,0
433,45
69,36
568,47
293,17
143,34
358,14
584,23
288,56
207,15
247,31
152,0
397,45
76,36
217,47
224,17
133,34
350,14
465,23
327,56
188,15
335,31
140,0
368,45
80,36
221,47
251,17
131,34
349,14
451,23
519,56
272,15
206,31
181,0
568,45
84,36
259,47
252,17
210,34
463,14
445,23
324,56
166,15
201,31
161,0
360,45
68,36
194,47
241,17
149,34
371,14
452,23
655,56
187,15
232,31
128,0
407,45
79,36
270,47
244,17
178,34
737,14
583,23
347,56
239,15
158,31
140,0
404,45
75,36
269,47
218,17
135,34
336,14
466,23
305,56
198,15
257,31
172,0
398,45
79,36
238,47
205,17
139,34
326,14
471,23
337,56
445,15
216,31
241,0
358,45
81,36
264,47
198,17
105,34
618,14
947,23
346,56
256,15
184,31
198,0
390,45
84,36
229,47
239,17
112,34
476,14
490,23
356,56
233,15
234,31
234,0
333,45
81,36
241,47
192,17
149,34
692,14
466,23
319,56
223,15
239,31
170,0
418,45
88,36
218,47
218,17
369,34
372,14
558,23
316,56
239,15
247,31
211,0
348,45
93,36
203,47
226,17
159,34
378,14
474,23
334,56
283,15
227,31
181,0
411,45
68,36
236,47
209,17
173,34
395,14
478,23
332,56
349,15
252,31
168,0
460,45
80,36
224,47
206,17
143,34
421,14
515,23
349,56
348,15
375,31
191,0
386,45
75,36
248,47
205,17
135,34
327,14
483,23
422,56
280,15
221,31
273,0
447,45
77,36
227,47
232,17
161,34
327,14
446,23
338,56
305,15
163,31
199,0
388,45
82,36
472,47
216,17
160,34
407,14
585,23
354,56
277,15
201,31
210,0
390,45
85,36
240,47
211,17
150,34
287,14
479,23
381,56
271,15
217,31
364,0
536,45
81,36
274,47
271,17
132,34
285,14
740,23
306,56
213,15
159,31
206,0
351,45
85,36
303,47
192,17
914,34
513,14
413,23
313,56
209,15
233,31
200,0
463,45
86,36
240,47
239,17
145,34
334,14
577,23
293,56
197,15
245,31
157,0
445,45
77,36
255,47
213,17
145,34
339,14
477,23
344,56
268,15
189,31
181,0
417,45
77,36
267,47
203,17
141,34
340,14
522,23
401,56
191,15
309,31
186,0
423,45
63,36
289,47
350,17
161,34
944,14
746,23
399,56
338,15
430,31
244,0
347,45
78,36
209,47
291,17
193,34
356,14
427,23
253,56
219,15
121,31
196,0
376,45
11,36
279,47
241,17
149,34
1190,14
416,23
254,56
187,15
394,31
438,0
281,45
83,36
265,47
271,17
151,34
340,14
431,23
253,56
278,15
205,31
178,0
358,45
59,36
215,47
259,17
158,34
469,14
527,23
264,56
249,15
273,31
171,0
341,45
68,36
223,47
194,17
123,34
516,14
486,23
307,56
176,15
181,31
151,0
313,45
79,36
260,47
209,17
145,34
538,14
417,23
259,56
239,15
163,31
116,0
356,45
57,36
227,47
206,17
210,34
725,14
850,23
240,56
229,15
270,31
134,0
357,45
49,36
349,47
237,17
138,34
292,14
489,23
259,56
239,15
196,31
147,0
388,45
73,36
366,47
183,17
156,34
361,14
491,23
299,56
207,15
235,31
80,0
383,45
66,36
272,47
241,17
172,34
436,14
476,23
264,56
215,15
240,31
141,0
395,45
53,36
239,47
209,17
139,34
354,14
507,23
308,56
170,15
311,31
176,0
549,45
68,36
247,47
153,17
149,34
347,14
504,23
316,56
336,15
239,31
134,0
379,45
83,36
222,47
215,17
113,34
320,14
498,23
888,56
204,15
162,31
191,0
375,45
96,36
235,47
186,17
172,34
388,14
537,23
359,56
234,15
237,31
195,0
329,45
70,36
253,47
204,17
178,34
575,14
431,23
358,56
209,15
184,31
181,0
400,45
84,36
258,47
607,17
1303,34
383,14
487,23
324,56
182,15
240,31
142,0
657,45
78,36
260,47
230,17
122,34
409,14
501,23
348,56
205,15
258,31
163,0
553,45
101,36
333,47
203,17
189,34
388,14
450,23
357,56
180,15
255,31
133,0
584,45
83,36
250,47
175,17
112,34
311,14
413,23
576,56
269,15
205,31
176,0
431,45
64,36
225,47
252,17
107,34
310,14
1067,23
413,56
236,15
224,31
182,0
427,45
78,36
229,47
306,17
106,34
418,14
464,23
309,56
264,15
218,31
219,0
370,45
66,36
216,47
234,17
154,34
341,14
449,23
402,56
229,15
163,31
222,0
548,45
76,36
267,47
200,17
131,34
325,14
425,23
356,56
703,15
425,31
198,0
423,45
84,36
310,47
253,17
159,34
353,14
454,23
380,56
357,15
240,31
114,0
438,45
58,36
543,47
250,17
241,34
656,14
518,23
294,56
437,15
227,31
235,0
385,45
89,36
326,47
179,17
189,34
421,14
398,23
349,56
237,15
217,31
166,0
440,45
73,36
263,47
262,17
132,34
365,14
537,23
407,56
219,15
231,31
232,0
457,45
79,36
411,47
418,17
254,34
351,14
420,23
326,56
167,15
207,31
159,0
479,45
81,36
211,47
238,17
68,34
364,14
538,23
331,56
244,15
223,31
150,0
472,45
73,36
243,47
218,17
179,34
342,14
407,23
323,56
167,15
225,31
201,0
532,45
68,36
382,47
318,17
191,34
899,14
615,23
626,56
340,15
344,31
222,0
427,45
71,36
790,47
365,17
1444,34
481,14
781,23
325,56
310,15
496,31
197,0
546,45
90,36
246,47
242,17
184,34
435,14
439,23
356,56
268,15
297,31
189,0
366,45
68,36
258,47
248,17
142,34
483,14
613,23
311,56
256,15
206,31
262,0
385,45
75,36
219,47
232,17
172,34
340,14
497,23
309,56
201,15
273,31
230,0
464,45
78,36
228,47
234,17
165,34
414,14
558,23
318,56
164,15
257,31
155,0
374,45
73,36
211,47
247,17
136,34
400,14
430,23
400,56
322,15
300,31
196,0
405,45
62,36
286,47
281,17
202,34
413,14
435,23
384,56
244,15
260,31
183,0
554,45
67,36
221,47
241,17
159,34
451,14
399,23
402,56
261,15
231,31
179,0
362,45
87,36
238,47
247,17
184,34
319,14
408,23
693,56
291,15
179,31
204,0
385,45
80,36
248,47
244,17
182,34
737,14
462,23
317,56
219,15
232,31
136,0
365,45
81,36
201,47
250,17
127,34
378,14
483,23
338,56
171,15
224,31
696,0
285,45
85,36
234,47
305,17
189,34
443,14
437,23
361,56
188,15
242,31
159,0
393,45
73,36
230,47
250,17
201,34
569,14
440,23
367,56
387,15
200,31
105,0
364,45
86,36
226,47
228,17
191,34
334,14
457,23
303,56
225,15
265,31
143,0
393,45
63,36
245,47
230,17
308,34
376,14
430,23
431,56
193,15
283,31
171,0
429,45
65,36
238,47
213,17
150,34
293,14
410,23
382,56
167,15
304,31
167,0
468,45
87,36
212,47
210,17
158,34
314,14
400,23
386,56
379,15
258,31
173,0
343,45
80,36
237,47
248,17
196,34
392,14
443,23
381,56
392,15
393,31
168,0
340,45
104,36
230,47
201,17
167,34
449,14
417,23
329,56
212,15
195,31
177,0
379,45
80,36
211,47
230,17
135,34
264,14
459,23
242,56
235,15
193,31
134,0
338,45
76,36
200,47
251,17
155,34
436,14
407,23
250,56
230,15
196,31
137,0
361,45
26,36
225,47
251,17
180,34
428,14
475,23
487,56
264,15
199,31
157,0
349,45
68,36
232,47
229,17
355,34
363,14
550,23
371,56
248,15
196,31
155,0
387,45
70,36
272,47
229,17
160,34
332,14
447,23
384,56
325,15
226,31
168,0
381,45
61,36
322,47
236,17
173,34
381,14
432,23
340,56
235,15
164,31
149,0
360,45
62,36
342,47
187,17
183,34
389,14
454,23
399,56
222,15
220,31
110,0
417,45
67,36
245,47
263,17
163,34
450,14
503,23
291,56
216,15
248,31
204,0
515,45
84,36
227,47
211,17
170,34
378,14
446,23
303,56
241,15
299,31
162,0
534,45
53,36
230,47
207,17
134,34
370,14
481,23
420,56
217,15
253,31
139,0
586,45
51,36
226,47
202,17
136,34
327,14
426,23
303,56
198,15
207,31
158,0
396,45
46,36
185,47
236,17
48,34
374,14
440,23
318,56
264,15
202,31
192,0
616,45
48,36
228,47
219,17
131,34
334,14
452,23
547,56
345,15
182,31
194,0
426,45
56,36
206,47
199,17
128,34
385,14
363,23
826,56
303,15
243,31
154,0
369,45
54,36
210,47
215,17
79,34
320,14
434,23
549,56
232,15
216,31
190,0
395,45
49,36
234,47
180,17
165,34
607,14
2986,23
482,56
244,15
272,31
207,0
458,45
59,36
224,47
220,17
145,34
406,14
504,23
320,56
232,15
231,31
196,0
426,45
44,36
225,47
222,17
437,34
451,14
541,23
322,56
207,15
210,31
899,0
426,45
71,36
296,47
247,17
126,34
336,14
491,23
423,56
298,15
214,31
182,0
656,45
90,36
233,47
251,17
99,34
353,14
442,23
236,56
321,15
210,31
138,0
526,45
53,36
222,47
187,17
111,34
327,14
420,23
296,56
229,15
231,31
137,0
388,45
55,36
215,47
190,17
144,34
417,14
702,23
274,56
219,15
243,31
130,0
428,45
65,36
260,47
205,17
187,34
405,14
476,23
513,56
363,15
399,31
267,0
504,45
50,36
429,47
687,17
569,34
551,14
624,23
452,56
302,15
268,31
259,0
457,45
37,36
343,47
318,17
440,34
410,14
477,23
319,56
283,15
254,31
286,0
459,45
76,36
480,47
260,17
253,34
326,14
449,23
301,56
280,15
212,31
196,0
452,45
80,36
242,47
263,17
199,34
379,14
485,23
377,56
187,15
285,31
135,0
867,45
114,36
240,47
255,17
722,34
354,14
446,23
339,56
442,15
244,31
268,0
539,45
86,36
241,47
427,17
305,34
384,14
436,23
316,56
292,15
271,31
146,0
453,45
93,36
285,47
165,17
164,34
310,14
477,23
303,56
325,15
319,31
169,0
441,45
57,36
254,47
209,17
180,34
391,14
436,23
661,56
253,15
269,31
198,0
589,45
90,36
247,47
248,17
229,34
507,14
734,23
379,56
206,15
291,31
148,0
491,45
82,36
246,47
228,17
227,34
354,14
762,23
476,56
444,15
304,31
213,0
591,45
83,36
275,47
260,17
261,34
401,14
503,23
654,56
362,15
230,31
176,0
425,45
66,36
216,47
194,17
194,34
382,14
450,23
288,56
245,15
205,31
180,0
460,45
53,36
208,47
211,17
157,34
290,14
463,23
314,56
259,15
225,31
164,0
451,45
61,36
230,47
229,17
168,34
862,14
845,23
505,56
235,15
194,31
190,0
451,45
44,36
234,47
218,17
426,34
346,14
567,23
300,56
275,15
245,31
156,0
417,45
51,36
244,47
166,17
356,34
322,14
469,23
312,56
236,15
245,31
121,0
578,45
87,36
212,47
224,17
504,34
404,14
677,23
313,56
258,15
211,31
159,0
419,45
75,36
324,47
281,17
267,34
356,14
522,23
360,56
192,15
279,31
150,0
477,45
72,36
221,47
217,17
169,34
765,14
490,23
371,56
240,15
241,31
151,0
670,45
91,36
225,47
248,17
251,34
928,14
518,23
414,56
317,15
336,31
166,0
473,45
65,36
208,47
279,17
386,34
407,14
640,23
308,56
271,15
246,31
163,0
450,45
91,36
192,47
240,17
204,34
379,14
539,23
533,56
337,15
340,31
120,0
431,45
59,36
229,47
197,17
202,34
308,14
450,23
286,56
222,15
267,31
120,0
510,45
66,36
216,47
208,17
180,34
620,14
897,23
335,56
281,15
764,31
557,0
320,45
88,36
226,47
280,17
226,34
850,14
539,23
330,56
294,15
205,31
189,0
471,45
74,36
202,47
222,17
182,34
443,14
493,23
294,56
239,15
218,31
127,0
550,45
96,36
163,47
204,17
136,34
349,14
448,23
319,56
322,15
328,31
162,0
347,45
99,36
218,47
178,17
159,34
277,14
409,23
351,56
175,15
220,31
144,0
367,45
92,36
197,47
193,17
143,34
295,14
426,23
391,56
182,15
204,31
140,0
336,45
77,36
207,47
224,17
139,34
345,14
405,23
333,56
162,15
179,31
171,0
350,45
76,36
245,47
203,17
153,34
317,14
397,23
318,56
187,15
189,31
181,0
351,45
70,36
285,47
167,17
167,34
239,14
394,23
416,56
201,15
227,31
146,0
350,45
72,36
206,47
211,17
168,34
303,14
426,23
351,56
183,15
162,31
181,0
354,45
85,36
225,47
222,17
173,34
390,14
421,23
423,56
308,15
585,31
315,0
389,45
85,36
181,47
239,17
113,34
277,14
429,23
402,56
210,15
231,31
218,0
348,45
94,36
254,47
227,17
179,34
304,14
496,23
313,56
193,15
300,31
126,0
388,45
68,36
234,47
193,17
152,34
318,14
520,23
324,56
246,15
207,31
185,0
421,45
75,36
214,47
190,17
137,34
275,14
454,23
382,56
256,15
205,31
139,0
442,45
66,36
226,47
177,17
168,34
283,14
390,23
401,56
202,15
192,31
155,0
388,45
40,36
384,47
210,17
135,34
306,14
440,23
316,56
215,15
221,31
142,0
594,45
76,36
209,47
194,17
156,34
420,14
454,23
337,56
118,15
277,31
181,0
544,45
70,36
280,47
206,17
181,34
294,14
395,23
304,56
210,15
228,31
216,0
739,45
127,36
313,47
184,17
324,34
444,14
446,23
339,56
212,15
298,31
190,0
397,45
65,36
202,47
199,17
151,34
355,14
487,23
372,56
235,15
202,31
204,0
396,45
75,36
253,47
181,17
158,34
287,14
450,23
571,56
201,15
260,31
251,0
273,45
98,36
311,47
279,17
192,34
271,14
440,23
311,56
197,15
251,31
198,0
378,45
83,36
199,47
213,17
87,34
329,14
446,23
284,56
214,15
168,31
192,0
663,45
111,36
394,47
179,17
214,34
331,14
447,23
301,56
281,15
160,31
227,0
440,45
83,36
202,47
215,17
197,34
1135,14
562,23
364,56
340,15
319,31
200,0
402,45
87,36
207,47
194,17
152,34
269,14
614,23
306,56
266,15
256,31
209,0
350,45
113,36
267,47
200,17
206,34
317,14
466,23
266,56
241,15
260,31
225,0
542,45
90,36
208,47
214,17
139,34
292,14
379,23
471,56
269,15
134,31
197,0
472,45
84,36
213,47
210,17
168,34
262,14
476,23
351,56
198,15
217,31
187,0
439,45
95,36
212,47
217,17
204,34
683,14
443,23
312,56
229,15
243,31
210,0
361,45
89,36
323,47
219,17
171,34
268,14
432,23
282,56
264,15
170,31
175,0
331,45
93,36
203,47
242,17
121,34
305,14
427,23
687,56
359,15
337,31
228,0
412,45
94,36
226,47
247,17
165,34
306,14
432,23
402,56
206,15
174,31
195,0
426,45
86,36
192,47
225,17
412,34
340,14
468,23
608,56
323,15
219,31
199,0
359,45
96,36
193,47
201,17
200,34
322,14
410,23
434,56
138,15
283,31
129,0
426,45
85,36
184,47
216,17
122,34
284,14
420,23
322,56
265,15
230,31
173,0
376,45
95,36
209,47
207,17
156,34
284,14
430,23
315,56
156,15
278,31
663,0
395,45
81,36
204,47
200,17
150,34
295,14
442,23
338,56
206,15
228,31
189,0
379,45
86,36
201,47
195,17
219,34
328,14
435,23
355,56
194,15
269,31
123,0
446,45
84,36
239,47
193,17
206,34
303,14
470,23
247,56
275,15
355,31
146,0
1132,45
96,36
363,47
236,17
201,34
330,14
530,23
294,56
234,15
306,31
159,0
418,45
89,36
200,47
231,17
129,34
449,14
489,23
335,56
202,15
201,31
195,0
406,45
79,36
180,47
217,17
266,34
326,14
494,23
336,56
158,15
263,31
196,0
420,45
71,36
207,47
222,17
166,34
310,14
897,23
421,56
211,15
224,31
209,0
381,45
81,36
197,47
234,17
123,34
286,14
450,23
290,56
296,15
315,31
176,0
455,45
90,36
270,47
206,17
198,34
302,14
449,23
314,56
202,15
208,31
213,0
431,45
66,36
179,47
245,17
188,34
399,14
698,23
374,56
220,15
255,31
231,0
349,45
85,36
192,47
221,17
139,34
291,14
478,23
345,56
279,15
261,31
218,0
367,45
58,36
213,47
234,17
200,34
291,14
441,23
283,56
245,15
186,31
198,0
348,45
81,36
199,47
228,17
144,34
315,14
421,23
290,56
260,15
276,31
195,0
465,45
113,36
386,47
198,17
224,34
653,14
444,23
310,56
227,15
275,31
202,0
382,45
80,36
226,47
223,17
185,34
275,14
465,23
276,56
298,15
283,31
247,0
418,45
92,36
246,47
222,17
180,34
629,14
490,23
317,56
445,15
299,31
277,0
327,45
98,36
268,47
249,17
193,34
299,14
435,23
322,56
261,15
211,31
202,0
381,45
71,36
571,47
168,17
203,34
289,14
476,23
278,56
261,15
202,31
212,0
424,45
52,36
223,47
239,17
159,34
274,14
427,23
377,56
200,15
232,31
225,0
372,45
63,36
259,47
220,17
152,34
276,14
483,23
251,56
321,15
176,31
218,0
770,45
87,36
273,47
234,17
196,34
326,14
481,23
280,56
280,15
200,31
190,0
425,45
61,36
222,47
242,17
137,34
322,14
421,23
243,56
292,15
106,31
851,0
321,45
54,36
223,47
268,17
200,34
1267,14
992,23
577,56
214,15
241,31
236,0
453,45
89,36
267,47
260,17
189,34
664,14
568,23
366,56
282,15
201,31
257,0
428,45
61,36
404,47
268,17
155,34
419,14
481,23
255,56
322,15
226,31
189,0
430,45
85,36
201,47
262,17
165,34
328,14
524,23
351,56
239,15
236,31
216,0
404,45
69,36
281,47
250,17
221,34
468,14
512,23
272,56
262,15
221,31
190,0
422,45
42,36
253,47
217,17
159,34
336,14
536,23
314,56
318,15
240,31
191,0
468,45
95,36
208,47
206,17
148,34
342,14
428,23
316,56
216,15
235,31
206,0
388,45
85,36
234,47
183,17
146,34
295,14
426,23
326,56
217,15
230,31
187,0
398,45
74,36
239,47
203,17
160,34
359,14
436,23
357,56
120,15
321,31
194,0
353,45
88,36
206,47
187,17
165,34
269,14
437,23
271,56
222,15
243,31
172,0
308,45
82,36
218,47
197,17
152,34
294,14
400,23
272,56
262,15
221,31
163,0
398,45
84,36
217,47
213,17
151,34
265,14
450,23
382,56
186,15
183,31
539,0
290,45
86,36
231,47
214,17
221,34
412,14
439,23
322,56
316,15
289,31
449,0
451,45
86,36
197,47
443,17
1759,34
762,14
444,23
274,56
198,15
214,31
197,0
429,45
97,36
240,47
336,17
207,34
417,14
404,23
405,56
138,15
273,31
190,0
408,45
88,36
189,47
277,17
232,34
469,14
471,23
383,56
132,15
645,31
509,0
638,45
91,36
227,47
325,17
181,34
324,14
485,23
281,56
209,15
246,31
168,0
497,45
74,36
212,47
277,17
382,34
377,14
493,23
273,56
236,15
242,31
193,0
417,45
67,36
180,47
272,17
128,34
293,14
413,23
259,56
186,15
234,31
185,0
411,45
99,36
196,47
236,17
116,34
305,14
475,23
314,56
223,15
217,31
172,0
391,45
80,36
232,47
225,17
206,34
452,14
481,23
264,56
231,15
265,31
162,0
381,45
102,36
202,47
201,17
235,34
264,14
385,23
300,56
226,15
205,31
204,0
402,45
72,36
222,47
282,17
182,34
750,14
476,23
402,56
240,15
203,31
237,0
407,45
82,36
293,47
236,17
177,34
329,14
532,23
362,56
291,15
217,31
222,0
395,45
84,36
242,47
232,17
513,34
382,14
521,23
286,56
263,15
225,31
201,0
723,45
101,36
262,47
229,17
187,34
312,14
399,23
540,56
172,15
291,31
222,0
359,45
94,36
195,47
203,17
162,34
739,14
426,23
261,56
195,15
277,31
159,0
602,45
75,36
209,47
210,17
118,34
343,14
414,23
301,56
208,15
231,31
155,0
373,45
33,36
225,47
191,17
135,34
859,14
491,23
294,56
166,15
190,31
180,0
360,45
67,36
183,47
215,17
129,34
671,14
415,23
355,56
303,15
173,31
184,0
448,45
67,36
173,47
222,17
197,34
229,14
419,23
334,56
254,15
267,31
181,0
394,45
92,36
182,47
230,17
338,34
431,14
475,23
310,56
217,15
213,31
201,0
401,45
71,36
189,47
266,17
146,34
289,14
440,23
286,56
196,15
282,31
181,0
437,45
58,36
193,47
247,17
1102,34
551,14
440,23
333,56
171,15
240,31
202,0
410,45
88,36
156,47
250,17
121,34
352,14
434,23
326,56
259,15
231,31
204,0
433,45
76,36
201,47
225,17
142,34
384,14
479,23
306,56
196,15
229,31
175,0
431,45
49,36
247,47
192,17
202,34
512,14
491,23
342,56
212,15
184,31
204,0
378,45
69,36
217,47
224,17
327,34
390,14
437,23
363,56
192,15
228,31
164,0
403,45
62,36
264,47
207,17
158,34
288,14
430,23
322,56
207,15
216,31
151,0
364,45
78,36
225,47
185,17
171,34
377,14
411,23
355,56
186,15
207,31
189,0
374,45
69,36
226,47
287,17
350,34
387,14
602,23
352,56
194,15
293,31
204,0
464,45
70,36
311,47
252,17
248,34
349,14
431,23
354,56
267,15
278,31
146,0
434,45
78,36
199,47
242,17
173,34
311,14
419,23
255,56
268,15
241,31
162,0
478,45
63,36
288,47
276,17
895,34
578,14
534,23
359,56
229,15
315,31
161,0
497,45
81,36
234,47
240,17
166,34
319,14
442,23
317,56
214,15
262,31
119,0
754,45
107,36
248,47
186,17
956,34
429,14
453,23
431,56
194,15
255,31
220,0
334,45
80,36
272,47
226,17
366,34
557,14
671,23
343,56
162,15
270,31
212,0
426,45
68,36
266,47
150,17
173,34
318,14
421,23
336,56
227,15
204,31
210,0
379,45
42,36
257,47
188,17
163,34
358,14
413,23
279,56
282,15
238,31
190,0
392,45
55,36
229,47
175,17
152,34
302,14
390,23
291,56
205,15
216,31
139,0
362,45
83,36
209,47
236,17
296,34
300,14
385,23
349,56
191,15
188,31
156,0
388,45
63,36
187,47
289,17
476,34
298,14
458,23
325,56
200,15
193,31
165,0
391,45
67,36
190,47
211,17
122,34
277,14
422,23
342,56
181,15
235,31
205,0
380,45
63,36
200,47
206,17
363,34
363,14
447,23
298,56
220,15
218,31
153,0
704,45
86,36
271,47
221,17
204,34
311,14
405,23
352,56
279,15
64,31
164,0
540,45
79,36
260,47
185,17
161,34
261,14
424,23
420,56
198,15
217,31
171,0
345,45
53,36
195,47
223,17
113,34
265,14
380,23
284,56
252,15
187,31
199,0
401,45
61,36
224,47
205,17
359,34
360,14
361,23
310,56
243,15
251,31
253,0
405,45
77,36
188,47
232,17
123,34
279,14
366,23
248,56
324,15
196,31
206,0
359,45
83,36
189,47
234,17
145,34
336,14
435,23
387,56
253,15
182,31
167,0
417,45
76,36
221,47
192,17
112,34
308,14
382,23
353,56
207,15
196,31
131,0
416,45
92,36
218,47
172,17
145,34
277,14
469,23
309,56
259,15
258,31
139,0
399,45
59,36
204,47
276,17
84,34
307,14
431,23
437,56
230,15
283,31
178,0
390,45
79,36
480,47
180,17
177,34
294,14
452,23
378,56
243,15
193,31
166,0
354,45
106,36
251,47
575,17
381,34
369,14
450,23
371,56
217,15
255,31
143,0
442,45
84,36
466,47
285,17
239,34
274,14
463,23
308,56
212,15
237,31
248,0
489,45
64,36
218,47
231,17
163,34
318,14
483,23
296,56
282,15
294,31
171,0
349,45
76,36
296,47
185,17
360,34
737,14
583,23
385,56
248,15
233,31
258,0
404,45
68,36
713,47
193,17
178,34
342,14
566,23
328,56
196,15
277,31
188,0
376,45
87,36
238,47
203,17
203,34
402,14
473,23
360,56
168,15
301,31
160,0
337,45
72,36
243,47
234,17
235,34
410,14
522,23
319,56
212,15
315,31
280,0
417,45
86,36
388,47
236,17
164,34
370,14
456,23
374,56
188,15
246,31
192,0
359,45
86,36
256,47
189,17
186,34
437,14
683,23
372,56
244,15
292,31
224,0
305,45
86,36
249,47
216,17
167,34
342,14
457,23
297,56
186,15
217,31
154,0
364,45
67,36
201,47
260,17
192,34
340,14
431,23
610,56
208,15
316,31
513,0
392,45
10,36
181,47
196,17
132,34
684,14
489,23
320,56
234,15
187,31
182,0
375,45
70,36
286,47
194,17
176,34
1346,14
864,23
313,56
187,15
277,31
182,0
348,45
85,36
219,47
247,17
214,34
399,14
434,23
312,56
232,15
174,31
166,0
401,45
105,36
377,47
429,17
195,34
280,14
506,23
347,56
200,15
212,31
189,0
459,45
100,36
223,47
248,17
678,34
329,14
447,23
390,56
164,15
239,31
203,0
419,45
71,36
236,47
201,17
191,34
330,14
486,23
338,56
269,15
228,31
206,0
686,45
109,36
320,47
166,17
164,34
265,14
502,23
340,56
232,15
256,31
171,0
419,45
89,36
248,47
187,17
157,34
389,14
514,23
290,56
206,15
269,31
155,0
376,45
77,36
291,47
222,17
149,34
327,14
473,23
300,56
220,15
220,31
192,0
375,45
90,36
284,47
207,17
346,34
331,14
376,23
302,56
228,15
201,31
162,0
390,45
97,36
242,47
224,17
159,34
243,14
437,23
282,56
205,15
241,31
174,0
716,45
104,36
371,47
368,17
1252,34
362,14
438,23
395,56
178,15
126,31
227,0
404,45
76,36
289,47
278,17
144,34
299,14
386,23
374,56
184,15
226,31
218,0
310,45
98,36
251,47
272,17
153,34
938,14
691,23
460,56
255,15
234,31
220,0
481,45
102,36
160,47
234,17
106,34
288,14
837,23
434,56
242,15
195,31
168,0
388,45
58,36
232,47
172,17
141,34
871,14
503,23
294,56
199,15
241,31
167,0
381,45
98,36
166,47
293,17
210,34
553,14
643,23
462,56
191,15
263,31
199,0
368,45
81,36
257,47
215,17
148,34
291,14
444,23
269,56
227,15
216,31
187,0
376,45
64,36
260,47
167,17
158,34
570,14
456,23
242,56
199,15
162,31
161,0
382,45
72,36
190,47
247,17
104,34
318,14
444,23
239,56
243,15
192,31
175,0
673,45
107,36
321,47
218,17
190,34
376,14
400,23
336,56
171,15
218,31
145,0
339,45
79,36
197,47
251,17
121,34
346,14
390,23
237,56
267,15
95,31
168,0
342,45
73,36
199,47
196,17
148,34
552,14
515,23
417,56
219,15
181,31
174,0
377,45
70,36
203,47
199,17
127,34
276,14
405,23
298,56
391,15
234,31
235,0
329,45
86,36
187,47
233,17
148,34
402,14
434,23
265,56
230,15
253,31
168,0
339,45
89,36
186,47
179,17
165,34
317,14
398,23
270,56
342,15
214,31
226,0
340,45
91,36
250,47
210,17
123,34
325,14
437,23
305,56
339,15
171,31
179,0
329,45
76,36
167,47
221,17
144,34
213,14
361,23
281,56
291,15
191,31
212,0
399,45
80,36
284,47
200,17
163,34
533,14
371,23
343,56
209,15
182,31
226,0
579,45
33,36
225,47
172,17
173,34
175,14
374,23
343,56
179,15
187,31
193,0
368,45
81,36
187,47
202,17
141,34
286,14
558,23
288,56
262,15
215,31
152,0
433,45
81,36
170,47
229,17
194,34
415,14
461,23
264,56
338,15
98,31
412,0
535,45
94,36
217,47
241,17
819,34
367,14
483,23
297,56
242,15
207,31
234,0
434,45
84,36
216,47
204,17
307,34
481,14
443,23
408,56
187,15
202,31
189,0
354,45
73,36
180,47
212,17
260,34
386,14
451,23
305,56
189,15
199,31
188,0
341,45
83,36
206,47
214,17
171,34
443,14
541,23
274,56
157,15
284,31
133,0
388,45
72,36
125,47
290,17
160,34
355,14
403,23
307,56
203,15
186,31
189,0
363,45
85,36
236,47
191,17
202,34
395,14
429,23
298,56
280,15
212,31
210,0
356,45
80,36
150,47
366,17
622,34
366,14
439,23
250,56
225,15
203,31
176,0
334,45
77,36
211,47
194,17
156,34
260,14
385,23
302,56
289,15
229,31
181,0
339,45
53,36
386,47
194,17
182,34
299,14
421,23
329,56
173,15
205,31
192,0
312,45
67,36
222,47
199,17
576,34
289,14
453,23
292,56
168,15
220,31
223,0
353,45
79,36
178,47
282,17
211,34
344,14
438,23
549,56
197,15
203,31
178,0
334,45
75,36
185,47
231,17
317,34
308,14
363,23
317,56
149,15
310,31
250,0
359,45
85,36
213,47
259,17
369,34
387,14
413,23
358,56
180,15
203,31
153,0
422,45
96,36
223,47
209,17
151,34
326,14
421,23
324,56
212,15
205,31
193,0
358,45
78,36
185,47
206,17
154,34
293,14
423,23
351,56
216,15
211,31
147,0
320,45
84,36
157,47
206,17
123,34
323,14
397,23
274,56
226,15
230,31
151,0
324,45
76,36
293,47
204,17
153,34
256,14
354,23
344,56
207,15
241,31
162,0
367,45
83,36
197,47
216,17
581,34
315,14
450,23
410,56
198,15
232,31
234,0
349,45
86,36
151,47
237,17
147,34
251,14
419,23
354,56
241,15
179,31
201,0
395,45
67,36
304,47
191,17
191,34
279,14
362,23
317,56
219,15
172,31
248,0
342,45
75,36
376,47
265,17
323,34
311,14
400,23
345,56
228,15
220,31
157,0
490,45
73,36
484,47
507,17
367,34
266,14
393,23
269,56
305,15
200,31
164,0
342,45
86,36
146,47
202,17
660,34
421,14
512,23
325,56
177,15
254,31
205,0
360,45
78,36
212,47
312,17
413,34
350,14
414,23
299,56
269,15
242,31
218,0
360,45
80,36
236,47
199,17
205,34
338,14
413,23
359,56
295,15
195,31
197,0
360,45
91,36
222,47
222,17
152,34
287,14
392,23
270,56
211,15
222,31
181,0
450,45
77,36
190,47
219,17
118,34
364,14
413,23
418,56
226,15
217,31
172,0
305,45
95,36
805,47
712,17
677,34
826,14
803,23
743,56
640,15
596,31
611,0
582,45
99,36
225,47
251,17
115,34
360,14
453,23
324,56
223,15
203,31
188,0
367,45
95,36
194,47
258,17
210,34
304,14
407,23
302,56
244,15
224,31
163,0
340,45
84,36
289,47
287,17
233,34
324,14
385,23
388,56
208,15
222,31
180,0
389,45
104,36
371,47
318,17
125,34
288,14
497,23
297,56
221,15
188,31
193,0
620,45
71,36
320,47
294,17
493,34
332,14
587,23
327,56
231,15
205,31
239,0
314,45
111,36
241,47
229,17
191,34
494,14
465,23
343,56
132,15
318,31
195,0
434,45
72,36
326,47
229,17
226,34
301,14
513,23
298,56
228,15
196,31
205,0
382,45
83,36
231,47
229,17
237,34
352,14
507,23
312,56
227,15
189,31
177,0
709,45
103,36
