568,47
650,17
931,34
408,14
1029,23
572,56
711,15
261,31
308,0
668,45
65,36
795,47
744,17
433,34
571,14
593,23
303,56
262,15
304,31
287,0
679,45
85,36
503,47
296,17
403,34
534,14
447,23
273,56
220,15
329,31
280,0
534,45
76,36
453,47
229,17
334,34
356,14
432,23
252,56
185,15
277,31
281,0
496,45
75,36
402,47
262,17
225,34
348,14
412,23
249,56
169,15
276,31
239,0
708,45
88,36
420,47
947,17
281,34
326,14
437,23
296,56
158,15
272,31
251,0
515,45
89,36
407,47
588,17
311,34
699,14
344,23
299,56
169,15
279,31
281,0
551,45
96,36
469,47
261,17
183,34
309,14
366,23
347,56
504,15
246,31
248,0
437,45
87,36
410,47
201,17
234,34
380,14
505,23
332,56
196,15
289,31
344,0
564,45
98,36
400,47
253,17
277,34
417,14
355,23
345,56
518,15
259,31
296,0
454,45
78,36
419,47
272,17
275,34
321,14
387,23
535,56
217,15
562,31
720,0
395,45
88,36
385,47
225,17
236,34
295,14
355,23
330,56
196,15
302,31
304,0
458,45
76,36
418,47
226,17
269,34
286,14
349,23
292,56
161,15
285,31
319,0
455,45
73,36
439,47
238,17
283,34
365,14
424,23
317,56
228,15
317,31
326,0
477,45
84,36
410,47
201,17
253,34
280,14
395,23
307,56
174,15
266,31
298,0
479,45
104,36
396,47
226,17
243,34
351,14
356,23
282,56
158,15
247,31
265,0
420,45
105,36
332,47
1512,17
218,34
285,14
379,23
245,56
170,15
275,31
281,0
448,45
86,36
428,47
244,17
345,34
280,14
307,23
290,56
174,15
249,31
315,0
459,45
85,36
420,47
275,17
269,34
362,14
386,23
323,56
170,15
279,31
376,0
521,45
100,36
425,47
249,17
260,34
329,14
366,23
261,56
172,15
264,31
404,0
468,45
102,36
392,47
252,17
296,34
356,14
382,23
220,56
177,15
293,31
325,0
464,45
104,36
400,47
236,17
258,34
346,14
344,23
289,56
172,15
269,31
278,0
566,45
101,36
428,47
238,17
249,34
259,14
259,23
282,56
179,15
255,31
244,0
479,45
98,36
391,47
264,17
295,34
352,14
345,23
217,56
167,15
285,31
311,0
539,45
99,36
408,47
232,17
248,34
276,14
308,23
308,56
164,15
261,31
423,0
593,45
98,36
424,47
258,17
238,34
365,14
322,23
281,56
177,15
267,31
331,0
489,45
104,36
448,47
249,17
274,34
303,14
304,23
256,56
195,15
275,31
239,0
611,45
109,36
420,47
248,17
312,34
270,14
289,23
251,56
187,15
288,31
312,0
712,45
104,36
415,47
187,17
702,34
460,14
344,23
233,56
176,15
273,31
381,0
589,45
99,36
411,47
236,17
279,34
287,14
283,23
254,56
159,15
276,31
256,0
649,45
104,36
450,47
271,17
383,34
276,14
324,23
308,56
189,15
247,31
276,0
686,45
106,36
380,47
259,17
272,34
396,14
740,23
255,56
223,15
288,31
366,0
561,45
85,36
412,47
252,17
282,34
631,14
983,23
304,56
187,15
242,31
568,0
482,45
91,36
425,47
240,17
296,34
231,14
331,23
308,56
192,15
244,31
492,0
570,45
89,36
440,47
257,17
289,34
260,14
368,23
270,56
185,15
262,31
596,0
463,45
100,36
367,47
265,17
286,34
348,14
381,23
293,56
168,15
260,31
439,0
553,45
106,36
427,47
242,17
273,34
378,14
374,23
280,56
187,15
250,31
527,0
555,45
101,36
396,47
189,17
266,34
538,14
514,23
275,56
244,15
592,31
412,0
440,45
80,36
450,47
260,17
323,34
247,14
282,23
234,56
147,15
242,31
446,0
438,45
92,36
398,47
250,17
267,34
347,14
330,23
333,56
631,15
279,31
376,0
491,45
77,36
400,47
197,17
278,34
280,14
295,23
333,56
261,15
287,31
430,0
457,45
86,36
426,47
235,17
285,34
264,14
346,23
284,56
235,15
279,31
318,0
458,45
86,36
422,47
272,17
343,34
273,14
370,23
294,56
189,15
491,31
367,0
390,45
96,36
398,47
232,17
309,34
297,14
318,23
324,56
186,15
257,31
447,0
439,45
80,36
426,47
236,17
278,34
483,14
294,23
329,56
279,15
251,31
287,0
422,45
69,36
404,47
195,17
253,34
245,14
319,23
290,56
182,15
242,31
345,0
423,45
99,36
426,47
235,17
287,34
354,14
650,23
224,56
154,15
267,31
387,0
418,45
92,36
360,47
207,17
253,34
346,14
381,23
295,56
191,15
226,31
268,0
456,45
85,36
426,47
226,17
274,34
348,14
673,23
279,56
204,15
237,31
399,0
439,45
96,36
414,47
257,17
238,34
318,14
344,23
280,56
200,15
200,31
242,0
499,45
102,36
715,47
198,17
415,34
1095,14
438,23
451,56
272,15
1208,31
240,0
352,45
88,36
778,47
244,17
307,34
481,14
512,23
272,56
136,15
244,31
261,0
453,45
96,36
347,47
257,17
199,34
356,14
460,23
787,56
199,15
380,31
240,0
360,45
69,36
339,47
248,17
233,34
829,14
422,23
358,56
248,15
334,31
322,0
397,45
77,36
432,47
235,17
241,34
432,14
495,23
257,56
158,15
252,31
253,0
404,45
78,36
385,47
240,17
188,34
288,14
486,23
274,56
177,15
249,31
268,0
406,45
80,36
309,47
239,17
199,34
285,14
558,23
393,56
178,15
259,31
210,0
472,45
92,36
303,47
248,17
173,34
241,14
479,23
289,56
200,15
178,31
261,0
434,45
69,36
346,47
248,17
166,34
390,14
461,23
291,56
160,15
216,31
297,0
418,45
82,36
407,47
237,17
162,34
265,14
358,23
271,56
120,15
260,31
274,0
365,45
74,36
338,47
238,17
151,34
615,14
450,23
299,56
230,15
235,31
288,0
419,45
72,36
326,47
229,17
205,34
994,14
362,23
295,56
158,15
204,31
275,0
453,45
69,36
326,47
1075,17
402,34
291,14
416,23
253,56
189,15
205,31
322,0
393,45
76,36
278,47
282,17
184,34
399,14
390,23
258,56
153,15
235,31
257,0
469,45
76,36
335,47
278,17
269,34
1030,14
382,23
281,56
131,15
227,31
238,0
401,45
86,36
319,47
417,17
238,34
345,14
419,23
283,56
185,15
181,31
257,0
368,45
76,36
331,47
1363,17
319,34
388,14
464,23
251,56
146,15
223,31
250,0
478,45
81,36
314,47
248,17
253,34
289,14
370,23
298,56
188,15
304,31
414,0
434,45
84,36
755,47
227,17
212,34
241,14
356,23
308,56
166,15
245,31
224,0
430,45
83,36
324,47
237,17
216,34
295,14
387,23
311,56
267,15
225,31
241,0
412,45
48,36
333,47
267,17
223,34
731,14
364,23
670,56
250,15
203,31
275,0
404,45
76,36
400,47
271,17
302,34
325,14
457,23
302,56
172,15
237,31
253,0
442,45
92,36
393,47
267,17
228,34
289,14
446,23
326,56
228,15
213,31
290,0
476,45
72,36
387,47
275,17
258,34
283,14
393,23
334,56
270,15
229,31
331,0
495,45
77,36
314,47
283,17
223,34
301,14
375,23
288,56
203,15
262,31
269,0
458,45
71,36
336,47
288,17
236,34
256,14
352,23
337,56
225,15
212,31
252,0
467,45
88,36
311,47
270,17
237,34
250,14
357,23
297,56
214,15
205,31
276,0
432,45
78,36
757,47
261,17
223,34
267,14
347,23
324,56
161,15
203,31
285,0
408,45
73,36
300,47
221,17
238,34
259,14
327,23
300,56
172,15
236,31
287,0
411,45
78,36
310,47
219,17
194,34
238,14
419,23
223,56
187,15
212,31
296,0
393,45
68,36
366,47
278,17
177,34
271,14
384,23
267,56
170,15
206,31
328,0
406,45
83,36
367,47
209,17
234,34
276,14
360,23
305,56
203,15
196,31
285,0
644,45
96,36
279,47
236,17
160,34
286,14
329,23
361,56
122,15
230,31
283,0
446,45
67,36
316,47
200,17
194,34
272,14
321,23
339,56
224,15
243,31
267,0
483,45
75,36
319,47
254,17
276,34
294,14
392,23
307,56
199,15
212,31
318,0
526,45
87,36
337,47
220,17
215,34
266,14
352,23
350,56
127,15
336,31
299,0
494,45
86,36
387,47
253,17
227,34
743,14
493,23
290,56
115,15
241,31
344,0
490,45
112,36
297,47
272,17
284,34
410,14
908,23
291,56
262,15
248,31
347,0
444,45
84,36
359,47
267,17
252,34
291,14
449,23
281,56
190,15
203,31
350,0
528,45
88,36
327,47
267,17
313,34
306,14
561,23
224,56
165,15
211,31
277,0
429,45
82,36
346,47
254,17
279,34
393,14
475,23
303,56
169,15
194,31
316,0
451,45
68,36
364,47
238,17
255,34
291,14
341,23
320,56
174,15
276,31
294,0
431,45
95,36
307,47
285,17
324,34
783,14
1033,23
333,56
159,15
246,31
590,0
409,45
86,36
271,47
253,17
216,34
291,14
395,23
481,56
222,15
184,31
242,0
385,45
70,36
314,47
294,17
240,34
329,14
555,23
277,56
177,15
209,31
328,0
551,45
73,36
267,47
284,17
238,34
450,14
346,23
282,56
151,15
209,31
320,0
446,45
59,36
302,47
239,17
219,34
268,14
368,23
316,56
188,15
216,31
322,0
513,45
68,36
342,47
293,17
230,34
279,14
377,23
274,56
203,15
202,31
289,0
442,45
91,36
351,47
274,17
295,34
339,14
422,23
203,56
193,15
188,31
297,0
415,45
86,36
604,47
258,17
234,34
304,14
430,23
273,56
219,15
189,31
380,0
482,45
91,36
412,47
256,17
335,34
499,14
824,23
265,56
281,15
1102,31
218,0
871,45
115,36
411,47
263,17
247,34
311,14
455,23
309,56
169,15
268,31
288,0
398,45
80,36
350,47
328,17
236,34
313,14
405,23
266,56
186,15
334,31
418,0
446,45
78,36
260,47
286,17
225,34
308,14
433,23
283,56
148,15
305,31
304,0
388,45
73,36
352,47
284,17
244,34
264,14
390,23
268,56
198,15
293,31
320,0
454,45
81,36
319,47
552,17
310,34
403,14
390,23
302,56
176,15
278,31
314,0
423,45
62,36
337,47
225,17
236,34
307,14
387,23
298,56
177,15
252,31
276,0
420,45
33,36
496,47
243,17
223,34
297,14
400,23
297,56
277,15
595,31
317,0
426,45
57,36
416,47
1136,17
235,34
287,14
338,23
752,56
222,15
262,31
382,0
744,45
99,36
514,47
260,17
235,34
357,14
357,23
272,56
211,15
262,31
335,0
459,45
87,36
364,47
308,17
264,34
255,14
387,23
303,56
173,15
285,31
363,0
487,45
118,36
346,47
345,17
224,34
271,14
390,23
309,56
305,15
261,31
314,0
424,45
90,36
357,47
337,17
1715,34
537,14
591,23
353,56
210,15
237,31
358,0
436,45
123,36
352,47
361,17
283,34
349,14
410,23
288,56
266,15
273,31
326,0
466,45
73,36
367,47
286,17
268,34
400,14
448,23
374,56
386,15
264,31
340,0
363,45
91,36
324,47
300,17
252,34
373,14
489,23
328,56
258,15
271,31
313,0
460,45
64,36
330,47
362,17
169,34
368,14
417,23
336,56
263,15
251,31
294,0
462,45
61,36
320,47
309,17
249,34
295,14
368,23
281,56
243,15
230,31
311,0
428,45
90,36
342,47
319,17
234,34
333,14
352,23
246,56
239,15
255,31
251,0
406,45
93,36
320,47
306,17
246,34
1163,14
371,23
231,56
184,15
243,31
347,0
357,45
120,36
320,47
338,17
232,34
359,14
431,23
222,56
189,15
225,31
326,0
435,45
124,36
349,47
313,17
261,34
317,14
385,23
238,56
240,15
229,31
308,0
457,45
71,36
330,47
309,17
275,34
287,14
387,23
242,56
208,15
227,31
365,0
479,45
86,36
341,47
328,17
230,34
272,14
384,23
218,56
259,15
220,31
314,0
414,45
127,36
309,47
311,17
262,34
279,14
369,23
259,56
245,15
203,31
272,0
458,45
85,36
333,47
294,17
253,34
275,14
348,23
276,56
193,15
207,31
282,0
401,45
113,36
314,47
312,17
230,34
264,14
366,23
318,56
120,15
401,31
292,0
375,45
58,36
332,47
309,17
246,34
286,14
373,23
243,56
244,15
225,31
326,0
403,45
79,36
324,47
305,17
249,34
261,14
346,23
257,56
207,15
193,31
408,0
490,45
74,36
274,47
297,17
241,34
279,14
351,23
265,56
225,15
207,31
333,0
385,45
71,36
312,47
328,17
255,34
299,14
354,23
278,56
227,15
222,31
315,0
399,45
93,36
333,47
305,17
222,34
288,14
359,23
283,56
216,15
215,31
278,0
392,45
99,36
335,47
320,17
221,34
271,14
337,23
282,56
221,15
221,31
312,0
426,45
75,36
318,47
335,17
237,34
258,14
350,23
287,56
207,15
218,31
312,0
401,45
82,36
310,47
304,17
207,34
266,14
317,23
269,56
252,15
194,31
278,0
407,45
87,36
296,47
344,17
252,34
272,14
328,23
288,56
217,15
222,31
280,0
390,45
97,36
485,47
330,17
245,34
288,14
394,23
327,56
248,15
371,31
440,0
400,45
77,36
306,47
293,17
219,34
270,14
345,23
290,56
418,15
245,31
222,0
368,45
90,36
350,47
295,17
211,34
258,14
342,23
335,56
364,15
212,31
266,0
366,45
97,36
321,47
285,17
199,34
296,14
346,23
375,56
252,15
239,31
270,0
404,45
63,36
341,47
245,17
236,34
258,14
412,23
298,56
234,15
215,31
283,0
803,45
120,36
310,47
334,17
262,34
310,14
493,23
278,56
206,15
234,31
1042,0
458,45
110,36
325,47
313,17
262,34
311,14
456,23
281,56
258,15
225,31
346,0
438,45
92,36
339,47
315,17
221,34
290,14
474,23
336,56
261,15
218,31
382,0
480,45
113,36
306,47
321,17
241,34
314,14
540,23
444,56
278,15
220,31
275,0
451,45
77,36
304,47
356,17
244,34
268,14
597,23
263,56
185,15
212,31
284,0
414,45
164,36
363,47
294,17
356,34
730,14
488,23
304,56
234,15
229,31
286,0
438,45
78,36
335,47
302,17
227,34
338,14
393,23
285,56
236,15
201,31
322,0
448,45
75,36
308,47
329,17
264,34
344,14
391,23
287,56
221,15
192,31
307,0
417,45
84,36
309,47
310,17
217,34
370,14
427,23
304,56
229,15
218,31
283,0
615,45
133,36
530,47
236,17
262,34
350,14
425,23
239,56
220,15
259,31
241,0
380,45
68,36
350,47
276,17
197,34
269,14
342,23
269,56
167,15
238,31
236,0
361,45
61,36
330,47
272,17
186,34
297,14
329,23
266,56
187,15
225,31
204,0
349,45
72,36
319,47
245,17
177,34
280,14
299,23
313,56
153,15
240,31
246,0
357,45
71,36
340,47
266,17
165,34
235,14
291,23
283,56
191,15
241,31
222,0
1247,45
73,36
358,47
213,17
185,34
258,14
315,23
283,56
210,15
213,31
253,0
423,45
111,36
372,47
223,17
207,34
238,14
328,23
278,56
204,15
238,31
270,0
411,45
71,36
307,47
238,17
182,34
255,14
308,23
327,56
248,15
254,31
242,0
392,45
82,36
348,47
263,17
191,34
243,14
352,23
256,56
236,15
207,31
269,0
419,45
94,36
338,47
299,17
374,34
333,14
498,23
245,56
206,15
212,31
262,0
399,45
71,36
405,47
235,17
195,34
258,14
345,23
219,56
240,15
179,31
229,0
348,45
98,36
309,47
222,17
1230,34
357,14
467,23
237,56
174,15
203,31
236,0
322,45
83,36
341,47
250,17
200,34
291,14
359,23
316,56
236,15
238,31
233,0
384,45
104,36
282,47
236,17
259,34
333,14
388,23
256,56
224,15
178,31
258,0
336,45
85,36
356,47
241,17
197,34
322,14
349,23
259,56
213,15
175,31
230,0
365,45
83,36
322,47
220,17
188,34
258,14
305,23
270,56
221,15
159,31
262,0
359,45
91,36
286,47
252,17
194,34
303,14
375,23
267,56
231,15
242,31
235,0
355,45
72,36
271,47
291,17
230,34
267,14
308,23
254,56
218,15
189,31
240,0
384,45
54,36
330,47
230,17
180,34
275,14
299,23
278,56
201,15
206,31
242,0
371,45
103,36
310,47
211,17
219,34
255,14
324,23
299,56
230,15
213,31
232,0
364,45
57,36
341,47
256,17
283,34
499,14
483,23
257,56
217,15
203,31
613,0
416,45
96,36
232,47
249,17
177,34
305,14
309,23
287,56
174,15
205,31
1188,0
424,45
97,36
232,47
242,17
212,34
289,14
329,23
255,56
195,15
188,31
304,0
451,45
90,36
282,47
389,17
283,34
407,14
346,23
254,56
196,15
201,31
258,0
391,45
87,36
326,47
239,17
191,34
285,14
301,23
280,56
214,15
243,31
239,0
370,45
48,36
280,47
307,17
222,34
319,14
305,23
289,56
204,15
191,31
257,0
410,45
70,36
262,47
227,17
194,34
339,14
475,23
263,56
241,15
148,31
254,0
349,45
83,36
275,47
254,17
188,34
266,14
299,23
247,56
199,15
132,31
284,0
397,45
80,36
270,47
229,17
209,34
330,14
319,23
286,56
183,15
170,31
278,0
385,45
80,36
295,47
1332,17
727,34
292,14
363,23
276,56
207,15
176,31
270,0
368,45
89,36
266,47
270,17
261,34
296,14
385,23
273,56
212,15
151,31
240,0
392,45
115,36
322,47
258,17
224,34
286,14
305,23
331,56
189,15
173,31
296,0
413,45
82,36
324,47
278,17
236,34
288,14
345,23
244,56
197,15
167,31
579,0
386,45
79,36
260,47
294,17
256,34
259,14
312,23
241,56
193,15
194,31
292,0
428,45
102,36
246,47
299,17
352,34
498,14
350,23
400,56
200,15
200,31
234,0
402,45
63,36
383,47
297,17
258,34
288,14
313,23
321,56
189,15
212,31
261,0
400,45
58,36
320,47
249,17
229,34
304,14
326,23
310,56
224,15
184,31
256,0
375,45
100,36
272,47
260,17
327,34
350,14
379,23
291,56
191,15
208,31
259,0
381,45
94,36
350,47
238,17
224,34
315,14
317,23
312,56
198,15
213,31
325,0
399,45
104,36
322,47
270,17
308,34
323,14
363,23
273,56
209,15
193,31
316,0
378,45
100,36
244,47
353,17
385,34
357,14
333,23
265,56
178,15
224,31
279,0
351,45
108,36
299,47
280,17
260,34
303,14
381,23
337,56
195,15
201,31
271,0
420,45
37,36
290,47
308,17
371,34
424,14
360,23
314,56
211,15
197,31
240,0
347,45
110,36
302,47
297,17
274,34
315,14
346,23
266,56
210,15
185,31
261,0
385,45
88,36
286,47
277,17
243,34
291,14
367,23
259,56
193,15
212,31
298,0
380,45
99,36
293,47
303,17
261,34
319,14
341,23
258,56
225,15
205,31
273,0
616,45
107,36
283,47
298,17
305,34
363,14
376,23
320,56
203,15
179,31
265,0
340,45
108,36
279,47
296,17
316,34
348,14
354,23
251,56
199,15
196,31
263,0
340,45
103,36
256,47
256,17
219,34
299,14
296,23
293,56
208,15
190,31
294,0
367,45
94,36
261,47
294,17
377,34
555,14
388,23
313,56
159,15
236,31
227,0
412,45
130,36
809,47
184,17
279,34
271,14
458,23
240,56
437,15
301,31
401,0
385,45
92,36
381,47
220,17
215,34
241,14
392,23
259,56
735,15
218,31
226,0
405,45
94,36
376,47
201,17
163,34
267,14
388,23
201,56
158,15
223,31
255,0
1667,45
77,36
329,47
256,17
226,34
255,14
404,23
234,56
192,15
248,31
271,0
424,45
93,36
222,47
312,17
244,34
241,14
368,23
291,56
222,15
225,31
244,0
381,45
105,36
365,47
252,17
220,34
254,14
512,23
260,56
273,15
250,31
275,0
442,45
89,36
249,47
263,17
204,34
286,14
421,23
243,56
222,15
235,31
258,0
432,45
75,36
280,47
292,17
246,34
224,14
353,23
237,56
198,15
233,31
249,0
338,45
108,36
322,47
271,17
220,34
257,14
332,23
266,56
436,15
248,31
234,0
356,45
80,36
320,47
338,17
395,34
276,14
363,23
227,56
203,15
209,31
216,0
345,45
86,36
331,47
267,17
253,34
280,14
366,23
247,56
212,15
232,31
253,0
355,45
77,36
379,47
285,17
366,34
290,14
364,23
254,56
229,15
202,31
253,0
357,45
84,36
316,47
291,17
268,34
281,14
326,23
266,56
262,15
170,31
222,0
322,45
96,36
334,47
280,17
216,34
302,14
379,23
252,56
247,15
228,31
726,0
466,45
84,36
332,47
274,17
242,34
258,14
332,23
258,56
220,15
210,31
321,0
375,45
41,36
275,47
310,17
221,34
309,14
341,23
275,56
218,15
217,31
265,0
335,45
81,36
317,47
275,17
307,34
297,14
402,23
226,56
210,15
192,31
278,0
350,45
85,36
328,47
313,17
300,34
301,14
382,23
262,56
218,15
191,31
282,0
355,45
75,36
294,47
280,17
231,34
285,14
382,23
270,56
195,15
204,31
262,0
318,45
52,36
344,47
285,17
334,34
321,14
386,23
284,56
198,15
218,31
250,0
339,45
79,36
316,47
310,17
361,34
353,14
559,23
244,56
232,15
209,31
291,0
296,45
109,36
338,47
276,17
238,34
339,14
417,23
282,56
263,15
213,31
277,0
345,45
94,36
275,47
262,17
269,34
317,14
398,23
235,56
211,15
206,31
271,0
340,45
66,36
388,47
246,17
266,34
286,14
419,23
257,56
247,15
213,31
294,0
431,45
92,36
287,47
267,17
222,34
293,14
372,23
304,56
265,15
234,31
308,0
728,45
70,36
311,47
271,17
334,34
290,14
366,23
213,56
246,15
208,31
326,0
356,45
104,36
336,47
270,17
280,34
308,14
440,23
264,56
280,15
221,31
323,0
395,45
72,36
299,47
284,17
255,34
317,14
423,23
241,56
214,15
274,31
340,0
564,45
153,36
278,47
586,17
277,34
319,14
370,23
236,56
240,15
210,31
309,0
365,45
90,36
316,47
245,17
271,34
280,14
352,23
281,56
293,15
222,31
217,0
390,45
125,36
267,47
246,17
232,34
300,14
365,23
281,56
259,15
203,31
278,0
377,45
116,36
288,47
258,17
229,34
278,14
337,23
268,56
246,15
215,31
278,0
344,45
95,36
313,47
275,17
195,34
273,14
318,23
251,56
232,15
178,31
257,0
363,45
70,36
281,47
291,17
127,34
855,14
622,23
204,56
210,15
212,31
205,0
323,45
77,36
275,47
213,17
188,34
288,14
368,23
250,56
266,15
186,31
326,0
287,45
102,36
342,47
228,17
169,34
245,14
371,23
251,56
253,15
165,31
246,0
1228,45
86,36
301,47
173,17
203,34
260,14
313,23
262,56
245,15
187,31
271,0
317,45
73,36
288,47
233,17
206,34
240,14
321,23
272,56
256,15
151,31
223,0
374,45
80,36
333,47
201,17
232,34
283,14
342,23
186,56
270,15
165,31
211,0
340,45
49,36
604,47
219,17
566,34
354,14
509,23
247,56
214,15
221,31
271,0
332,45
80,36
317,47
199,17
189,34
280,14
360,23
203,56
269,15
174,31
256,0
346,45
71,36
255,47
220,17
210,34
271,14
389,23
193,56
219,15
146,31
296,0
361,45
81,36
299,47
215,17
178,34
274,14
385,23
206,56
227,15
178,31
261,0
354,45
58,36
289,47
256,17
204,34
259,14
358,23
199,56
204,15
213,31
214,0
332,45
70,36
254,47
217,17
215,34
284,14
314,23
248,56
224,15
191,31
222,0
324,45
73,36
290,47
231,17
204,34
279,14
327,23
231,56
193,15
212,31
238,0
335,45
78,36
373,47
222,17
184,34
286,14
310,23
228,56
233,15
204,31
213,0
332,45
75,36
282,47
248,17
197,34
254,14
332,23
236,56
212,15
218,31
260,0
346,45
72,36
306,47
274,17
188,34
266,14
418,23
245,56
268,15
151,31
258,0
320,45
63,36
300,47
258,17
234,34
261,14
316,23
245,56
218,15
204,31
288,0
377,45
49,36
330,47
221,17
248,34
274,14
436,23
270,56
238,15
223,31
313,0
755,45
75,36
361,47
229,17
244,34
273,14
404,23
242,56
214,15
211,31
274,0
1167,45
107,36
320,47
219,17
238,34
230,14
424,23
290,56
254,15
242,31
339,0
459,45
105,36
314,47
248,17
216,34
275,14
425,23
272,56
234,15
191,31
284,0
431,45
103,36
282,47
243,17
248,34
253,14
421,23
280,56
283,15
126,31
430,0
321,45
88,36
317,47
218,17
222,34
239,14
385,23
292,56
235,15
344,31
304,0
371,45
82,36
241,47
298,17
244,34
268,14
365,23
1572,56
365,15
180,31
267,0
804,45
88,36
309,47
262,17
226,34
272,14
377,23
305,56
236,15
265,31
273,0
413,45
108,36
309,47
269,17
210,34
293,14
427,23
299,56
237,15
224,31
306,0
430,45
88,36
260,47
292,17
277,34
350,14
513,23
267,56
218,15
227,31
306,0
364,45
117,36
214,47
262,17
188,34
268,14
422,23
355,56
182,15
327,31
1088,0
501,45
110,36
242,47
356,17
450,34
348,14
528,23
304,56
559,15
216,31
230,0
414,45
82,36
199,47
475,17
346,34
1302,14
405,23
234,56
234,15
270,31
291,0
386,45
119,36
309,47
239,17
213,34
301,14
468,23
330,56
238,15
271,31
297,0
379,45
105,36
301,47
255,17
214,34
371,14
450,23
353,56
257,15
265,31
274,0
441,45
97,36
283,47
273,17
295,34
317,14
377,23
301,56
209,15
295,31
309,0
368,45
93,36
331,47
232,17
211,34
273,14
414,23
364,56
238,15
256,31
294,0
394,45
78,36
267,47
309,17
252,34
286,14
392,23
303,56
213,15
290,31
290,0
443,45
86,36
285,47
268,17
175,34
252,14
329,23
332,56
234,15
251,31
276,0
378,45
87,36
241,47
259,17
197,34
246,14
304,23
375,56
234,15
312,31
1108,0
474,45
81,36
312,47
224,17
234,34
342,14
924,23
220,56
192,15
272,31
235,0
442,45
71,36
267,47
258,17
206,34
281,14
347,23
288,56
237,15
255,31
265,0
356,45
98,36
243,47
251,17
175,34
266,14
368,23
316,56
221,15
270,31
256,0
1041,45
104,36
201,47
234,17
184,34
295,14
521,23
259,56
231,15
221,31
279,0
680,45
94,36
264,47
266,17
297,34
744,14
385,23
231,56
260,15
232,31
280,0
507,45
114,36
306,47
243,17
229,34
310,14
417,23
225,56
287,15
215,31
307,0
433,45
89,36
261,47
266,17
239,34
423,14
462,23
326,56
201,15
220,31
347,0
403,45
106,36
278,47
272,17
213,34
313,14
477,23
332,56
216,15
238,31
294,0
380,45
90,36
260,47
265,17
208,34
340,14
455,23
331,56
198,15
253,31
271,0
433,45
100,36
262,47
255,17
244,34
303,14
464,23
327,56
227,15
204,31
310,0
336,45
101,36
250,47
274,17
246,34
289,14
433,23
295,56
245,15
221,31
277,0
365,45
87,36
237,47
256,17
213,34
294,14
433,23
270,56
244,15
233,31
326,0
328,45
93,36
270,47
262,17
212,34
316,14
434,23
280,56
242,15
229,31
325,0
344,45
99,36
256,47
265,17
229,34
341,14
439,23
303,56
241,15
212,31
246,0
388,45
91,36
255,47
253,17
194,34
294,14
422,23
265,56
230,15
219,31
257,0
356,45
91,36
258,47
255,17
223,34
331,14
503,23
266,56
164,15
212,31
333,0
205,45
78,36
250,47
265,17
253,34
308,14
437,23
326,56
181,15
197,31
248,0
391,45
81,36
238,47
283,17
226,34
346,14
477,23
272,56
259,15
218,31
300,0
361,45
89,36
286,47
249,17
236,34
297,14
373,23
242,56
245,15
201,31
299,0
299,45
102,36
232,47
252,17
175,34
271,14
379,23
326,56
219,15
255,31
249,0
361,45
101,36
225,47
283,17
280,34
343,14
480,23
263,56
242,15
239,31
239,0
345,45
84,36
241,47
285,17
216,34
479,14
485,23
294,56
259,15
287,31
981,0
309,45
80,36
218,47
271,17
197,34
318,14
383,23
261,56
253,15
197,31
275,0
344,45
89,36
261,47
247,17
213,34
284,14
481,23
234,56
255,15
240,31
288,0
398,45
92,36
308,47
231,17
176,34
287,14
390,23
289,56
231,15
228,31
308,0
828,45
91,36
314,47
282,17
238,34
279,14
383,23
385,56
326,15
222,31
245,0
805,45
87,36
277,47
293,17
213,34
314,14
444,23
325,56
260,15
230,31
288,0
407,45
81,36
246,47
238,17
197,34
266,14
462,23
359,56
299,15
228,31
305,0
329,45
99,36
268,47
221,17
216,34
254,14
427,23
309,56
240,15
234,31
287,0
390,45
93,36
317,47
219,17
222,34
326,14
423,23
293,56
244,15
241,31
311,0
551,45
96,36
412,47
247,17
193,34
304,14
376,23
265,56
202,15
218,31
262,0
378,45
71,36
315,47
246,17
213,34
250,14
389,23
258,56
226,15
200,31
247,0
405,45
80,36
293,47
229,17
174,34
279,14
322,23
256,56
203,15
221,31
253,0
333,45
57,36
259,47
232,17
199,34
256,14
339,23
203,56
163,15
224,31
248,0
355,45
68,36
288,47
242,17
218,34
294,14
317,23
235,56
193,15
212,31
260,0
391,45
77,36
269,47
427,17
334,34
378,14
1044,23
316,56
126,15
258,31
254,0
360,45
75,36
208,47
237,17
159,34
279,14
325,23
259,56
213,15
175,31
261,0
480,45
14,36
140,47
241,17
192,34
281,14
341,23
294,56
227,15
291,31
251,0
435,45
94,36
243,47
329,17
198,34
262,14
365,23
284,56
174,15
227,31
253,0
443,45
36,36
311,47
297,17
190,34
307,14
354,23
313,56
221,15
211,31
304,0
338,45
65,36
262,47
717,17
563,34
327,14
376,23
237,56
205,15
198,31
285,0
364,45
72,36
222,47
285,17
144,34
280,14
321,23
288,56
196,15
233,31
253,0
362,45
96,36
240,47
296,17
170,34
296,14
334,23
483,56
244,15
247,31
294,0
384,45
82,36
298,47
318,17
207,34
293,14
383,23
419,56
740,15
214,31
270,0
326,45
77,36
260,47
276,17
166,34
273,14
493,23
360,56
194,15
252,31
231,0
393,45
59,36
267,47
308,17
245,34
313,14
311,23
259,56
201,15
160,31
244,0
383,45
81,36
251,47
268,17
131,34
279,14
346,23
293,56
687,15
269,31
238,0
365,45
78,36
248,47
242,17
176,34
291,14
306,23
262,56
217,15
186,31
239,0
390,45
85,36
236,47
280,17
203,34
298,14
439,23
279,56
215,15
188,31
223,0
387,45
85,36
218,47
292,17
267,34
1271,14
371,23
272,56
204,15
217,31
260,0
382,45
76,36
280,47
250,17
200,34
293,14
368,23
340,56
191,15
195,31
325,0
355,45
80,36
320,47
250,17
155,34
270,14
315,23
373,56
239,15
198,31
256,0
352,45
89,36
422,47
252,17
182,34
460,14
355,23
279,56
154,15
183,31
308,0
283,45
77,36
298,47
240,17
171,34
308,14
294,23
324,56
172,15
227,31
219,0
392,45
67,36
271,47
269,17
200,34
286,14
315,23
309,56
159,15
203,31
252,0
350,45
76,36
867,47
212,17
185,34
256,14
353,23
291,56
183,15
212,31
298,0
397,45
68,36
311,47
303,17
191,34
306,14
333,23
297,56
208,15
179,31
275,0
338,45
57,36
229,47
259,17
175,34
267,14
325,23
301,56
196,15
174,31
224,0
395,45
78,36
220,47
273,17
180,34
319,14
378,23
293,56
234,15
190,31
248,0
366,45
79,36
233,47
251,17
137,34
336,14
339,23
366,56
177,15
226,31
248,0
342,45
82,36
222,47
283,17
217,34
321,14
330,23
297,56
209,15
213,31
254,0
349,45
76,36
229,47
279,17
175,34
323,14
386,23
303,56
221,15
216,31
237,0
359,45
67,36
264,47
250,17
166,34
308,14
329,23
342,56
213,15
244,31
226,0
347,45
62,36
199,47
261,17
178,34
313,14
341,23
405,56
235,15
198,31
240,0
305,45
74,36
250,47
274,17
185,34
308,14
388,23
247,56
218,15
221,31
251,0
350,45
63,36
234,47
252,17
187,34
301,14
376,23
266,56
204,15
206,31
205,0
333,45
78,36
252,47
227,17
147,34
278,14
294,23
358,56
159,15
234,31
214,0
366,45
61,36
255,47
246,17
187,34
254,14
322,23
310,56
202,15
182,31
258,0
390,45
67,36
305,47
259,17
161,34
270,14
408,23
295,56
191,15
215,31
249,0
352,45
72,36
248,47
239,17
189,34
247,14
339,23
391,56
152,15
387,31
315,0
305,45
87,36
225,47
237,17
184,34
279,14
416,23
225,56
201,15
212,31
230,0
345,45
86,36
212,47
244,17
155,34
316,14
373,23
233,56
173,15
257,31
239,0
326,45
70,36
225,47
239,17
165,34
259,14
342,23
333,56
173,15
237,31
230,0
350,45
76,36
250,47
267,17
170,34
272,14
392,23
320,56
199,15
210,31
279,0
382,45
75,36
270,47
239,17
180,34
275,14
347,23
319,56
218,15
226,31
257,0
332,45
57,36
228,47
269,17
162,34
274,14
367,23
346,56
168,15
224,31
253,0
324,45
77,36
226,47
257,17
177,34
281,14
338,23
317,56
279,15
216,31
208,0
315,45
79,36
239,47
263,17
232,34
316,14
361,23
304,56
333,15
246,31
254,0
313,45
72,36
220,47
245,17
183,34
252,14
323,23
299,56
233,15
204,31
237,0
332,45
86,36
249,47
278,17
173,34
274,14
317,23
281,56
252,15
229,31
244,0
385,45
81,36
598,47
229,17
235,34
292,14
447,23
259,56
207,15
265,31
288,0
386,45
81,36
344,47
245,17
212,34
184,14
421,23
249,56
209,15
239,31
287,0
359,45
84,36
319,47
234,17
159,34
247,14
383,23
195,56
212,15
230,31
257,0
377,45
72,36
291,47
268,17
174,34
256,14
337,23
245,56
144,15
258,31
256,0
397,45
84,36
318,47
220,17
162,34
231,14
334,23
242,56
176,15
233,31
262,0
385,45
77,36
239,47
266,17
110,34
467,14
517,23
381,56
205,15
241,31
240,0
375,45
76,36
261,47
254,17
172,34
280,14
330,23
307,56
139,15
242,31
242,0
359,45
68,36
182,47
263,17
138,34
297,14
375,23
210,56
146,15
254,31
235,0
426,45
89,36
239,47
268,17
172,34
302,14
367,23
220,56
190,15
233,31
229,0
375,45
70,36
256,47
272,17
201,34
301,14
411,23
205,56
168,15
214,31
245,0
415,45
62,36
162,47
298,17
195,34
288,14
329,23
242,56
157,15
217,31
249,0
372,45
81,36
192,47
251,17
154,34
298,14
387,23
219,56
183,15
205,31
244,0
368,45
81,36
242,47
253,17
182,34
273,14
263,23
265,56
214,15
169,31
242,0
368,45
75,36
198,47
253,17
132,34
261,14
306,23
257,56
203,15
181,31
243,0
379,45
75,36
191,47
283,17
165,34
292,14
338,23
205,56
198,15
147,31
233,0
387,45
72,36
224,47
265,17
224,34
313,14
350,23
118,56
213,15
241,31
171,0
538,45
101,36
196,47
318,17
269,34
326,14
377,23
241,56
181,15
190,31
243,0
387,45
72,36
189,47
288,17
190,34
286,14
352,23
173,56
226,15
214,31
257,0
349,45
80,36
222,47
276,17
195,34
262,14
350,23
290,56
304,15
160,31
269,0
361,45
71,36
178,47
268,17
190,34
280,14
381,23
185,56
213,15
215,31
252,0
382,45
61,36
210,47
290,17
232,34
464,14
797,23
208,56
174,15
211,31
247,0
408,45
68,36
210,47
571,17
570,34
469,14
399,23
81,56
232,15
196,31
258,0
365,45
65,36
258,47
284,17
151,34
320,14
400,23
217,56
205,15
197,31
231,0
363,45
78,36
190,47
311,17
170,34
263,14
381,23
254,56
189,15
203,31
289,0
392,45
66,36
176,47
480,17
253,34
459,14
354,23
212,56
194,15
199,31
242,0
376,45
63,36
289,47
261,17
154,34
293,14
330,23
236,56
216,15
220,31
287,0
417,45
79,36
204,47
283,17
250,34
322,14
440,23
201,56
218,15
224,31
293,0
435,45
66,36
184,47
293,17
139,34
334,14
347,23
266,56
195,15
222,31
246,0
401,45
69,36
200,47
281,17
265,34
294,14
490,23
274,56
171,15
231,31
310,0
373,45
72,36
200,47
283,17
165,34
292,14
397,23
176,56
219,15
226,31
284,0
394,45
59,36
194,47
283,17
188,34
314,14
342,23
264,56
238,15
207,31
281,0
371,45
70,36
210,47
246,17
200,34
154,14
398,23
270,56
208,15
235,31
275,0
385,45
66,36
190,47
328,17
210,34
272,14
438,23
126,56
254,15
202,31
261,0
367,45
76,36
207,47
294,17
161,34
270,14
379,23
209,56
235,15
227,31
281,0
421,45
73,36
208,47
288,17
130,34
331,14
466,23
204,56
247,15
200,31
248,0
395,45
62,36
214,47
492,17
247,34
1061,14
256,23
183,56
190,15
237,31
262,0
359,45
64,36
190,47
712,17
827,34
267,14
335,23
224,56
199,15
203,31
238,0
382,45
62,36
209,47
282,17
155,34
325,14
423,23
238,56
215,15
200,31
220,0
414,45
71,36
243,47
318,17
415,34
759,14
361,23
192,56
183,15
232,31
270,0
400,45
70,36
279,47
287,17
197,34
295,14
396,23
246,56
216,15
193,31
234,0
878,45
85,36
234,47
290,17
159,34
288,14
317,23
227,56
205,15
210,31
456,0
423,45
91,36
249,47
281,17
135,34
297,14
320,23
280,56
209,15
207,31
277,0
320,45
78,36
158,47
313,17
164,34
297,14
388,23
159,56
236,15
220,31
279,0
352,45
77,36
211,47
251,17
160,34
301,14
344,23
305,56
183,15
203,31
272,0
421,45
79,36
200,47
303,17
132,34
320,14
458,23
271,56
248,15
221,31
299,0
367,45
69,36
236,47
282,17
175,34
279,14
349,23
233,56
246,15
184,31
247,0
398,45
67,36
200,47
333,17
225,34
303,14
470,23
258,56
201,15
186,31
245,0
417,45
71,36
183,47
288,17
150,34
293,14
382,23
217,56
215,15
217,31
233,0
367,45
66,36
211,47
265,17
152,34
303,14
369,23
247,56
241,15
198,31
270,0
402,45
80,36
221,47
261,17
216,34
153,14
360,23
221,56
236,15
238,31
325,0
517,45
79,36
