404,47
212,17
207,34
914,14
990,23
394,56
233,15
220,31
289,0
588,45
94,36
957,47
445,17
445,34
1166,14
725,23
444,56
204,15
217,31
578,0
528,45
66,36
459,47
263,17
161,34
1648,14
884,23
517,56
215,15
242,31
645,0
403,45
78,36
371,47
228,17
187,34
969,14
647,23
469,56
485,15
434,31
391,0
495,45
74,36
354,47
219,17
141,34
746,14
541,23
369,56
189,15
418,31
352,0
341,45
101,36
283,47
232,17
156,34
1009,14
631,23
382,56
144,15
215,31
294,0
623,45
69,36
394,47
231,17
130,34
731,14
717,23
338,56
163,15
222,31
304,0
387,45
75,36
336,47
248,17
154,34
1025,14
785,23
348,56
199,15
205,31
483,0
383,45
87,36
330,47
255,17
118,34
1291,14
971,23
327,56
144,15
208,31
267,0
462,45
69,36
295,47
251,17
125,34
669,14
527,23
323,56
154,15
215,31
290,0
532,45
74,36
473,47
324,17
200,34
726,14
654,23
515,56
322,15
236,31
271,0
445,45
73,36
298,47
235,17
155,34
664,14
552,23
324,56
287,15
252,31
317,0
358,45
73,36
328,47
225,17
146,34
1127,14
736,23
346,56
180,15
196,31
244,0
335,45
56,36
282,47
213,17
114,34
638,14
656,23
306,56
106,15
202,31
231,0
346,45
62,36
314,47
228,17
150,34
619,14
920,23
363,56
315,15
409,31
343,0
285,45
56,36
319,47
241,17
119,34
666,14
722,23
328,56
212,15
198,31
328,0
372,45
87,36
354,47
221,17
141,34
689,14
560,23
324,56
210,15
217,31
305,0
1275,45
61,36
377,47
209,17
144,34
636,14
561,23
297,56
174,15
219,31
266,0
416,45
63,36
408,47
235,17
165,34
718,14
678,23
332,56
268,15
235,31
267,0
325,45
65,36
274,47
212,17
117,34
670,14
635,23
427,56
254,15
208,31
248,0
328,45
80,36
294,47
195,17
113,34
854,14
712,23
322,56
179,15
203,31
266,0
311,45
73,36
267,47
234,17
130,34
847,14
602,23
311,56
202,15
187,31
313,0
362,45
71,36
325,47
206,17
147,34
613,14
531,23
324,56
179,15
162,31
264,0
297,45
81,36
239,47
202,17
122,34
616,14
478,23
281,56
166,15
200,31
857,0
312,45
69,36
310,47
194,17
90,34
686,14
665,23
349,56
167,15
199,31
285,0
538,45
73,36
263,47
179,17
126,34
623,14
452,23
290,56
183,15
186,31
296,0
351,45
50,36
267,47
173,17
133,34
733,14
514,23
325,56
254,15
200,31
343,0
301,45
75,36
301,47
165,17
139,34
874,14
501,23
278,56
173,15
169,31
556,0
314,45
70,36
339,47
235,17
137,34
813,14
754,23
368,56
163,15
217,31
290,0
290,45
78,36
229,47
198,17
83,34
908,14
682,23
289,56
145,15
190,31
294,0
299,45
75,36
333,47
167,17
121,34
766,14
614,23
283,56
168,15
197,31
253,0
266,45
81,36
304,47
171,17
110,34
784,14
584,23
269,56
141,15
190,31
288,0
300,45
87,36
376,47
201,17
112,34
726,14
940,23
307,56
291,15
234,31
344,0
481,45
89,36
321,47
162,17
103,34
743,14
477,23
290,56
139,15
183,31
304,0
860,45
51,36
367,47
235,17
149,34
720,14
529,23
317,56
169,15
171,31
343,0
343,45
98,36
289,47
169,17
137,34
718,14
485,23
329,56
178,15
203,31
299,0
379,45
75,36
321,47
195,17
134,34
772,14
651,23
527,56
245,15
245,31
330,0
349,45
73,36
370,47
391,17
229,34
922,14
456,23
291,56
198,15
189,31
360,0
406,45
95,36
392,47
183,17
127,34
665,14
443,23
261,56
200,15
180,31
311,0
298,45
68,36
346,47
175,17
137,34
640,14
551,23
271,56
172,15
199,31
517,0
329,45
70,36
360,47
199,17
141,34
813,14
727,23
333,56
205,15
168,31
274,0
323,45
86,36
331,47
172,17
101,34
1438,14
561,23
399,56
184,15
182,31
297,0
300,45
86,36
269,47
173,17
129,34
871,14
734,23
337,56
164,15
188,31
250,0
253,45
74,36
295,47
213,17
133,34
767,14
493,23
363,56
261,15
359,31
283,0
285,45
69,36
274,47
208,17
137,34
1231,14
517,23
295,56
177,15
182,31
329,0
421,45
67,36
352,47
200,17
164,34
822,14
966,23
381,56
187,15
227,31
383,0
345,45
77,36
349,47
213,17
1543,34
433,14
461,23
287,56
160,15
175,31
307,0
360,45
74,36
419,47
200,17
213,34
710,14
457,23
298,56
171,15
178,31
292,0
346,45
84,36
326,47
168,17
112,34
968,14
531,23
299,56
169,15
184,31
300,0
682,45
38,36
1025,47
253,17
245,34
550,14
450,23
303,56
183,15
170,31
286,0
353,45
74,36
315,47
221,17
352,34
1127,14
614,23
439,56
224,15
215,31
291,0
558,45
78,36
342,47
244,17
475,34
845,14
678,23
409,56
212,15
552,31
309,0
328,45
75,36
329,47
245,17
214,34
784,14
863,23
458,56
343,15
323,31
496,0
473,45
89,36
313,47
250,17
193,34
826,14
979,23
374,56
158,15
216,31
286,0
2375,45
65,36
277,47
227,17
135,34
853,14
986,23
310,56
149,15
168,31
277,0
297,45
76,36
232,47
242,17
159,34
800,14
521,23
357,56
247,15
184,31
266,0
341,45
73,36
285,47
300,17
186,34
1162,14
667,23
350,56
147,15
202,31
258,0
316,45
72,36
266,47
226,17
150,34
858,14
724,23
510,56
417,15
247,31
247,0
1173,45
69,36
541,47
210,17
171,34
651,14
491,23
313,56
145,15
186,31
296,0
382,45
87,36
309,47
193,17
163,34
780,14
584,23
352,56
208,15
222,31
328,0
364,45
77,36
264,47
248,17
169,34
714,14
475,23
365,56
202,15
183,31
288,0
339,45
87,36
283,47
264,17
150,34
588,14
534,23
337,56
170,15
184,31
295,0
509,45
80,36
298,47
211,17
120,34
594,14
537,23
325,56
180,15
179,31
272,0
355,45
83,36
292,47
227,17
143,34
647,14
462,23
328,56
194,15
202,31
275,0
340,45
84,36
439,47
210,17
238,34
1034,14
571,23
344,56
168,15
187,31
285,0
324,45
83,36
227,47
196,17
164,34
673,14
484,23
325,56
183,15
171,31
296,0
420,45
57,36
257,47
187,17
151,34
682,14
463,23
349,56
193,15
175,31
299,0
1425,45
108,36
391,47
231,17
130,34
795,14
436,23
321,56
165,15
174,31
303,0
336,45
65,36
270,47
174,17
132,34
884,14
498,23
326,56
131,15
189,31
319,0
603,45
72,36
259,47
896,17
353,34
1036,14
566,23
360,56
149,15
188,31
304,0
304,45
68,36
262,47
191,17
154,34
591,14
458,23
309,56
163,15
175,31
277,0
334,45
60,36
307,47
216,17
152,34
678,14
500,23
313,56
140,15
195,31
306,0
349,45
15,36
492,47
362,17
200,34
600,14
453,23
279,56
160,15
158,31
304,0
304,45
69,36
265,47
160,17
150,34
676,14
433,23
317,56
194,15
195,31
295,0
293,45
75,36
265,47
188,17
156,34
647,14
555,23
385,56
169,15
187,31
286,0
313,45
62,36
199,47
203,17
151,34
598,14
507,23
350,56
164,15
177,31
745,0
529,45
68,36
223,47
176,17
144,34
565,14
427,23
305,56
160,15
161,31
265,0
1063,45
81,36
257,47
169,17
130,34
679,14
512,23
312,56
150,15
194,31
304,0
442,45
34,36
239,47
194,17
161,34
640,14
423,23
328,56
139,15
169,31
296,0
312,45
68,36
280,47
297,17
208,34
687,14
435,23
330,56
172,15
175,31
289,0
314,45
74,36
242,47
175,17
156,34
654,14
437,23
339,56
145,15
185,31
295,0
308,45
73,36
240,47
177,17
128,34
577,14
465,23
353,56
145,15
199,31
333,0
467,45
61,36
246,47
165,17
162,34
836,14
474,23
284,56
158,15
176,31
339,0
321,45
60,36
245,47
194,17
161,34
620,14
410,23
329,56
150,15
201,31
302,0
330,45
72,36
263,47
448,17
368,34
641,14
417,23
329,56
152,15
184,31
391,0
328,45
50,36
276,47
209,17
141,34
892,14
497,23
311,56
138,15
185,31
337,0
317,45
62,36
273,47
193,17
132,34
617,14
440,23
331,56
193,15
206,31
332,0
416,45
63,36
238,47
179,17
125,34
865,14
513,23
322,56
152,15
199,31
333,0
300,45
63,36
304,47
189,17
129,34
592,14
488,23
303,56
179,15
189,31
288,0
342,45
61,36
333,47
216,17
154,34
639,14
494,23
321,56
110,15
194,31
270,0
289,45
73,36
281,47
202,17
143,34
793,14
456,23
420,56
181,15
282,31
306,0
262,45
72,36
187,47
158,17
123,34
532,14
456,23
312,56
143,15
232,31
326,0
341,45
58,36
272,47
136,17
153,34
665,14
421,23
318,56
143,15
227,31
352,0
398,45
58,36
272,47
151,17
171,34
550,14
448,23
289,56
140,15
203,31
312,0
695,45
62,36
230,47
172,17
175,34
442,14
466,23
316,56
164,15
183,31
280,0
270,45
81,36
224,47
164,17
129,34
540,14
424,23
311,56
159,15
162,31
264,0
486,45
72,36
236,47
172,17
127,34
818,14
493,23
306,56
123,15
173,31
264,0
236,45
61,36
181,47
186,17
132,34
533,14
493,23
595,56
227,15
212,31
272,0
240,45
72,36
251,47
249,17
333,34
656,14
385,23
306,56
152,15
175,31
283,0
258,45
79,36
224,47
180,17
124,34
677,14
434,23
326,56
140,15
233,31
235,0
263,45
67,36
440,47
265,17
308,34
899,14
638,23
365,56
274,15
196,31
275,0
581,45
31,36
267,47
578,17
681,34
477,14
607,23
388,56
287,15
245,31
271,0
359,45
62,36
306,47
251,17
195,34
615,14
554,23
430,56
208,15
198,31
273,0
356,45
65,36
322,47
221,17
1930,34
885,14
526,23
375,56
198,15
157,31
261,0
1311,45
55,36
315,47
212,17
163,34
875,14
589,23
326,56
199,15
178,31
262,0
331,45
74,36
375,47
280,17
134,34
760,14
516,23
322,56
334,15
391,31
339,0
324,45
66,36
359,47
276,17
147,34
612,14
485,23
349,56
175,15
190,31
296,0
330,45
69,36
1136,47
410,17
319,34
1491,14
617,23
444,56
203,15
186,31
269,0
342,45
69,36
402,47
257,17
152,34
622,14
455,23
307,56
202,15
157,31
267,0
310,45
59,36
379,47
318,17
179,34
730,14
448,23
345,56
177,15
212,31
270,0
1041,45
80,36
284,47
226,17
141,34
655,14
433,23
316,56
173,15
144,31
286,0
405,45
65,36
279,47
231,17
133,34
1406,14
615,23
376,56
182,15
127,31
322,0
474,45
74,36
246,47
204,17
163,34
595,14
428,23
301,56
188,15
155,31
289,0
286,45
79,36
337,47
285,17
195,34
735,14
433,23
332,56
167,15
175,31
266,0
341,45
73,36
322,47
291,17
173,34
629,14
450,23
302,56
213,15
165,31
312,0
375,45
73,36
319,47
261,17
172,34
640,14
447,23
358,56
201,15
181,31
278,0
293,45
73,36
219,47
254,17
422,34
774,14
419,23
282,56
171,15
174,31
258,0
290,45
78,36
228,47
248,17
155,34
580,14
628,23
324,56
186,15
175,31
561,0
315,45
72,36
280,47
218,17
234,34
884,14
424,23
321,56
210,15
126,31
332,0
342,45
59,36
234,47
199,17
143,34
789,14
400,23
292,56
229,15
1252,31
332,0
334,45
54,36
488,47
299,17
215,34
665,14
474,23
328,56
250,15
197,31
471,0
436,45
54,36
253,47
213,17
256,34
608,14
486,23
468,56
301,15
199,31
310,0
369,45
78,36
269,47
279,17
183,34
689,14
439,23
314,56
233,15
178,31
330,0
606,45
71,36
433,47
268,17
207,34
917,14
480,23
320,56
240,15
184,31
483,0
393,45
85,36
243,47
227,17
135,34
1076,14
465,23
313,56
214,15
201,31
291,0
350,45
71,36
244,47
202,17
144,34
729,14
812,23
448,56
258,15
217,31
354,0
309,45
75,36
305,47
229,17
163,34
884,14
659,23
436,56
188,15
177,31
322,0
418,45
73,36
756,47
314,17
173,34
611,14
431,23
281,56
252,15
168,31
298,0
1233,45
69,36
285,47
188,17
155,34
551,14
425,23
279,56
182,15
148,31
295,0
360,45
66,36
294,47
231,17
115,34
587,14
417,23
292,56
154,15
223,31
592,0
353,45
89,36
377,47
205,17
139,34
578,14
438,23
292,56
186,15
191,31
406,0
414,45
85,36
281,47
176,17
151,34
533,14
411,23
282,56
215,15
166,31
311,0
473,45
8,36
355,47
215,17
159,34
693,14
429,23
338,56
196,15
185,31
278,0
310,45
52,36
211,47
180,17
131,34
696,14
440,23
333,56
238,15
156,31
334,0
384,45
43,36
270,47
184,17
135,34
808,14
448,23
287,56
210,15
166,31
299,0
337,45
61,36
240,47
180,17
134,34
557,14
414,23
280,56
223,15
160,31
307,0
383,45
64,36
256,47
203,17
121,34
579,14
413,23
306,56
182,15
189,31
290,0
390,45
9,36
233,47
165,17
113,34
584,14
394,23
271,56
244,15
198,31
368,0
387,45
29,36
281,47
172,17
138,34
617,14
468,23
330,56
208,15
232,31
500,0
778,45
81,36
282,47
172,17
138,34
559,14
390,23
292,56
176,15
189,31
355,0
297,45
65,36
300,47
183,17
152,34
550,14
387,23
306,56
189,15
207,31
993,0
409,45
69,36
354,47
182,17
136,34
658,14
398,23
264,56
185,15
194,31
324,0
1257,45
58,36
247,47
158,17
144,34
556,14
447,23
278,56
179,15
219,31
530,0
482,45
76,36
318,47
153,17
144,34
579,14
448,23
263,56
193,15
184,31
261,0
285,45
80,36
216,47
184,17
136,34
545,14
457,23
302,56
171,15
189,31
254,0
276,45
72,36
245,47
161,17
123,34
528,14
418,23
277,56
225,15
167,31
273,0
312,45
76,36
228,47
182,17
121,34
520,14
416,23
301,56
189,15
182,31
286,0
372,45
86,36
258,47
163,17
125,34
557,14
413,23
241,56
213,15
195,31
394,0
369,45
73,36
251,47
204,17
129,34
497,14
409,23
280,56
182,15
204,31
278,0
337,45
73,36
215,47
167,17
125,34
531,14
436,23
308,56
156,15
240,31
318,0
815,45
57,36
491,47
218,17
545,34
753,14
557,23
346,56
178,15
217,31
278,0
374,45
68,36
294,47
237,17
212,34
590,14
472,23
322,56
201,15
217,31
252,0
290,45
76,36
276,47
297,17
169,34
537,14
466,23
319,56
202,15
223,31
274,0
310,45
59,36
346,47
320,17
218,34
579,14
550,23
355,56
176,15
207,31
250,0
332,45
66,36
262,47
236,17
186,34
612,14
487,23
334,56
226,15
175,31
266,0
317,45
72,36
284,47
297,17
237,34
495,14
593,23
356,56
172,15
181,31
248,0
284,45
66,36
380,47
369,17
312,34
1069,14
582,23
334,56
217,15
209,31
239,0
288,45
68,36
240,47
209,17
152,34
582,14
492,23
299,56
465,15
312,31
306,0
316,45
61,36
289,47
251,17
131,34
547,14
460,23
318,56
196,15
212,31
323,0
1118,45
49,36
297,47
214,17
161,34
560,14
427,23
355,56
261,15
216,31
355,0
334,45
72,36
269,47
240,17
192,34
600,14
497,23
331,56
212,15
218,31
261,0
317,45
66,36
214,47
194,17
158,34
574,14
478,23
1206,56
273,15
276,31
333,0
390,45
74,36
366,47
233,17
139,34
567,14
437,23
346,56
146,15
207,31
278,0
322,45
66,36
233,47
191,17
199,34
558,14
610,23
558,56
220,15
214,31
301,0
303,45
66,36
257,47
916,17
447,34
527,14
575,23
374,56
166,15
198,31
299,0
325,45
78,36
183,47
194,17
169,34
505,14
483,23
334,56
182,15
195,31
283,0
317,45
79,36
215,47
173,17
212,34
540,14
476,23
322,56
174,15
192,31
243,0
332,45
80,36
231,47
182,17
146,34
568,14
460,23
294,56
178,15
173,31
277,0
351,45
92,36
331,47
189,17
276,34
526,14
484,23
317,56
165,15
181,31
246,0
293,45
79,36
234,47
176,17
145,34
559,14
426,23
308,56
174,15
185,31
265,0
306,45
80,36
239,47
193,17
149,34
511,14
423,23
298,56
153,15
189,31
242,0
658,45
46,36
251,47
181,17
140,34
455,14
376,23
288,56
141,15
160,31
263,0
315,45
76,36
212,47
192,17
146,34
596,14
451,23
304,56
144,15
208,31
279,0
322,45
81,36
260,47
192,17
176,34
427,14
460,23
298,56
176,15
192,31
336,0
424,45
63,36
274,47
190,17
153,34
426,14
436,23
293,56
157,15
196,31
301,0
355,45
73,36
233,47
194,17
138,34
494,14
429,23
300,56
156,15
189,31
317,0
642,45
60,36
247,47
251,17
148,34
1070,14
2049,23
387,56
131,15
234,31
304,0
280,45
69,36
176,47
180,17
148,34
526,14
415,23
284,56
168,15
153,31
245,0
278,45
79,36
220,47
173,17
148,34
517,14
419,23
268,56
170,15
183,31
285,0
282,45
68,36
218,47
186,17
146,34
517,14
412,23
311,56
139,15
199,31
261,0
270,45
62,36
222,47
166,17
135,34
509,14
453,23
295,56
190,15
192,31
286,0
320,45
79,36
218,47
191,17
147,34
535,14
427,23
319,56
119,15
184,31
253,0
262,45
78,36
198,47
185,17
131,34
442,14
413,23
262,56
175,15
191,31
255,0
247,45
71,36
230,47
165,17
152,34
451,14
463,23
290,56
194,15
191,31
270,0
287,45
76,36
191,47
197,17
116,34
475,14
573,23
471,56
158,15
193,31
367,0
328,45
67,36
258,47
188,17
128,34
852,14
502,23
326,56
149,15
765,31
366,0
436,45
55,36
234,47
185,17
343,34
1386,14
535,23
318,56
166,15
164,31
278,0
331,45
21,36
206,47
181,17
143,34
482,14
446,23
311,56
138,15
190,31
267,0
310,45
74,36
259,47
180,17
159,34
506,14
439,23
321,56
178,15
179,31
281,0
626,45
56,36
208,47
175,17
138,34
559,14
408,23
288,56
211,15
165,31
286,0
319,45
59,36
218,47
183,17
173,34
559,14
437,23
332,56
114,15
267,31
419,0
382,45
51,36
190,47
185,17
155,34
785,14
456,23
335,56
161,15
162,31
278,0
489,45
44,36
258,47
218,17
143,34
1002,14
496,23
295,56
137,15
180,31
274,0
317,45
69,36
209,47
179,17
138,34
570,14
428,23
285,56
154,15
189,31
273,0
291,45
63,36
235,47
180,17
118,34
731,14
449,23
306,56
149,15
181,31
256,0
266,45
82,36
233,47
186,17
130,34
776,14
414,23
275,56
152,15
173,31
263,0
280,45
78,36
262,47
198,17
126,34
1127,14
792,23
356,56
147,15
198,31
301,0
281,45
55,36
348,47
332,17
433,34
668,14
389,23
257,56
205,15
138,31
306,0
297,45
65,36
231,47
213,17
104,34
782,14
463,23
290,56
180,15
164,31
259,0
263,45
64,36
816,47
361,17
204,34
1079,14
561,23
297,56
118,15
208,31
288,0
267,45
73,36
452,47
298,17
357,34
661,14
437,23
323,56
172,15
201,31
246,0
297,45
75,36
232,47
190,17
205,34
562,14
548,23
304,56
165,15
182,31
240,0
329,45
56,36
208,47
258,17
159,34
569,14
441,23
341,56
152,15
203,31
251,0
319,45
62,36
270,47
308,17
678,34
640,14
435,23
320,56
214,15
177,31
249,0
292,45
78,36
389,47
361,17
445,34
578,14
568,23
438,56
153,15
212,31
251,0
296,45
61,36
258,47
202,17
144,34
797,14
482,23
355,56
167,15
189,31
266,0
315,45
68,36
217,47
203,17
160,34
722,14
517,23
372,56
161,15
212,31
292,0
302,45
78,36
240,47
1311,17
318,34
642,14
417,23
342,56
183,15
176,31
244,0
313,45
83,36
292,47
214,17
171,34
611,14
416,23
350,56
294,15
323,31
297,0
341,45
20,36
342,47
245,17
145,34
753,14
409,23
324,56
156,15
181,31
252,0
314,45
84,36
288,47
286,17
187,34
622,14
447,23
370,56
153,15
251,31
257,0
350,45
79,36
259,47
225,17
181,34
557,14
460,23
355,56
178,15
237,31
260,0
305,45
80,36
223,47
206,17
238,34
722,14
507,23
534,56
209,15
220,31
262,0
328,45
54,36
412,47
205,17
182,34
756,14
440,23
346,56
152,15
205,31
266,0
355,45
74,36
218,47
167,17
217,34
645,14
477,23
364,56
172,15
192,31
241,0
322,45
86,36
218,47
202,17
152,34
657,14
445,23
548,56
203,15
184,31
250,0
309,45
75,36
338,47
260,17
187,34
838,14
493,23
338,56
153,15
166,31
242,0
306,45
80,36
244,47
169,17
158,34
739,14
420,23
301,56
172,15
139,31
256,0
256,45
82,36
223,47
172,17
130,34
599,14
439,23
326,56
176,15
173,31
252,0
283,45
81,36
223,47
177,17
139,34
631,14
425,23
305,56
187,15
182,31
240,0
280,45
78,36
293,47
192,17
142,34
614,14
323,23
299,56
160,15
171,31
247,0
273,45
71,36
234,47
224,17
155,34
645,14
402,23
325,56
136,15
186,31
255,0
265,45
82,36
212,47
222,17
141,34
630,14
429,23
305,56
145,15
176,31
248,0
328,45
71,36
230,47
213,17
141,34
474,14
411,23
301,56
134,15
243,31
266,0
342,45
71,36
231,47
186,17
146,34
600,14
399,23
325,56
155,15
168,31
256,0
310,45
79,36
238,47
199,17
194,34
748,14
363,23
327,56
163,15
187,31
255,0
288,45
62,36
282,47
185,17
145,34
471,14
410,23
322,56
154,15
223,31
258,0
313,45
74,36
244,47
227,17
209,34
702,14
370,23
323,56
177,15
191,31
281,0
501,45
45,36
319,47
195,17
127,34
554,14
369,23
297,56
155,15
194,31
275,0
292,45
56,36
302,47
247,17
168,34
689,14
529,23
444,56
188,15
220,31
270,0
383,45
77,36
212,47
230,17
140,34
629,14
414,23
302,56
146,15
220,31
277,0
333,45
72,36
231,47
212,17
130,34
674,14
389,23
328,56
161,15
234,31
276,0
433,45
53,36
256,47
224,17
164,34
589,14
365,23
318,56
135,15
222,31
284,0
341,45
73,36
259,47
204,17
155,34
617,14
399,23
305,56
242,15
487,31
410,0
477,45
62,36
290,47
295,17
144,34
567,14
362,23
309,56
114,15
265,31
333,0
393,45
43,36
264,47
195,17
130,34
513,14
413,23
357,56
93,15
266,31
480,0
385,45
48,36
227,47
188,17
151,34
490,14
374,23
314,56
144,15
220,31
385,0
623,45
68,36
250,47
393,17
230,34
408,14
393,23
308,56
139,15
254,31
314,0
404,45
80,36
300,47
182,17
121,34
584,14
349,23
247,56
183,15
155,31
273,0
416,45
95,36
315,47
169,17
157,34
662,14
434,23
322,56
131,15
223,31
773,0
386,45
65,36
216,47
211,17
148,34
575,14
430,23
395,56
163,15
220,31
278,0
403,45
86,36
301,47
261,17
173,34
598,14
378,23
292,56
134,15
207,31
287,0
290,45
73,36
229,47
180,17
126,34
434,14
398,23
296,56
127,15
321,31
535,0
378,45
71,36
246,47
254,17
128,34
589,14
501,23
351,56
106,15
217,31
284,0
308,45
58,36
242,47
202,17
104,34
496,14
399,23
297,56
148,15
193,31
301,0
314,45
67,36
288,47
208,17
138,34
707,14
414,23
325,56
119,15
244,31
308,0
321,45
63,36
204,47
198,17
151,34
627,14
409,23
302,56
162,15
213,31
258,0
303,45
65,36
215,47
171,17
132,34
578,14
449,23
455,56
176,15
190,31
268,0
308,45
71,36
219,47
209,17
116,34
555,14
421,23
343,56
162,15
218,31
266,0
289,45
78,36
238,47
206,17
135,34
671,14
390,23
375,56
152,15
246,31
703,0
449,45
39,36
270,47
264,17
983,34
1109,14
811,23
354,56
158,15
194,31
244,0
331,45
78,36
249,47
232,17
416,34
650,14
572,23
334,56
144,15
208,31
278,0
323,45
71,36
288,47
218,17
174,34
606,14
487,23
347,56
197,15
196,31
247,0
317,45
69,36
289,47
205,17
159,34
604,14
446,23
341,56
163,15
203,31
686,0
340,45
73,36
333,47
208,17
169,34
640,14
449,23
334,56
173,15
205,31
266,0
295,45
58,36
372,47
299,17
168,34
640,14
416,23
343,56
175,15
174,31
240,0
279,45
60,36
398,47
304,17
142,34
624,14
448,23
369,56
160,15
183,31
272,0
281,45
73,36
262,47
212,17
167,34
665,14
477,23
362,56
154,15
208,31
260,0
354,45
10,36
285,47
239,17
188,34
688,14
455,23
360,56
124,15
241,31
233,0
295,45
68,36
220,47
207,17
320,34
607,14
549,23
383,56
136,15
227,31
255,0
300,45
73,36
208,47
205,17
157,34
615,14
468,23
356,56
201,15
183,31
239,0
705,45
48,36
112,47
285,17
627,34
725,14
442,23
332,56
226,15
160,31
257,0
286,45
67,36
237,47
190,17
140,34
687,14
402,23
358,56
153,15
194,31
227,0
316,45
82,36
247,47
201,17
169,34
611,14
418,23
362,56
174,15
182,31
241,0
291,45
81,36
224,47
221,17
140,34
725,14
451,23
329,56
219,15
179,31
290,0
328,45
70,36
244,47
187,17
162,34
778,14
434,23
389,56
186,15
249,31
305,0
388,45
74,36
199,47
197,17
162,34
521,14
381,23
355,56
137,15
194,31
260,0
311,45
63,36
206,47
209,17
132,34
698,14
426,23
366,56
173,15
204,31
277,0
299,45
75,36
207,47
223,17
167,34
713,14
407,23
361,56
191,15
197,31
260,0
280,45
71,36
213,47
209,17
156,34
554,14
374,23
343,56
162,15
184,31
270,0
268,45
68,36
283,47
257,17
184,34
613,14
504,23
434,56
231,15
201,31
239,0
431,45
65,36
218,47
301,17
267,34
823,14
421,23
319,56
200,15
197,31
263,0
281,45
73,36
323,47
171,17
166,34
886,14
472,23
298,56
177,15
208,31
424,0
414,45
62,36
224,47
198,17
158,34
547,14
385,23
312,56
190,15
218,31
249,0
1284,45
62,36
236,47
192,17
150,34
537,14
403,23
311,56
174,15
185,31
275,0
286,45
68,36
236,47
193,17
156,34
452,14
402,23
308,56
170,15
265,31
396,0
304,45
71,36
214,47
206,17
139,34
511,14
414,23
325,56
181,15
204,31
256,0
289,45
66,36
227,47
188,17
148,34
600,14
488,23
362,56
181,15
208,31
330,0
272,45
66,36
213,47
189,17
142,34
539,14
444,23
405,56
210,15
670,31
430,0
359,45
56,36
201,47
188,17
148,34
511,14
368,23
298,56
207,15
221,31
247,0
293,45
52,36
222,47
212,17
199,34
497,14
367,23
317,56
192,15
176,31
260,0
253,45
46,36
229,47
181,17
154,34
508,14
369,23
311,56
192,15
218,31
257,0
277,45
52,36
233,47
204,17
155,34
530,14
393,23
406,56
284,15
236,31
249,0
302,45
66,36
242,47
218,17
137,34
515,14
410,23
318,56
183,15
214,31
247,0
288,45
49,36
240,47
173,17
149,34
589,14
496,23
398,56
187,15
184,31
258,0
307,45
54,36
225,47
215,17
153,34
528,14
389,23
318,56
240,15
194,31
266,0
297,45
66,36
210,47
187,17
169,34
463,14
386,23
303,56
169,15
263,31
908,0
556,45
63,36
190,47
171,17
148,34
481,14
388,23
279,56
250,15
151,31
262,0
307,45
52,36
207,47
178,17
141,34
598,14
371,23
301,56
191,15
180,31
257,0
312,45
71,36
192,47
190,17
155,34
473,14
408,23
297,56
200,15
167,31
248,0
338,45
72,36
260,47
176,17
141,34
570,14
397,23
288,56
200,15
204,31
255,0
332,45
52,36
251,47
195,17
131,34
563,14
373,23
302,56
227,15
212,31
268,0
345,45
50,36
217,47
205,17
152,34
602,14
1590,23
422,56
146,15
225,31
243,0
281,45
55,36
654,47
333,17
326,34
808,14
416,23
337,56
171,15
196,31
235,0
401,45
69,36
204,47
250,17
178,34
540,14
391,23
323,56
193,15
218,31
248,0
768,45
48,36
212,47
232,17
454,34
689,14
421,23
327,56
215,15
188,31
249,0
311,45
51,36
213,47
205,17
152,34
468,14
407,23
311,56
179,15
180,31
243,0
313,45
57,36
213,47
204,17
137,34
508,14
430,23
355,56
149,15
220,31
250,0
320,45
52,36
226,47
216,17
144,34
490,14
413,23
345,56
162,15
211,31
255,0
321,45
50,36
214,47
189,17
122,34
588,14
406,23
396,56
188,15
208,31
292,0
543,45
50,36
310,47
213,17
929,34
859,14
560,23
693,56
202,15
211,31
293,0
315,45
79,36
281,47
181,17
137,34
692,14
484,23
351,56
157,15
172,31
225,0
339,45
68,36
287,47
183,17
142,34
617,14
414,23
306,56
512,15
329,31
308,0
316,45
70,36
284,47
201,17
156,34
637,14
488,23
634,56
273,15
184,31
287,0
1189,45
72,36
341,47
275,17
169,34
599,14
445,23
393,56
194,15
182,31
256,0
328,45
90,36
340,47
233,17
160,34
598,14
480,23
424,56
198,15
192,31
251,0
304,45
86,36
227,47
229,17
170,34
561,14
490,23
438,56
192,15
214,31
273,0
370,45
65,36
267,47
181,17
151,34
609,14
431,23
463,56
149,15
227,31
284,0
324,45
73,36
254,47
190,17
156,34
558,14
488,23
386,56
176,15
191,31
266,0
300,45
67,36
242,47
221,17
229,34
546,14
477,23
386,56
197,15
236,31
279,0
290,45
91,36
232,47
254,17
501,34
540,14
587,23
354,56
145,15
231,31
270,0
293,45
84,36
217,47
232,17
201,34
515,14
444,23
365,56
181,15
210,31
247,0
295,45
79,36
217,47
211,17
180,34
523,14
503,23
371,56
160,15
311,31
503,0
387,45
40,36
328,47
221,17
145,34
736,14
411,23
373,56
174,15
155,31
222,0
289,45
80,36
234,47
214,17
138,34
572,14
418,23
358,56
176,15
194,31
247,0
310,45
69,36
206,47
209,17
157,34
660,14
397,23
368,56
154,15
191,31
243,0
278,45
71,36
217,47
220,17
164,34
594,14
378,23
358,56
161,15
200,31
245,0
278,45
83,36
197,47
235,17
161,34
715,14
416,23
402,56
173,15
195,31
235,0
293,45
77,36
195,47
228,17
159,34
552,14
420,23
352,56
161,15
192,31
229,0
273,45
73,36
172,47
241,17
124,34
590,14
369,23
329,56
159,15
199,31
226,0
273,45
67,36
183,47
219,17
134,34
531,14
477,23
436,56
165,15
218,31
255,0
295,45
70,36
202,47
214,17
138,34
612,14
391,23
374,56
181,15
199,31
217,0
305,45
74,36
187,47
228,17
127,34
635,14
388,23
338,56
229,15
171,31
228,0
318,45
69,36
310,47
184,17
874,34
466,14
640,23
401,56
165,15
195,31
248,0
282,45
81,36
372,47
379,17
261,34
889,14
399,23
314,56
253,15
559,31
328,0
365,45
72,36
401,47
278,17
164,34
753,14
413,23
322,56
179,15
166,31
225,0
313,45
83,36
270,47
233,17
162,34
613,14
405,23
341,56
189,15
221,31
225,0
287,45
78,36
229,47
222,17
142,34
808,14
483,23
370,56
136,15
242,31
247,0
293,45
87,36
259,47
247,17
514,34
753,14
440,23
350,56
153,15
199,31
224,0
267,45
75,36
247,47
210,17
140,34
557,14
410,23
303,56
165,15
205,31
217,0
265,45
78,36
259,47
210,17
160,34
805,14
371,23
337,56
142,15
229,31
255,0
276,45
69,36
262,47
315,17
277,34
727,14
547,23
380,56
131,15
232,31
240,0
265,45
70,36
252,47
283,17
508,34
698,14
447,23
320,56
167,15
192,31
213,0
270,45
78,36
236,47
188,17
157,34
564,14
422,23
311,56
169,15
203,31
239,0
328,45
90,36
340,47
266,17
154,34
612,14
424,23
308,56
201,15
224,31
789,0
378,45
61,36
256,47
310,17
383,34
707,14
385,23
303,56
142,15
223,31
239,0
323,45
74,36
256,47
200,17
171,34
521,14
400,23
309,56
187,15
220,31
252,0
312,45
71,36
244,47
231,17
136,34
575,14
393,23
328,56
120,15
240,31
258,0
305,45
73,36
466,47
213,17
170,34
595,14
374,23
330,56
168,15
191,31
228,0
293,45
81,36
255,47
218,17
128,34
594,14
411,23
335,56
170,15
224,31
243,0
306,45
62,36
232,47
226,17
128,34
569,14
418,23
594,56
208,15
213,31
236,0
291,45
73,36
226,47
203,17
159,34
449,14
468,23
726,56
354,15
247,31
255,0
292,45
73,36
581,47
295,17
284,34
776,14
510,23
373,56
161,15
220,31
220,0
283,45
64,36
211,47
226,17
128,34
493,14
403,23
322,56
153,15
222,31
210,0
278,45
63,36
268,47
212,17
158,34
483,14
436,23
332,56
197,15
215,31
243,0
316,45
51,36
213,47
203,17
118,34
758,14
415,23
368,56
181,15
187,31
243,0
300,45
85,36
273,47
197,17
129,34
569,14
374,23
294,56
206,15
151,31
216,0
304,45
77,36
222,47
187,17
150,34
557,14
477,23
336,56
173,15
239,31
573,0
322,45
89,36
311,47
210,17
165,34
486,14
376,23
326,56
181,15
217,31
231,0
310,45
87,36
229,47
251,17
154,34
533,14
389,23
316,56
240,15
322,31
287,0
298,45
64,36
509,47
247,17
759,34
818,14
554,23
306,56
172,15
175,31
253,0
384,45
77,36
216,47
241,17
159,34
537,14
504,23
318,56
186,15
175,31
253,0
292,45
65,36
225,47
188,17
213,34
570,14
528,23
348,56
215,15
182,31
251,0
273,45
77,36
330,47
247,17
206,34
460,14
464,23
327,56
193,15
168,31
236,0
285,45
74,36
251,47
203,17
127,34
536,14
558,23
346,56
169,15
176,31
230,0
301,45
71,36
212,47
213,17
126,34
533,14
434,23
349,56
162,15
188,31
229,0
274,45
74,36
220,47
245,17
119,34
572,14
427,23
347,56
160,15
190,31
241,0
273,45
73,36
306,47
184,17
109,34
1368,14
572,23
268,56
195,15
136,31
213,0
264,45
60,36
263,47
215,17
158,34
478,14
448,23
320,56
207,15
165,31
242,0
264,45
75,36
248,47
266,17
222,34
774,14
409,23
325,56
196,15
204,31
224,0
294,45
69,36
202,47
246,17
137,34
478,14
423,23
313,56
228,15
202,31
245,0
259,45
70,36
218,47
227,17
147,34
494,14
431,23
336,56
216,15
167,31
254,0
376,45
72,36
247,47
220,17
139,34
778,14
427,23
345,56
173,15
178,31
301,0
558,45
68,36
269,47
210,17
130,34
572,14
388,23
316,56
150,15
183,31
264,0
324,45
70,36
234,47
231,17
158,34
574,14
393,23
331,56
168,15
177,31
240,0
306,45
71,36
209,47
206,17
153,34
576,14
405,23
334,56
128,15
213,31
229,0
272,45
63,36
190,47
204,17
124,34
572,14
376,23
313,56
141,15
189,31
225,0
279,45
70,36
195,47
252,17
123,34
650,14
380,23
293,56
191,15
156,31
229,0
260,45
65,36
240,47
245,17
122,34
640,14
368,23
332,56
129,15
193,31
256,0
300,45
73,36
209,47
250,17
120,34
665,14
380,23
326,56
163,15
198,31
228,0
298,45
76,36
198,47
245,17
138,34
787,14
426,23
360,56
106,15
235,31
734,0
494,45
64,36
264,47
267,17
354,34
477,14
400,23
297,56
168,15
221,31
299,0
418,45
65,36
245,47
306,17
401,34
637,14
387,23
325,56
224,15
188,31
266,0
288,45
67,36
234,47
205,17
140,34
458,14
395,23
329,56
183,15
206,31
254,0
284,45
73,36
179,47
227,17
139,34
520,14
412,23
351,56
156,15
255,31
273,0
305,45
66,36
270,47
191,17
137,34
510,14
353,23
362,56
347,15
508,31
374,0
322,45
75,36
196,47
206,17
165,34
419,14
381,23
311,56
247,15
162,31
266,0
641,45
50,36
224,47
175,17
133,34
471,14
369,23
304,56
180,15
209,31
523,0
333,45
57,36
183,47
233,17
158,34
511,14
386,23
319,56
218,15
219,31
215,0
337,45
62,36
381,47
219,17
147,34
516,14
427,23
338,56
160,15
228,31
273,0
329,45
63,36
271,47
159,17
171,34
469,14
402,23
310,56
227,15
206,31
254,0
326,45
76,36
221,47
183,17
139,34
431,14
421,23
301,56
170,15
239,31
309,0
297,45
66,36
216,47
165,17
150,34
484,14
431,23
327,56
153,15
231,31
278,0
329,45
61,36
205,47
181,17
145,34
545,14
482,23
419,56
233,15
212,31
262,0
314,45
55,36
203,47
184,17
145,34
640,14
385,23
319,56
167,15
219,31
287,0
1054,45
57,36
226,47
158,17
135,34
479,14
391,23
310,56
168,15
205,31
278,0
327,45
71,36
205,47
195,17
119,34
594,14
383,23
304,56
137,15
239,31
294,0
285,45
69,36
190,47
190,17
125,34
528,14
377,23
314,56
179,15
205,31
255,0
315,45
59,36
192,47
180,17
148,34
555,14
409,23
329,56
134,15
196,31
253,0
284,45
81,36
241,47
182,17
135,34
575,14
392,23
354,56
126,15
218,31
276,0
297,45
63,36
231,47
194,17
136,34
676,14
451,23
804,56
196,15
194,31
261,0
297,45
69,36
218,47
178,17
148,34
591,14
825,23
437,56
124,15
198,31
243,0
269,45
67,36
206,47
192,17
147,34
663,14
420,23
337,56
128,15
215,31
237,0
259,45
67,36
226,47
178,17
137,34
602,14
445,23
369,56
197,15
174,31
267,0
598,45
75,36
247,47
154,17
185,34
717,14
417,23
350,56
177,15
198,31
267,0
300,45
71,36
735,47
278,17
186,34
480,14
545,23
398,56
160,15
190,31
233,0
282,45
70,36
215,47
206,17
147,34
533,14
384,23
329,56
162,15
190,31
255,0
502,45
41,36
199,47
184,17
126,34
598,14
398,23
308,56
179,15
168,31
606,0
428,45
59,36
357,47
184,17
156,34
492,14
374,23
322,56
148,15
187,31
233,0
300,45
64,36
257,47
191,17
140,34
472,14
396,23
335,56
194,15
193,31
251,0
524,45
69,36
