431,47
166,17
218,34
1184,14
1133,23
483,56
236,15
368,31
350,0
963,45
78,36
457,47
273,17
197,34
1683,14
699,23
538,56
233,15
294,31
356,0
693,45
72,36
341,47
199,17
179,34
739,14
630,23
520,56
209,15
271,31
561,0
747,45
73,36
314,47
191,17
177,34
923,14
835,23
402,56
265,15
364,31
332,0
676,45
76,36
488,47
246,17
164,34
946,14
616,23
283,56
182,15
218,31
347,0
643,45
81,36
759,47
168,17
219,34
791,14
576,23
332,56
202,15
227,31
306,0
685,45
81,36
374,47
246,17
188,34
784,14
577,23
329,56
201,15
178,31
308,0
634,45
82,36
303,47
174,17
198,34
775,14
539,23
297,56
190,15
163,31
307,0
999,45
118,36
443,47
181,17
225,34
762,14
572,23
297,56
213,15
197,31
310,0
660,45
82,36
339,47
187,17
188,34
641,14
509,23
269,56
198,15
194,31
331,0
590,45
82,36
422,47
187,17
204,34
804,14
579,23
324,56
216,15
178,31
294,0
657,45
27,36
328,47
262,17
157,34
803,14
1700,23
421,56
224,15
207,31
281,0
642,45
86,36
301,47
176,17
181,34
669,14
529,23
272,56
194,15
159,31
272,0
668,45
89,36
306,47
210,17
153,34
966,14
600,23
250,56
174,15
164,31
263,0
567,45
84,36
326,47
189,17
189,34
682,14
825,23
307,56
186,15
189,31
288,0
616,45
80,36
368,47
161,17
179,34
723,14
592,23
271,56
187,15
165,31
261,0
541,45
81,36
296,47
188,17
160,34
803,14
525,23
248,56
170,15
154,31
253,0
517,45
75,36
308,47
174,17
165,34
565,14
480,23
262,56
155,15
176,31
260,0
553,45
86,36
313,47
221,17
154,34
1070,14
606,23
251,56
193,15
158,31
285,0
587,45
85,36
355,47
217,17
183,34
787,14
528,23
264,56
198,15
167,31
274,0
619,45
73,36
321,47
181,17
211,34
586,14
541,23
233,56
176,15
160,31
250,0
554,45
83,36
333,47
225,17
209,34
886,14
676,23
353,56
217,15
200,31
315,0
1053,45
78,36
257,47
166,17
191,34
605,14
461,23
207,56
169,15
168,31
286,0
595,45
86,36
666,47
350,17
199,34
1111,14
632,23
228,56
166,15
167,31
235,0
552,45
73,36
298,47
177,17
172,34
820,14
539,23
283,56
179,15
188,31
388,0
639,45
68,36
271,47
128,17
243,34
767,14
635,23
218,56
173,15
137,31
237,0
607,45
73,36
293,47
153,17
179,34
705,14
501,23
240,56
635,15
193,31
218,0
582,45
76,36
217,47
180,17
162,34
629,14
486,23
232,56
183,15
130,31
234,0
557,45
77,36
272,47
197,17
178,34
721,14
1075,23
399,56
240,15
173,31
384,0
600,45
79,36
279,47
179,17
183,34
674,14
519,23
241,56
201,15
149,31
244,0
558,45
87,36
293,47
189,17
170,34
659,14
448,23
219,56
199,15
136,31
237,0
554,45
82,36
495,47
248,17
171,34
612,14
497,23
305,56
208,15
142,31
235,0
540,45
79,36
294,47
223,17
141,34
1220,14
582,23
274,56
236,15
95,31
235,0
556,45
73,36
239,47
203,17
144,34
686,14
508,23
214,56
216,15
119,31
240,0
599,45
62,36
292,47
180,17
176,34
1154,14
503,23
242,56
210,15
136,31
242,0
586,45
64,36
282,47
174,17
180,34
1212,14
531,23
245,56
183,15
151,31
223,0
537,45
75,36
612,47
225,17
189,34
769,14
471,23
226,56
188,15
126,31
238,0
496,45
75,36
383,47
285,17
266,34
785,14
440,23
204,56
186,15
117,31
234,0
531,45
92,36
305,47
198,17
531,34
919,14
811,23
347,56
222,15
181,31
360,0
1238,45
101,36
1141,47
251,17
228,34
898,14
459,23
208,56
182,15
117,31
234,0
627,45
82,36
667,47
281,17
227,34
751,14
512,23
308,56
206,15
142,31
236,0
629,45
97,36
549,47
213,17
264,34
661,14
456,23
226,56
215,15
90,31
541,0
558,45
86,36
391,47
258,17
235,34
740,14
430,23
223,56
204,15
124,31
245,0
961,45
96,36
310,47
195,17
186,34
771,14
491,23
253,56
224,15
140,31
259,0
726,45
96,36
429,47
204,17
210,34
1106,14
729,23
273,56
452,15
190,31
501,0
625,45
87,36
511,47
202,17
705,34
822,14
522,23
211,56
188,15
114,31
243,0
607,45
96,36
634,47
211,17
192,34
633,14
680,23
307,56
284,15
155,31
244,0
581,45
85,36
325,47
222,17
218,34
607,14
473,23
214,56
228,15
138,31
241,0
899,45
91,36
308,47
229,17
190,34
596,14
514,23
326,56
258,15
177,31
258,0
611,45
88,36
333,47
225,17
204,34
643,14
444,23
216,56
222,15
155,31
280,0
801,45
87,36
463,47
1175,17
397,34
1161,14
797,23
380,56
221,15
219,31
313,0
742,45
90,36
305,47
232,17
213,34
675,14
472,23
294,56
190,15
219,31
280,0
563,45
87,36
593,47
221,17
218,34
759,14
681,23
266,56
177,15
204,31
237,0
566,45
78,36
320,47
186,17
221,34
611,14
511,23
276,56
210,15
173,31
234,0
601,45
72,36
255,47
243,17
206,34
675,14
471,23
255,56
165,15
161,31
237,0
1372,45
146,36
495,47
203,17
214,34
623,14
734,23
316,56
195,15
202,31
292,0
569,45
87,36
259,47
199,17
187,34
561,14
489,23
227,56
154,15
165,31
217,0
510,45
82,36
261,47
182,17
203,34
606,14
1562,23
547,56
194,15
234,31
271,0
631,45
84,36
304,47
175,17
211,34
568,14
421,23
199,56
155,15
149,31
259,0
624,45
72,36
248,47
185,17
205,34
628,14
443,23
240,56
148,15
162,31
241,0
551,45
78,36
364,47
217,17
197,34
710,14
473,23
223,56
204,15
171,31
272,0
1244,45
104,36
356,47
294,17
213,34
675,14
537,23
291,56
202,15
231,31
284,0
607,45
100,36
260,47
219,17
200,34
692,14
729,23
240,56
197,15
184,31
254,0
637,45
92,36
359,47
237,17
202,34
678,14
446,23
229,56
206,15
192,31
340,0
687,45
109,36
332,47
201,17
205,34
573,14
464,23
209,56
164,15
163,31
247,0
513,45
94,36
275,47
235,17
169,34
549,14
666,23
267,56
206,15
193,31
256,0
541,45
88,36
261,47
235,17
153,34
1251,14
563,23
254,56
171,15
145,31
474,0
641,45
86,36
208,47
211,17
173,34
575,14
440,23
229,56
181,15
156,31
237,0
561,45
77,36
284,47
185,17
216,34
549,14
421,23
215,56
181,15
135,31
236,0
571,45
94,36
345,47
230,17
215,34
655,14
430,23
197,56
175,15
155,31
243,0
702,45
84,36
211,47
200,17
179,34
664,14
415,23
218,56
183,15
138,31
244,0
524,45
88,36
261,47
215,17
178,34
553,14
439,23
236,56
184,15
199,31
247,0
560,45
83,36
232,47
197,17
177,34
609,14
417,23
209,56
203,15
238,31
219,0
624,45
87,36
225,47
193,17
151,34
746,14
721,23
327,56
219,15
140,31
234,0
689,45
80,36
213,47
187,17
164,34
787,14
443,23
196,56
164,15
177,31
202,0
693,45
86,36
228,47
184,17
177,34
1268,14
507,23
576,56
209,15
198,31
286,0
606,45
75,36
261,47
174,17
185,34
853,14
379,23
226,56
150,15
125,31
234,0
634,45
71,36
215,47
186,17
194,34
1176,14
481,23
268,56
216,15
140,31
221,0
609,45
91,36
300,47
137,17
269,34
931,14
374,23
203,56
196,15
159,31
258,0
742,45
73,36
269,47
175,17
181,34
817,14
456,23
232,56
192,15
151,31
256,0
657,45
56,36
244,47
222,17
186,34
714,14
408,23
233,56
185,15
130,31
241,0
724,45
72,36
450,47
259,17
161,34
639,14
368,23
222,56
199,15
153,31
226,0
582,45
81,36
231,47
168,17
179,34
592,14
367,23
201,56
908,15
292,31
832,0
568,45
76,36
911,47
235,17
186,34
1864,14
520,23
293,56
221,15
139,31
264,0
609,45
87,36
281,47
178,17
182,34
587,14
433,23
513,56
206,15
214,31
223,0
669,45
75,36
319,47
203,17
177,34
635,14
439,23
277,56
193,15
151,31
248,0
688,45
85,36
266,47
201,17
186,34
664,14
419,23
274,56
178,15
200,31
225,0
650,45
89,36
248,47
181,17
190,34
690,14
465,23
239,56
195,15
113,31
220,0
629,45
77,36
231,47
183,17
168,34
530,14
414,23
234,56
159,15
165,31
229,0
599,45
86,36
224,47
188,17
180,34
988,14
496,23
255,56
169,15
153,31
258,0
611,45
91,36
279,47
164,17
187,34
626,14
444,23
202,56
182,15
148,31
239,0
625,45
73,36
207,47
174,17
174,34
920,14
555,23
468,56
199,15
171,31
275,0
590,45
73,36
294,47
177,17
163,34
666,14
432,23
1265,56
395,15
479,31
266,0
601,45
73,36
200,47
171,17
149,34
669,14
532,23
224,56
189,15
153,31
252,0
603,45
70,36
307,47
203,17
215,34
657,14
433,23
206,56
186,15
151,31
225,0
544,45
84,36
292,47
196,17
182,34
526,14
420,23
236,56
166,15
151,31
294,0
622,45
81,36
224,47
180,17
178,34
598,14
385,23
236,56
171,15
164,31
262,0
590,45
79,36
254,47
189,17
177,34
1267,14
478,23
253,56
163,15
152,31
258,0
746,45
70,36
280,47
210,17
168,34
592,14
403,23
205,56
199,15
172,31
281,0
760,45
94,36
267,47
197,17
151,34
876,14
705,23
651,56
235,15
185,31
331,0
710,45
83,36
301,47
172,17
209,34
638,14
1152,23
692,56
262,15
271,31
295,0
724,45
97,36
636,47
182,17
239,34
660,14
480,23
316,56
189,15
236,31
277,0
654,45
87,36
313,47
202,17
201,34
719,14
467,23
260,56
189,15
205,31
242,0
700,45
91,36
278,47
224,17
177,34
827,14
489,23
247,56
177,15
734,31
325,0
648,45
78,36
262,47
234,17
219,34
698,14
607,23
262,56
176,15
248,31
285,0
675,45
72,36
280,47
239,17
191,34
712,14
496,23
264,56
204,15
183,31
253,0
643,45
90,36
344,47
216,17
197,34
715,14
457,23
220,56
222,15
215,31
287,0
644,45
74,36
853,47
217,17
200,34
787,14
534,23
307,56
255,15
232,31
280,0
583,45
80,36
475,47
218,17
197,34
829,14
425,23
241,56
198,15
215,31
252,0
617,45
82,36
309,47
229,17
190,34
692,14
451,23
255,56
202,15
234,31
282,0
708,45
81,36
337,47
172,17
201,34
954,14
524,23
245,56
206,15
134,31
314,0
631,45
84,36
274,47
184,17
163,34
939,14
615,23
226,56
180,15
156,31
252,0
649,45
75,36
273,47
176,17
184,34
705,14
677,23
317,56
197,15
256,31
252,0
586,45
82,36
284,47
216,17
138,34
743,14
470,23
259,56
165,15
187,31
251,0
724,45
61,36
246,47
213,17
161,34
761,14
416,23
234,56
192,15
176,31
247,0
700,45
79,36
277,47
220,17
134,34
663,14
401,23
213,56
186,15
175,31
243,0
614,45
2,36
300,47
180,17
187,34
651,14
389,23
208,56
192,15
149,31
239,0
595,45
89,36
228,47
198,17
148,34
1002,14
412,23
253,56
201,15
189,31
243,0
618,45
93,36
261,47
213,17
173,34
742,14
415,23
231,56
199,15
167,31
258,0
752,45
99,36
469,47
189,17
201,34
930,14
486,23
243,56
193,15
205,31
227,0
686,45
99,36
287,47
212,17
150,34
738,14
403,23
207,56
210,15
169,31
264,0
672,45
96,36
323,47
216,17
161,34
1376,14
570,23
238,56
170,15
157,31
235,0
641,45
101,36
250,47
223,17
186,34
692,14
388,23
209,56
210,15
184,31
273,0
876,45
81,36
257,47
229,17
142,34
670,14
384,23
217,56
187,15
206,31
270,0
628,45
86,36
304,47
219,17
175,34
711,14
397,23
224,56
208,15
203,31
252,0
596,45
69,36
262,47
210,17
175,34
698,14
414,23
206,56
176,15
196,31
263,0
607,45
87,36
505,47
208,17
189,34
640,14
402,23
203,56
190,15
158,31
247,0
990,45
122,36
295,47
200,17
225,34
860,14
522,23
232,56
200,15
147,31
263,0
653,45
94,36
226,47
242,17
186,34
626,14
370,23
204,56
196,15
149,31
257,0
637,45
103,36
228,47
212,17
164,34
652,14
425,23
206,56
172,15
184,31
254,0
659,45
95,36
282,47
172,17
183,34
684,14
377,23
187,56
184,15
167,31
243,0
746,45
87,36
258,47
207,17
177,34
624,14
407,23
192,56
189,15
170,31
245,0
686,45
101,36
254,47
194,17
180,34
783,14
482,23
191,56
190,15
142,31
257,0
970,45
105,36
606,47
215,17
186,34
622,14
373,23
203,56
238,15
191,31
265,0
819,45
78,36
316,47
201,17
194,34
718,14
550,23
250,56
201,15
174,31
297,0
726,45
97,36
239,47
212,17
195,34
746,14
402,23
211,56
217,15
158,31
274,0
678,45
110,36
295,47
179,17
209,34
619,14
359,23
218,56
210,15
179,31
274,0
674,45
91,36
288,47
217,17
174,34
725,14
381,23
200,56
186,15
162,31
257,0
605,45
96,36
498,47
271,17
191,34
719,14
414,23
199,56
219,15
154,31
274,0
634,45
98,36
262,47
211,17
188,34
698,14
434,23
251,56
178,15
138,31
258,0
684,45
92,36
236,47
197,17
178,34
948,14
487,23
217,56
178,15
124,31
244,0
631,45
95,36
247,47
216,17
194,34
918,14
622,23
204,56
194,15
136,31
248,0
629,45
95,36
256,47
199,17
170,34
1181,14
747,23
219,56
185,15
151,31
238,0
604,45
108,36
403,47
208,17
187,34
958,14
437,23
219,56
191,15
142,31
239,0
597,45
98,36
301,47
226,17
185,34
624,14
392,23
223,56
212,15
146,31
255,0
669,45
95,36
265,47
187,17
184,34
715,14
413,23
213,56
205,15
151,31
258,0
702,45
96,36
302,47
194,17
179,34
664,14
534,23
215,56
176,15
154,31
245,0
618,45
108,36
287,47
217,17
165,34
774,14
532,23
205,56
179,15
178,31
275,0
656,45
114,36
300,47
205,17
170,34
685,14
427,23
200,56
204,15
173,31
252,0
891,45
97,36
276,47
224,17
172,34
681,14
366,23
206,56
211,15
159,31
241,0
782,45
99,36
391,47
210,17
212,34
744,14
431,23
298,56
199,15
209,31
263,0
755,45
103,36
293,47
224,17
189,34
657,14
913,23
326,56
206,15
214,31
668,0
449,45
96,36
290,47
187,17
242,34
623,14
1556,23
524,56
239,15
244,31
363,0
707,45
73,36
355,47
190,17
236,34
697,14
416,23
289,56
200,15
229,31
254,0
641,45
101,36
431,47
219,17
194,34
613,14
424,23
236,56
211,15
210,31
261,0
598,45
82,36
321,47
221,17
200,34
610,14
446,23
261,56
212,15
218,31
281,0
598,45
106,36
339,47
248,17
188,34
618,14
459,23
257,56
191,15
213,31
251,0
583,45
78,36
323,47
214,17
203,34
788,14
505,23
256,56
182,15
177,31
275,0
568,45
90,36
265,47
190,17
186,34
549,14
473,23
242,56
169,15
176,31
251,0
587,45
96,36
259,47
262,17
195,34
664,14
553,23
290,56
187,15
206,31
234,0
625,45
95,36
258,47
217,17
168,34
873,14
419,23
242,56
189,15
164,31
247,0
611,45
57,36
260,47
213,17
164,34
737,14
421,23
244,56
159,15
200,31
236,0
547,45
83,36
255,47
238,17
168,34
628,14
1567,23
391,56
209,15
146,31
232,0
605,45
75,36
271,47
200,17
170,34
572,14
438,23
232,56
214,15
133,31
251,0
557,45
90,36
306,47
206,17
183,34
627,14
386,23
238,56
184,15
164,31
248,0
541,45
98,36
278,47
207,17
162,34
567,14
431,23
250,56
166,15
156,31
234,0
577,45
85,36
368,47
269,17
188,34
584,14
404,23
236,56
157,15
166,31
253,0
612,45
91,36
278,47
206,17
193,34
526,14
385,23
226,56
159,15
194,31
272,0
773,45
81,36
241,47
200,17
179,34
702,14
441,23
231,56
176,15
181,31
270,0
538,45
95,36
411,47
217,17
180,34
586,14
435,23
237,56
166,15
167,31
272,0
592,45
83,36
249,47
192,17
165,34
836,14
360,23
228,56
192,15
160,31
207,0
594,45
77,36
260,47
214,17
172,34
926,14
393,23
242,56
165,15
177,31
247,0
663,45
86,36
339,47
186,17
229,34
638,14
405,23
377,56
215,15
234,31
262,0
585,45
95,36
316,47
204,17
189,34
646,14
489,23
349,56
221,15
172,31
247,0
575,45
89,36
411,47
252,17
206,34
541,14
618,23
382,56
202,15
167,31
247,0
576,45
98,36
355,47
554,17
217,34
681,14
426,23
279,56
158,15
199,31
240,0
669,45
56,36
261,47
224,17
151,34
1370,14
977,23
447,56
228,15
229,31
218,0
647,45
91,36
324,47
203,17
178,34
733,14
497,23
264,56
185,15
138,31
223,0
803,45
81,36
445,47
221,17
183,34
580,14
376,23
217,56
179,15
175,31
258,0
629,45
85,36
231,47
204,17
139,34
688,14
423,23
227,56
178,15
143,31
248,0
580,45
89,36
242,47
200,17
159,34
558,14
412,23
240,56
158,15
136,31
234,0
601,45
86,36
398,47
200,17
189,34
602,14
401,23
235,56
172,15
160,31
235,0
582,45
85,36
251,47
192,17
175,34
592,14
439,23
235,56
197,15
166,31
250,0
584,45
93,36
289,47
267,17
180,34
755,14
1104,23
229,56
165,15
148,31
247,0
651,45
94,36
247,47
184,17
193,34
1193,14
521,23
233,56
192,15
108,31
235,0
638,45
74,36
278,47
234,17
177,34
968,14
872,23
284,56
234,15
162,31
245,0
758,45
85,36
327,47
198,17
199,34
671,14
498,23
299,56
200,15
164,31
236,0
739,45
53,36
305,47
191,17
175,34
613,14
1579,23
459,56
256,15
174,31
215,0
711,45
105,36
268,47
185,17
235,34
1390,14
514,23
335,56
201,15
144,31
222,0
842,45
90,36
312,47
215,17
195,34
557,14
849,23
566,56
219,15
186,31
236,0
683,45
93,36
296,47
198,17
181,34
609,14
549,23
352,56
266,15
164,31
234,0
611,45
78,36
295,47
201,17
172,34
564,14
707,23
412,56
229,15
174,31
216,0
666,45
67,36
270,47
203,17
175,34
610,14
557,23
432,56
205,15
187,31
237,0
656,45
79,36
246,47
242,17
166,34
673,14
491,23
239,56
183,15
122,31
248,0
837,45
91,36
359,47
189,17
196,34
580,14
1340,23
710,56
198,15
222,31
235,0
697,45
81,36
270,47
244,17
118,34
731,14
557,23
364,56
187,15
190,31
268,0
661,45
99,36
247,47
197,17
180,34
602,14
458,23
223,56
211,15
127,31
246,0
662,45
95,36
370,47
202,17
198,34
590,14
422,23
204,56
167,15
137,31
260,0
779,45
83,36
305,47
210,17
158,34
1074,14
662,23
242,56
163,15
147,31
242,0
601,45
85,36
287,47
189,17
173,34
1270,14
617,23
269,56
148,15
173,31
231,0
852,45
78,36
295,47
194,17
208,34
611,14
1525,23
804,56
234,15
207,31
380,0
654,45
81,36
291,47
202,17
217,34
599,14
495,23
435,56
237,15
236,31
242,0
656,45
33,36
308,47
223,17
203,34
569,14
495,23
289,56
218,15
129,31
266,0
656,45
87,36
511,47
242,17
199,34
646,14
696,23
536,56
235,15
244,31
355,0
597,45
83,36
318,47
221,17
197,34
671,14
482,23
302,56
249,15
179,31
228,0
673,45
23,36
903,47
213,17
239,34
680,14
470,23
277,56
230,15
126,31
240,0
687,45
87,36
278,47
219,17
202,34
594,14
417,23
285,56
216,15
167,31
242,0
994,45
100,36
307,47
202,17
215,34
585,14
434,23
255,56
224,15
219,31
240,0
672,45
33,36
243,47
218,17
190,34
671,14
436,23
245,56
232,15
160,31
266,0
625,45
103,36
286,47
200,17
202,34
605,14
433,23
299,56
183,15
175,31
245,0
1009,45
125,36
371,47
190,17
226,34
705,14
463,23
354,56
203,15
201,31
269,0
638,45
114,36
268,47
194,17
213,34
571,14
428,23
343,56
233,15
217,31
237,0
716,45
37,36
290,47
231,17
214,34
619,14
1082,23
690,56
233,15
178,31
245,0
631,45
94,36
251,47
196,17
226,34
554,14
472,23
290,56
220,15
156,31
260,0
624,45
91,36
253,47
225,17
193,34
622,14
511,23
312,56
227,15
184,31
265,0
666,45
6,36
302,47
192,17
213,34
572,14
404,23
245,56
222,15
140,31
252,0
590,45
103,36
262,47
190,17
215,34
555,14
379,23
251,56
211,15
200,31
247,0
610,45
98,36
195,47
232,17
186,34
784,14
447,23
271,56
304,15
76,31
808,0
646,45
90,36
272,47
197,17
216,34
542,14
428,23
302,56
229,15
184,31
258,0
597,45
97,36
318,47
223,17
203,34
558,14
449,23
276,56
192,15
188,31
243,0
640,45
90,36
244,47
207,17
184,34
611,14
756,23
365,56
199,15
169,31
243,0
1119,45
92,36
296,47
206,17
180,34
544,14
381,23
245,56
253,15
72,31
244,0
698,45
85,36
263,47
224,17
185,34
546,14
422,23
242,56
205,15
174,31
253,0
617,45
103,36
261,47
217,17
186,34
601,14
567,23
339,56
213,15
170,31
235,0
563,45
107,36
279,47
203,17
206,34
542,14
427,23
239,56
198,15
161,31
253,0
606,45
117,36
271,47
206,17
183,34
592,14
441,23
246,56
220,15
186,31
285,0
575,45
92,36
255,47
215,17
162,34
532,14
424,23
240,56
181,15
208,31
243,0
573,45
106,36
315,47
226,17
185,34
546,14
414,23
244,56
197,15
169,31
259,0
510,45
87,36
228,47
212,17
178,34
986,14
549,23
265,56
180,15
189,31
232,0
592,45
97,36
426,47
243,17
283,34
737,14
421,23
240,56
232,15
156,31
247,0
619,45
122,36
279,47
235,17
217,34
1173,14
626,23
283,56
168,15
181,31
244,0
627,45
105,36
266,47
201,17
185,34
621,14
416,23
226,56
213,15
157,31
249,0
476,45
95,36
394,47
291,17
184,34
1686,14
871,23
301,56
144,15
206,31
249,0
663,45
94,36
345,47
249,17
173,34
640,14
392,23
242,56
200,15
153,31
260,0
614,45
95,36
288,47
224,17
178,34
563,14
381,23
219,56
210,15
143,31
265,0
547,45
89,36
272,47
220,17
177,34
884,14
466,23
312,56
187,15
159,31
246,0
591,45
89,36
257,47
195,17
231,34
763,14
700,23
251,56
153,15
161,31
255,0
583,45
91,36
315,47
227,17
176,34
662,14
419,23
264,56
146,15
278,31
260,0
918,45
92,36
257,47
310,17
154,34
726,14
497,23
275,56
185,15
185,31
242,0
583,45
76,36
200,47
233,17
179,34
605,14
407,23
218,56
214,15
169,31
221,0
593,45
94,36
228,47
233,17
173,34
553,14
418,23
222,56
197,15
180,31
246,0
642,45
79,36
280,47
225,17
155,34
512,14
418,23
253,56
144,15
203,31
238,0
548,45
89,36
231,47
206,17
166,34
550,14
403,23
242,56
208,15
164,31
246,0
602,45
81,36
226,47
189,17
185,34
567,14
400,23
220,56
201,15
141,31
223,0
584,45
72,36
257,47
209,17
165,34
645,14
435,23
250,56
197,15
185,31
239,0
616,45
79,36
225,47
186,17
172,34
681,14
879,23
331,56
167,15
137,31
238,0
622,45
85,36
1241,47
271,17
193,34
746,14
442,23
225,56
167,15
159,31
253,0
642,45
75,36
362,47
185,17
183,34
952,14
463,23
590,56
209,15
168,31
224,0
578,45
81,36
172,47
202,17
167,34
715,14
543,23
224,56
157,15
178,31
227,0
584,45
94,36
221,47
212,17
165,34
637,14
415,23
227,56
196,15
154,31
230,0
560,45
80,36
335,47
205,17
219,34
775,14
492,23
296,56
240,15
219,31
260,0
655,45
34,36
675,47
419,17
214,34
732,14
525,23
262,56
192,15
192,31
240,0
573,45
85,36
286,47
199,17
220,34
585,14
456,23
240,56
254,15
147,31
248,0
596,45
75,36
219,47
189,17
185,34
769,14
655,23
268,56
443,15
232,31
290,0
692,45
5,36
519,47
252,17
215,34
1183,14
552,23
267,56
167,15
187,31
243,0
701,45
89,36
285,47
187,17
190,34
1067,14
872,23
240,56
208,15
159,31
219,0
639,45
74,36
233,47
188,17
184,34
861,14
801,23
250,56
208,15
150,31
250,0
895,45
69,36
291,47
175,17
213,34
1097,14
523,23
233,56
192,15
172,31
222,0
686,45
81,36
231,47
175,17
195,34
772,14
494,23
209,56
190,15
162,31
232,0
630,45
87,36
215,47
196,17
179,34
610,14
418,23
217,56
216,15
196,31
271,0
579,45
87,36
237,47
178,17
193,34
607,14
417,23
223,56
197,15
187,31
227,0
564,45
65,36
247,47
188,17
166,34
959,14
965,23
298,56
807,15
247,31
406,0
609,45
86,36
286,47
174,17
198,34
961,14
654,23
262,56
188,15
152,31
228,0
623,45
89,36
221,47
163,17
174,34
592,14
402,23
187,56
189,15
137,31
221,0
529,45
86,36
247,47
181,17
171,34
659,14
472,23
249,56
204,15
161,31
262,0
713,45
98,36
252,47
177,17
199,34
599,14
467,23
249,56
227,15
213,31
386,0
616,45
86,36
302,47
177,17
203,34
745,14
465,23
261,56
174,15
170,31
240,0
594,45
85,36
240,47
165,17
192,34
864,14
762,23
259,56
169,15
154,31
221,0
556,45
65,36
269,47
152,17
204,34
688,14
523,23
210,56
182,15
143,31
245,0
549,45
81,36
264,47
196,17
197,34
968,14
564,23
214,56
182,15
150,31
239,0
607,45
89,36
278,47
577,17
196,34
616,14
592,23
269,56
212,15
158,31
239,0
573,45
92,36
287,47
224,17
192,34
646,14
429,23
287,56
260,15
213,31
237,0
574,45
96,36
266,47
162,17
185,34
731,14
559,23
206,56
159,15
159,31
233,0
529,45
91,36
264,47
190,17
158,34
546,14
376,23
206,56
195,15
168,31
231,0
605,45
101,36
294,47
188,17
185,34
640,14
420,23
199,56
181,15
144,31
232,0
559,45
85,36
259,47
179,17
179,34
780,14
523,23
206,56
155,15
145,31
245,0
623,45
89,36
273,47
206,17
149,34
660,14
543,23
263,56
176,15
162,31
232,0
562,45
87,36
250,47
189,17
171,34
994,14
597,23
214,56
180,15
122,31
233,0
634,45
87,36
1064,47
292,17
203,34
1322,14
599,23
227,56
189,15
128,31
247,0
664,45
78,36
251,47
196,17
157,34
651,14
430,23
200,56
158,15
152,31
230,0
609,45
82,36
637,47
256,17
164,34
726,14
464,23
221,56
207,15
119,31
248,0
606,45
85,36
341,47
197,17
183,34
684,14
494,23
198,56
141,15
166,31
222,0
552,45
86,36
415,47
215,17
180,34
591,14
637,23
313,56
202,15
149,31
232,0
510,45
92,36
296,47
193,17
152,34
582,14
408,23
237,56
173,15
144,31
246,0
668,45
89,36
298,47
200,17
190,34
942,14
888,23
248,56
195,15
120,31
233,0
608,45
92,36
285,47
187,17
163,34
1283,14
455,23
208,56
167,15
132,31
233,0
558,45
94,36
255,47
177,17
163,34
658,14
421,23
244,56
174,15
150,31
226,0
539,45
101,36
334,47
170,17
192,34
511,14
387,23
221,56
162,15
154,31
248,0
623,45
73,36
254,47
183,17
145,34
666,14
403,23
214,56
158,15
167,31
229,0
540,45
85,36
350,47
177,17
173,34
1032,14
467,23
232,56
156,15
142,31
233,0
560,45
95,36
274,47
164,17
175,34
895,14
557,23
270,56
201,15
143,31
214,0
556,45
85,36
243,47
164,17
200,34
894,14
447,23
223,56
179,15
152,31
234,0
582,45
88,36
274,47
203,17
156,34
639,14
442,23
258,56
194,15
143,31
244,0
581,45
103,36
271,47
205,17
174,34
1114,14
475,23
251,56
183,15
167,31
240,0
615,45
88,36
276,47
219,17
160,34
742,14
516,23
276,56
174,15
181,31
213,0
584,45
104,36
326,47
198,17
170,34
568,14
410,23
215,56
175,15
185,31
240,0
755,45
88,36
250,47
187,17
159,34
645,14
430,23
218,56
201,15
139,31
212,0
602,45
63,36
305,47
181,17
171,34
725,14
409,23
237,56
185,15
162,31
241,0
592,45
99,36
257,47
202,17
152,34
1031,14
1137,23
623,56
236,15
555,31
395,0
643,45
99,36
251,47
189,17
167,34
573,14
406,23
230,56
208,15
162,31
233,0
597,45
88,36
345,47
182,17
272,34
838,14
715,23
377,56
240,15
235,31
247,0
891,45
27,36
291,47
216,17
206,34
705,14
474,23
268,56
228,15
154,31
265,0
653,45
99,36
242,47
207,17
207,34
670,14
511,23
265,56
178,15
160,31
244,0
570,45
92,36
254,47
208,17
191,34
632,14
440,23
258,56
246,15
267,31
185,0
736,45
96,36
232,47
197,17
188,34
597,14
463,23
289,56
211,15
227,31
313,0
646,45
90,36
268,47
219,17
181,34
646,14
396,23
255,56
212,15
235,31
251,0
646,45
98,36
261,47
269,17
178,34
668,14
427,23
246,56
229,15
166,31
283,0
739,45
78,36
255,47
221,17
180,34
637,14
430,23
281,56
226,15
173,31
251,0
677,45
81,36
247,47
212,17
170,34
658,14
393,23
239,56
194,15
185,31
262,0
661,45
97,36
397,47
183,17
206,34
593,14
382,23
231,56
197,15
170,31
236,0
705,45
86,36
288,47
189,17
209,34
576,14
432,23
260,56
232,15
178,31
262,0
612,45
89,36
300,47
223,17
865,34
773,14
421,23
244,56
244,15
155,31
269,0
692,45
95,36
519,47
197,17
218,34
676,14
442,23
214,56
244,15
163,31
256,0
675,45
94,36
295,47
221,17
201,34
727,14
435,23
277,56
181,15
189,31
251,0
602,45
91,36
504,47
168,17
376,34
739,14
2248,23
440,56
227,15
161,31
226,0
664,45
80,36
266,47
190,17
184,34
823,14
494,23
271,56
185,15
154,31
232,0
619,45
93,36
260,47
220,17
161,34
649,14
392,23
288,56
173,15
188,31
238,0
621,45
88,36
285,47
252,17
194,34
694,14
429,23
249,56
197,15
185,31
256,0
619,45
99,36
325,47
228,17
194,34
870,14
428,23
231,56
209,15
166,31
244,0
696,45
84,36
469,47
261,17
179,34
620,14
396,23
235,56
191,15
170,31
248,0
648,45
83,36
279,47
234,17
182,34
609,14
628,23
271,56
165,15
152,31
264,0
818,45
87,36
329,47
206,17
176,34
801,14
401,23
234,56
253,15
180,31
248,0
672,45
68,36
387,47
219,17
190,34
617,14
686,23
474,56
272,15
179,31
252,0
686,45
9,36
316,47
197,17
186,34
536,14
435,23
240,56
193,15
173,31
243,0
567,45
108,36
250,47
253,17
159,34
713,14
423,23
224,56
223,15
161,31
266,0
605,45
99,36
320,47
247,17
161,34
633,14
753,23
324,56
221,15
146,31
235,0
621,45
105,36
314,47
202,17
163,34
892,14
755,23
307,56
212,15
179,31
246,0
642,45
84,36
311,47
225,17
149,34
624,14
650,23
258,56
209,15
153,31
269,0
607,45
110,36
288,47
239,17
176,34
565,14
465,23
239,56
196,15
193,31
263,0
632,45
94,36
329,47
189,17
207,34
756,14
437,23
239,56
195,15
168,31
233,0
585,45
101,36
282,47
215,17
177,34
647,14
487,23
249,56
203,15
160,31
257,0
600,45
108,36
832,47
223,17
239,34
1053,14
597,23
245,56
174,15
144,31
237,0
572,45
72,36
252,47
219,17
164,34
590,14
433,23
248,56
163,15
142,31
242,0
594,45
72,36
284,47
251,17
182,34
709,14
425,23
250,56
207,15
152,31
252,0
686,45
96,36
322,47
249,17
224,34
919,14
934,23
372,56
203,15
158,31
251,0
636,45
94,36
281,47
224,17
183,34
681,14
410,23
239,56
207,15
195,31
258,0
607,45
108,36
264,47
237,17
157,34
650,14
411,23
235,56
197,15
146,31
253,0
856,45
106,36
279,47
248,17
180,34
931,14
426,23
252,56
194,15
162,31
242,0
596,45
96,36
234,47
236,17
168,34
678,14
417,23
260,56
178,15
185,31
258,0
679,45
77,36
290,47
233,17
172,34
600,14
445,23
247,56
167,15
193,31
254,0
586,45
107,36
409,47
201,17
209,34
645,14
385,23
235,56
204,15
154,31
244,0
665,45
112,36
302,47
244,17
141,34
554,14
407,23
254,56
167,15
203,31
246,0
589,45
110,36
337,47
847,17
216,34
653,14
401,23
487,56
249,15
230,31
237,0
857,45
76,36
347,47
215,17
175,34
542,14
407,23
252,56
190,15
186,31
244,0
642,45
101,36
240,47
212,17
148,34
631,14
420,23
232,56
163,15
204,31
257,0
573,45
98,36
253,47
233,17
149,34
600,14
543,23
356,56
230,15
145,31
248,0
555,45
82,36
272,47
207,17
163,34
555,14
560,23
296,56
186,15
181,31
254,0
743,45
111,36
352,47
204,17
202,34
614,14
400,23
268,56
169,15
179,31
245,0
579,45
114,36
245,47
232,17
155,34
902,14
463,23
288,56
270,15
205,31
284,0
619,45
97,36
447,47
217,17
177,34
543,14
377,23
244,56
150,15
198,31
248,0
1072,45
85,36
380,47
183,17
246,34
710,14
511,23
410,56
255,15
236,31
274,0
1063,45
115,36
311,47
207,17
196,34
566,14
456,23
361,56
223,15
203,31
259,0
528,45
99,36
322,47
233,17
156,34
747,14
593,23
285,56
190,15
174,31
263,0
715,45
86,36
313,47
223,17
226,34
683,14
431,23
265,56
211,15
187,31
251,0
602,45
101,36
364,47
201,17
209,34
611,14
444,23
256,56
224,15
194,31
254,0
616,45
94,36
264,47
204,17
215,34
735,14
630,23
375,56
263,15
132,31
251,0
562,45
95,36
299,47
238,17
199,34
612,14
437,23
325,56
211,15
236,31
235,0
588,45
96,36
252,47
176,17
201,34
1129,14
389,23
258,56
216,15
216,31
208,0
652,45
106,36
282,47
207,17
210,34
606,14
414,23
245,56
197,15
184,31
234,0
642,45
80,36
279,47
246,17
163,34
698,14
418,23
242,56
220,15
162,31
253,0
540,45
103,36
261,47
230,17
176,34
682,14
466,23
290,56
199,15
171,31
238,0
601,45
102,36
265,47
213,17
175,34
557,14
452,23
238,56
216,15
234,31
234,0
702,45
27,36
239,47
248,17
159,34
586,14
474,23
285,56
192,15
186,31
260,0
593,45
90,36
241,47
282,17
203,34
616,14
438,23
250,56
183,15
190,31
250,0
645,45
96,36
286,47
319,17
218,34
762,14
464,23
266,56
191,15
196,31
260,0
659,45
92,36
251,47
249,17
181,34
623,14
411,23
233,56
203,15
156,31
256,0
588,45
95,36
238,47
218,17
184,34
532,14
433,23
238,56
145,15
201,31
224,0
586,45
91,36
238,47
215,17
161,34
551,14
407,23
234,56
175,15
174,31
250,0
596,45
92,36
248,47
195,17
174,34
588,14
392,23
232,56
203,15
188,31
222,0
618,45
89,36
281,47
243,17
191,34
857,14
409,23
279,56
199,15
204,31
236,0
1021,45
114,36
277,47
223,17
173,34
916,14
440,23
258,56
198,15
180,31
273,0
644,45
104,36
273,47
240,17
168,34
534,14
395,23
209,56
200,15
207,31
258,0
639,45
97,36
293,47
221,17
176,34
539,14
405,23
213,56
209,15
176,31
253,0
572,45
104,36
258,47
194,17
183,34
550,14
401,23
255,56
185,15
184,31
250,0
624,45
105,36
234,47
239,17
157,34
503,14
418,23
262,56
187,15
181,31
249,0
591,45
100,36
280,47
600,17
250,34
773,14
451,23
324,56
115,15
195,31
268,0
678,45
94,36
272,47
195,17
177,34
437,14
382,23
237,56
197,15
172,31
241,0
609,45
94,36
218,47
215,17
188,34
657,14
374,23
240,56
193,15
168,31
249,0
1025,45
119,36
305,47
190,17
181,34
502,14
390,23
245,56
218,15
159,31
250,0
610,45
110,36
312,47
189,17
191,34
554,14
421,23
243,56
131,15
177,31
254,0
614,45
101,36
223,47
230,17
168,34
564,14
434,23
242,56
208,15
172,31
260,0
817,45
100,36
245,47
243,17
153,34
504,14
367,23
218,56
202,15
165,31
264,0
683,45
110,36
234,47
232,17
161,34
527,14
410,23
257,56
165,15
206,31
242,0
623,45
106,36
239,47
201,17
178,34
468,14
410,23
246,56
176,15
164,31
268,0
655,45
91,36
222,47
231,17
145,34
557,14
401,23
260,56
156,15
168,31
256,0
710,45
92,36
253,47
234,17
147,34
534,14
412,23
256,56
189,15
172,31
257,0
633,45
104,36
217,47
221,17
177,34
553,14
425,23
270,56
149,15
200,31
258,0
617,45
84,36
301,47
174,17
184,34
590,14
370,23
230,56
186,15
166,31
213,0
624,45
106,36
247,47
181,17
173,34
575,14
404,23
215,56
215,15
149,31
243,0
601,45
104,36
264,47
202,17
171,34
489,14
397,23
248,56
218,15
171,31
231,0
559,45
97,36
229,47
198,17
166,34
556,14
590,23
399,56
214,15
135,31
233,0
629,45
90,36
360,47
240,17
210,34
895,14
418,23
876,56
198,15
157,31
245,0
663,45
43,36
218,47
193,17
200,34
482,14
429,23
238,56
237,15
152,31
242,0
602,45
97,36
755,47
255,17
174,34
590,14
553,23
382,56
222,15
166,31
255,0
638,45
52,36
391,47
265,17
195,34
522,14
422,23
241,56
236,15
152,31
261,0
615,45
117,36
310,47
210,17
192,34
522,14
483,23
543,56
616,15
708,31
257,0
683,45
84,36
249,47
194,17
194,34
558,14
498,23
263,56
221,15
162,31
261,0
558,45
109,36
401,47
205,17
207,34
851,14
1031,23
662,56
280,15
163,31
234,0
733,45
137,36
283,47
194,17
203,34
520,14
1965,23
352,56
852,15
461,31
355,0
602,45
97,36
533,47
232,17
214,34
704,14
842,23
519,56
260,15
176,31
228,0
774,45
123,36
