387,47
237,17
349,34
487,14
483,23
380,56
309,15
214,31
269,0
389,45
94,36
901,47
222,17
245,34
409,14
464,23
265,56
207,15
187,31
195,0
380,45
90,36
314,47
189,17
252,34
524,14
612,23
301,56
202,15
217,31
201,0
322,45
84,36
275,47
163,17
246,34
686,14
422,23
231,56
228,15
176,31
195,0
310,45
79,36
245,47
178,17
231,34
419,14
478,23
260,56
194,15
193,31
234,0
338,45
94,36
285,47
194,17
201,34
357,14
514,23
274,56
482,15
362,31
282,0
351,45
85,36
246,47
193,17
213,34
539,14
412,23
248,56
216,15
159,31
211,0
829,45
87,36
282,47
166,17
221,34
403,14
394,23
264,56
224,15
181,31
208,0
320,45
96,36
230,47
161,17
217,34
293,14
434,23
250,56
488,15
291,31
232,0
325,45
90,36
241,47
173,17
190,34
317,14
480,23
325,56
297,15
213,31
222,0
317,45
97,36
389,47
253,17
221,34
511,14
504,23
332,56
225,15
188,31
178,0
300,45
81,36
266,47
241,17
206,34
256,14
477,23
293,56
221,15
172,31
224,0
361,45
87,36
250,47
210,17
196,34
368,14
913,23
317,56
227,15
167,31
204,0
306,45
89,36
204,47
196,17
216,34
568,14
448,23
337,56
262,15
161,31
206,0
311,45
95,36
215,47
172,17
227,34
458,14
389,23
255,56
231,15
183,31
217,0
962,45
70,36
201,47
194,17
209,34
265,14
384,23
288,56
215,15
188,31
635,0
450,45
89,36
206,47
183,17
190,34
273,14
409,23
247,56
234,15
184,31
247,0
888,45
81,36
233,47
174,17
205,34
277,14
409,23
262,56
218,15
171,31
237,0
314,45
99,36
195,47
202,17
199,34
285,14
586,23
353,56
225,15
145,31
228,0
293,45
97,36
197,47
174,17
198,34
280,14
373,23
273,56
231,15
218,31
254,0
339,45
100,36
253,47
195,17
226,34
231,14
391,23
255,56
209,15
177,31
210,0
314,45
96,36
209,47
180,17
215,34
287,14
422,23
255,56
250,15
149,31
216,0
276,45
100,36
247,47
167,17
199,34
278,14
387,23
246,56
218,15
164,31
222,0
406,45
87,36
301,47
173,17
200,34
270,14
427,23
248,56
340,15
280,31
233,0
331,45
97,36
206,47
186,17
201,34
273,14
391,23
269,56
263,15
199,31
231,0
329,45
100,36
271,47
182,17
215,34
488,14
453,23
280,56
210,15
201,31
210,0
370,45
88,36
231,47
201,17
169,34
280,14
405,23
299,56
223,15
160,31
231,0
312,45
95,36
328,47
219,17
231,34
636,14
752,23
349,56
237,15
173,31
231,0
353,45
89,36
235,47
162,17
210,34
537,14
375,23
279,56
238,15
182,31
295,0
355,45
95,36
270,47
166,17
224,34
245,14
386,23
268,56
241,15
222,31
218,0
319,45
100,36
212,47
167,17
191,34
255,14
438,23
351,56
285,15
198,31
264,0
410,45
97,36
237,47
196,17
198,34
250,14
392,23
283,56
218,15
169,31
225,0
338,45
102,36
204,47
187,17
214,34
319,14
434,23
282,56
503,15
287,31
252,0
333,45
104,36
201,47
211,17
191,34
248,14
365,23
275,56
239,15
189,31
233,0
324,45
93,36
256,47
181,17
200,34
274,14
376,23
284,56
380,15
291,31
255,0
339,45
98,36
232,47
208,17
189,34
398,14
388,23
253,56
211,15
190,31
231,0
313,45
93,36
282,47
194,17
186,34
226,14
374,23
235,56
293,15
266,31
258,0
315,45
92,36
234,47
209,17
208,34
263,14
366,23
276,56
224,15
197,31
214,0
333,45
91,36
319,47
215,17
233,34
542,14
384,23
230,56
203,15
190,31
211,0
341,45
90,36
201,47
181,17
241,34
430,14
379,23
292,56
237,15
181,31
214,0
338,45
92,36
217,47
185,17
178,34
267,14
371,23
298,56
229,15
183,31
221,0
332,45
93,36
229,47
210,17
173,34
311,14
417,23
289,56
215,15
188,31
196,0
290,45
101,36
263,47
177,17
221,34
255,14
384,23
285,56
219,15
156,31
219,0
296,45
93,36
251,47
168,17
507,34
319,14
340,23
277,56
232,15
189,31
211,0
336,45
90,36
243,47
199,17
179,34
264,14
352,23
283,56
226,15
186,31
224,0
339,45
97,36
323,47
195,17
214,34
257,14
364,23
293,56
229,15
163,31
232,0
321,45
97,36
219,47
197,17
177,34
295,14
383,23
247,56
270,15
212,31
459,0
401,45
97,36
218,47
168,17
190,34
264,14
354,23
285,56
216,15
157,31
234,0
364,45
78,36
265,47
181,17
200,34
296,14
349,23
279,56
201,15
172,31
200,0
367,45
87,36
842,47
278,17
237,34
497,14
770,23
301,56
237,15
165,31
216,0
739,45
73,36
471,47
245,17
325,34
662,14
543,23
375,56
291,15
246,31
266,0
943,45
108,36
423,47
425,17
360,34
543,14
436,23
349,56
241,15
202,31
247,0
411,45
108,36
343,47
208,17
656,34
369,14
483,23
296,56
336,15
296,31
279,0
421,45
106,36
947,47
226,17
203,34
460,14
496,23
367,56
224,15
223,31
262,0
398,45
100,36
343,47
234,17
222,34
273,14
486,23
310,56
304,15
218,31
295,0
412,45
105,36
458,47
203,17
247,34
798,14
494,23
296,56
254,15
199,31
249,0
408,45
102,36
308,47
207,17
241,34
322,14
451,23
254,56
220,15
206,31
240,0
487,45
106,36
298,47
195,17
217,34
421,14
396,23
240,56
216,15
183,31
250,0
491,45
91,36
305,47
156,17
231,34
304,14
529,23
324,56
246,15
204,31
228,0
388,45
103,36
293,47
156,17
212,34
363,14
430,23
293,56
205,15
180,31
222,0
358,45
105,36
244,47
172,17
218,34
304,14
549,23
331,56
266,15
204,31
755,0
497,45
31,36
279,47
162,17
212,34
388,14
829,23
288,56
189,15
197,31
236,0
391,45
117,36
378,47
199,17
207,34
304,14
424,23
262,56
263,15
185,31
229,0
392,45
108,36
248,47
178,17
303,34
374,14
551,23
295,56
233,15
156,31
226,0
375,45
105,36
244,47
193,17
179,34
292,14
425,23
244,56
337,15
300,31
307,0
489,45
121,36
376,47
180,17
231,34
294,14
417,23
247,56
255,15
229,31
288,0
442,45
108,36
263,47
181,17
206,34
276,14
408,23
225,56
234,15
194,31
253,0
450,45
105,36
236,47
163,17
189,34
280,14
417,23
273,56
224,15
173,31
214,0
377,45
122,36
253,47
191,17
195,34
299,14
406,23
260,56
299,15
221,31
233,0
361,45
112,36
272,47
212,17
191,34
258,14
407,23
729,56
388,15
322,31
329,0
373,45
122,36
1381,47
207,17
374,34
710,14
838,23
402,56
231,15
192,31
250,0
451,45
101,36
354,47
204,17
221,34
281,14
378,23
278,56
284,15
231,31
279,0
388,45
118,36
263,47
189,17
224,34
255,14
420,23
237,56
229,15
196,31
189,0
410,45
111,36
263,47
179,17
212,34
288,14
438,23
336,56
309,15
198,31
215,0
415,45
96,36
241,47
190,17
216,34
265,14
425,23
259,56
261,15
204,31
225,0
615,45
98,36
313,47
177,17
189,34
254,14
436,23
280,56
214,15
198,31
234,0
329,45
109,36
484,47
199,17
212,34
272,14
394,23
277,56
199,15
155,31
245,0
329,45
115,36
300,47
190,17
203,34
273,14
431,23
283,56
198,15
187,31
212,0
338,45
114,36
221,47
181,17
181,34
273,14
664,23
355,56
195,15
173,31
215,0
388,45
93,36
609,47
174,17
197,34
250,14
435,23
715,56
322,15
224,31
255,0
409,45
113,36
1192,47
182,17
207,34
285,14
414,23
252,56
226,15
196,31
195,0
329,45
124,36
253,47
197,17
214,34
257,14
401,23
229,56
266,15
186,31
234,0
371,45
101,36
526,47
190,17
287,34
352,14
964,23
252,56
180,15
177,31
233,0
387,45
102,36
316,47
173,17
251,34
308,14
392,23
288,56
259,15
235,31
370,0
719,45
87,36
280,47
190,17
211,34
254,14
389,23
234,56
236,15
226,31
245,0
393,45
111,36
235,47
207,17
196,34
463,14
497,23
441,56
253,15
187,31
210,0
333,45
116,36
253,47
175,17
218,34
253,14
389,23
264,56
277,15
244,31
658,0
390,45
64,36
878,47
230,17
245,34
379,14
370,23
245,56
203,15
188,31
228,0
307,45
124,36
266,47
212,17
208,34
274,14
404,23
284,56
215,15
169,31
257,0
331,45
116,36
258,47
195,17
221,34
277,14
432,23
260,56
464,15
320,31
305,0
456,45
112,36
324,47
200,17
209,34
272,14
392,23
239,56
208,15
169,31
248,0
346,45
117,36
257,47
188,17
227,34
240,14
391,23
284,56
260,15
252,31
278,0
721,45
103,36
251,47
192,17
170,34
319,14
447,23
271,56
193,15
189,31
212,0
354,45
107,36
268,47
214,17
219,34
309,14
450,23
283,56
210,15
175,31
231,0
349,45
117,36
327,47
188,17
196,34
306,14
445,23
279,56
220,15
185,31
225,0
368,45
87,36
517,47
173,17
218,34
271,14
391,23
235,56
373,15
318,31
388,0
367,45
105,36
286,47
206,17
183,34
273,14
384,23
259,56
208,15
203,31
228,0
773,45
91,36
278,47
188,17
183,34
306,14
406,23
229,56
204,15
192,31
228,0
333,45
92,36
310,47
207,17
222,34
446,14
521,23
320,56
208,15
183,31
215,0
388,45
96,36
389,47
191,17
201,34
271,14
365,23
250,56
210,15
173,31
242,0
309,45
82,36
396,47
231,17
531,34
465,14
648,23
425,56
308,15
234,31
214,0
515,45
101,36
348,47
223,17
298,34
430,14
421,23
279,56
267,15
188,31
238,0
373,45
101,36
362,47
231,17
243,34
674,14
958,23
338,56
286,15
220,31
172,0
398,45
105,36
371,47
234,17
266,34
531,14
439,23
268,56
259,15
191,31
211,0
422,45
93,36
446,47
224,17
254,34
483,14
606,23
270,56
307,15
221,31
231,0
398,45
105,36
598,47
178,17
248,34
349,14
546,23
373,56
282,15
157,31
226,0
361,45
95,36
412,47
227,17
237,34
319,14
448,23
307,56
455,15
300,31
329,0
633,45
90,36
348,47
273,17
270,34
288,14
475,23
319,56
248,15
194,31
221,0
704,45
95,36
423,47
286,17
242,34
292,14
631,23
271,56
212,15
183,31
200,0
406,45
100,36
382,47
229,17
215,34
268,14
412,23
266,56
301,15
240,31
284,0
911,45
95,36
295,47
184,17
254,34
288,14
441,23
257,56
231,15
225,31
242,0
838,45
99,36
2028,47
230,17
258,34
366,14
414,23
266,56
253,15
193,31
253,0
1055,45
95,36
450,47
215,17
226,34
319,14
431,23
311,56
225,15
189,31
256,0
582,45
86,36
338,47
221,17
241,34
277,14
433,23
272,56
219,15
180,31
214,0
1781,45
101,36
689,47
222,17
258,34
346,14
411,23
232,56
240,15
193,31
233,0
463,45
103,36
317,47
249,17
165,34
625,14
550,23
330,56
213,15
193,31
242,0
374,45
103,36
310,47
215,17
220,34
286,14
410,23
249,56
773,15
309,31
259,0
432,45
112,36
368,47
192,17
204,34
618,14
499,23
356,56
362,15
328,31
315,0
354,45
94,36
390,47
296,17
327,34
310,14
465,23
315,56
268,15
270,31
309,0
362,45
100,36
396,47
301,17
810,34
342,14
622,23
320,56
354,15
347,31
282,0
758,45
95,36
463,47
254,17
290,34
317,14
405,23
305,56
308,15
244,31
302,0
458,45
104,36
643,47
218,17
280,34
315,14
464,23
285,56
243,15
223,31
313,0
414,45
100,36
377,47
265,17
257,34
326,14
473,23
325,56
292,15
242,31
269,0
411,45
106,36
395,47
261,17
263,34
307,14
514,23
286,56
231,15
220,31
300,0
412,45
89,36
375,47
257,17
286,34
292,14
427,23
291,56
277,15
196,31
283,0
416,45
99,36
398,47
242,17
266,34
299,14
451,23
323,56
280,15
280,31
289,0
463,45
101,36
380,47
255,17
252,34
741,14
638,23
360,56
284,15
238,31
322,0
332,45
90,36
296,47
214,17
294,34
321,14
414,23
294,56
249,15
200,31
301,0
397,45
80,36
443,47
255,17
325,34
304,14
455,23
324,56
256,15
184,31
246,0
339,45
90,36
397,47
278,17
307,34
283,14
419,23
265,56
251,15
205,31
280,0
333,45
102,36
297,47
230,17
258,34
308,14
436,23
257,56
249,15
216,31
271,0
361,45
89,36
361,47
259,17
270,34
283,14
473,23
271,56
259,15
227,31
284,0
354,45
86,36
281,47
248,17
262,34
277,14
445,23
272,56
263,15
214,31
270,0
509,45
100,36
721,47
225,17
262,34
344,14
457,23
251,56
239,15
177,31
286,0
390,45
80,36
346,47
287,17
282,34
299,14
578,23
310,56
268,15
276,31
302,0
320,45
92,36
338,47
277,17
266,34
304,14
419,23
294,56
286,15
227,31
294,0
378,45
91,36
354,47
276,17
299,34
302,14
431,23
246,56
256,15
206,31
262,0
613,45
96,36
311,47
254,17
289,34
366,14
556,23
343,56
579,15
288,31
370,0
930,45
100,36
513,47
252,17
242,34
582,14
487,23
259,56
232,15
225,31
294,0
333,45
100,36
296,47
259,17
384,34
529,14
620,23
299,56
268,15
217,31
295,0
347,45
97,36
637,47
325,17
294,34
352,14
472,23
292,56
246,15
231,31
301,0
371,45
96,36
373,47
257,17
268,34
301,14
400,23
278,56
295,15
239,31
307,0
473,45
101,36
339,47
262,17
226,34
763,14
480,23
282,56
264,15
217,31
281,0
319,45
94,36
307,47
245,17
281,34
284,14
462,23
279,56
246,15
224,31
278,0
344,45
91,36
301,47
251,17
292,34
285,14
489,23
515,56
308,15
297,31
344,0
475,45
110,36
404,47
244,17
221,34
288,14
425,23
240,56
257,15
222,31
288,0
785,45
82,36
349,47
247,17
456,34
466,14
765,23
326,56
261,15
222,31
318,0
361,45
94,36
358,47
256,17
258,34
281,14
384,23
257,56
233,15
217,31
281,0
389,45
86,36
343,47
266,17
255,34
273,14
393,23
245,56
231,15
210,31
284,0
403,45
95,36
392,47
221,17
236,34
269,14
405,23
249,56
244,15
186,31
300,0
336,45
93,36
511,47
770,17
355,34
458,14
437,23
395,56
269,15
208,31
274,0
554,45
101,36
381,47
236,17
323,34
359,14
434,23
347,56
235,15
189,31
251,0
348,45
102,36
385,47
246,17
271,34
307,14
554,23
358,56
253,15
190,31
254,0
359,45
97,36
360,47
244,17
257,34
314,14
498,23
330,56
229,15
176,31
241,0
356,45
85,36
358,47
293,17
243,34
279,14
479,23
296,56
207,15
186,31
210,0
687,45
85,36
602,47
206,17
234,34
294,14
416,23
259,56
234,15
193,31
225,0
417,45
88,36
464,47
195,17
248,34
300,14
534,23
297,56
209,15
179,31
238,0
592,45
98,36
443,47
202,17
221,34
287,14
459,23
300,56
202,15
203,31
247,0
624,45
78,36
354,47
200,17
203,34
274,14
379,23
264,56
231,15
205,31
190,0
361,45
96,36
356,47
216,17
204,34
264,14
384,23
271,56
229,15
176,31
225,0
328,45
98,36
324,47
209,17
199,34
273,14
398,23
249,56
211,15
164,31
229,0
327,45
95,36
344,47
205,17
192,34
280,14
412,23
270,56
215,15
183,31
223,0
346,45
88,36
320,47
246,17
192,34
302,14
479,23
288,56
206,15
170,31
222,0
310,45
97,36
294,47
223,17
202,34
281,14
457,23
358,56
230,15
205,31
278,0
345,45
81,36
459,47
217,17
468,34
311,14
379,23
234,56
266,15
218,31
237,0
352,45
89,36
385,47
329,17
263,34
332,14
392,23
254,56
219,15
173,31
233,0
302,45
92,36
289,47
193,17
199,34
282,14
413,23
254,56
220,15
190,31
219,0
333,45
86,36
405,47
189,17
201,34
299,14
399,23
219,56
227,15
199,31
236,0
693,45
88,36
383,47
202,17
202,34
250,14
414,23
285,56
477,15
298,31
252,0
340,45
95,36
352,47
220,17
192,34
279,14
443,23
343,56
212,15
181,31
213,0
351,45
92,36
310,47
190,17
205,34
272,14
397,23
253,56
214,15
195,31
241,0
364,45
87,36
750,47
192,17
239,34
276,14
414,23
239,56
202,15
209,31
246,0
330,45
89,36
243,47
200,17
198,34
258,14
417,23
251,56
202,15
181,31
233,0
314,45
86,36
518,47
419,17
241,34
305,14
355,23
242,56
207,15
175,31
231,0
677,45
82,36
338,47
222,17
217,34
264,14
353,23
241,56
211,15
199,31
224,0
689,45
84,36
336,47
199,17
201,34
295,14
369,23
260,56
203,15
165,31
245,0
338,45
92,36
312,47
188,17
186,34
268,14
375,23
269,56
215,15
173,31
220,0
306,45
92,36
240,47
213,17
190,34
277,14
364,23
255,56
202,15
199,31
214,0
314,45
88,36
346,47
257,17
381,34
379,14
825,23
302,56
179,15
212,31
254,0
717,45
88,36
295,47
200,17
193,34
285,14
367,23
270,56
216,15
179,31
229,0
875,45
86,36
404,47
231,17
196,34
269,14
382,23
243,56
204,15
175,31
245,0
334,45
96,36
253,47
197,17
175,34
286,14
389,23
236,56
208,15
205,31
222,0
361,45
91,36
300,47
196,17
197,34
256,14
384,23
249,56
185,15
191,31
227,0
331,45
96,36
308,47
589,17
269,34
260,14
355,23
227,56
216,15
182,31
219,0
310,45
91,36
250,47
214,17
631,34
359,14
403,23
251,56
211,15
255,31
297,0
370,45
55,36
380,47
207,17
178,34
272,14
387,23
236,56
201,15
216,31
211,0
357,45
92,36
307,47
212,17
192,34
246,14
408,23
258,56
384,15
354,31
308,0
390,45
102,36
354,47
201,17
185,34
265,14
396,23
261,56
206,15
209,31
627,0
388,45
92,36
310,47
186,17
192,34
262,14
392,23
255,56
224,15
175,31
247,0
335,45
97,36
312,47
224,17
206,34
337,14
584,23
335,56
198,15
206,31
219,0
295,45
94,36
261,47
201,17
156,34
267,14
367,23
249,56
222,15
180,31
242,0
325,45
99,36
281,47
197,17
186,34
259,14
362,23
257,56
217,15
178,31
226,0
313,45
93,36
353,47
199,17
203,34
230,14
373,23
246,56
213,15
176,31
236,0
582,45
87,36
340,47
195,17
179,34
256,14
372,23
239,56
206,15
169,31
234,0
329,45
86,36
284,47
176,17
218,34
279,14
378,23
199,56
216,15
152,31
250,0
355,45
89,36
238,47
188,17
196,34
280,14
361,23
258,56
206,15
194,31
229,0
362,45
94,36
1115,47
176,17
215,34
532,14
381,23
226,56
221,15
190,31
211,0
348,45
101,36
351,47
192,17
243,34
498,14
408,23
233,56
207,15
177,31
245,0
356,45
101,36
557,47
197,17
200,34
246,14
408,23
317,56
242,15
219,31
251,0
326,45
96,36
480,47
218,17
201,34
303,14
444,23
294,56
220,15
175,31
246,0
322,45
84,36
441,47
681,17
1155,34
478,14
1735,23
319,56
246,15
206,31
224,0
371,45
103,36
343,47
220,17
257,34
368,14
432,23
326,56
254,15
187,31
234,0
357,45
85,36
328,47
253,17
261,34
280,14
559,23
372,56
430,15
361,31
223,0
360,45
88,36
393,47
249,17
217,34
280,14
408,23
276,56
344,15
279,31
256,0
444,45
90,36
332,47
201,17
168,34
309,14
457,23
275,56
234,15
200,31
234,0
445,45
100,36
387,47
280,17
274,34
380,14
433,23
275,56
268,15
204,31
217,0
401,45
86,36
390,47
195,17
201,34
282,14
435,23
243,56
214,15
183,31
217,0
324,45
92,36
352,47
223,17
223,34
239,14
428,23
247,56
229,15
193,31
227,0
349,45
96,36
368,47
212,17
202,34
274,14
443,23
297,56
242,15
196,31
232,0
402,45
92,36
365,47
216,17
231,34
266,14
412,23
291,56
516,15
332,31
326,0
413,45
93,36
343,47
236,17
192,34
368,14
406,23
237,56
197,15
162,31
247,0
300,45
86,36
277,47
241,17
236,34
427,14
406,23
248,56
298,15
239,31
246,0
358,45
94,36
568,47
229,17
206,34
445,14
373,23
289,56
183,15
197,31
225,0
725,45
83,36
568,47
243,17
179,34
298,14
385,23
249,56
281,15
326,31
252,0
429,45
87,36
559,47
203,17
212,34
332,14
405,23
254,56
192,15
174,31
242,0
317,45
86,36
272,47
225,17
238,34
366,14
404,23
241,56
203,15
160,31
222,0
318,45
104,36
308,47
242,17
238,34
255,14
393,23
248,56
210,15
172,31
229,0
304,45
95,36
257,47
201,17
224,34
340,14
378,23
239,56
218,15
207,31
210,0
308,45
87,36
245,47
214,17
240,34
306,14
427,23
260,56
202,15
185,31
217,0
283,45
83,36
268,47
204,17
210,34
259,14
352,23
231,56
217,15
161,31
215,0
273,45
86,36
210,47
198,17
222,34
335,14
405,23
260,56
218,15
170,31
212,0
281,45
73,36
217,47
191,17
362,34
414,14
380,23
208,56
778,15
200,31
256,0
320,45
84,36
284,47
197,17
186,34
262,14
362,23
228,56
208,15
154,31
222,0
287,45
87,36
233,47
220,17
238,34
259,14
372,23
247,56
226,15
162,31
238,0
291,45
85,36
242,47
208,17
192,34
353,14
627,23
342,56
215,15
172,31
213,0
305,45
75,36
250,47
205,17
227,34
445,14
415,23
279,56
310,15
276,31
239,0
300,45
93,36
486,47
213,17
208,34
733,14
409,23
267,56
215,15
181,31
275,0
354,45
89,36
313,47
205,17
221,34
731,14
442,23
268,56
218,15
186,31
229,0
311,45
77,36
218,47
215,17
183,34
261,14
369,23
262,56
247,15
186,31
217,0
436,45
81,36
290,47
215,17
216,34
275,14
427,23
253,56
200,15
174,31
211,0
309,45
78,36
258,47
203,17
172,34
261,14
373,23
243,56
216,15
178,31
221,0
315,45
85,36
240,47
172,17
210,34
284,14
402,23
222,56
228,15
196,31
210,0
682,45
89,36
357,47
203,17
198,34
605,14
415,23
255,56
219,15
171,31
222,0
370,45
75,36
259,47
209,17
208,34
297,14
400,23
228,56
227,15
165,31
227,0
401,45
73,36
266,47
201,17
226,34
341,14
419,23
259,56
214,15
175,31
211,0
342,45
72,36
268,47
192,17
213,34
346,14
374,23
253,56
210,15
150,31
217,0
343,45
62,36
279,47
178,17
206,34
359,14
548,23
295,56
220,15
188,31
232,0
1018,45
108,36
387,47
194,17
235,34
544,14
387,23
218,56
208,15
191,31
225,0
396,45
94,36
307,47
238,17
202,34
273,14
412,23
296,56
269,15
197,31
234,0
1425,45
107,36
316,47
195,17
225,34
291,14
413,23
263,56
263,15
185,31
242,0
410,45
62,36
356,47
203,17
226,34
327,14
362,23
300,56
215,15
186,31
251,0
354,45
90,36
317,47
203,17
221,34
356,14
427,23
244,56
223,15
185,31
187,0
339,45
85,36
253,47
207,17
210,34
333,14
396,23
269,56
211,15
172,31
209,0
435,45
77,36
421,47
196,17
237,34
415,14
395,23
243,56
231,15
176,31
210,0
342,45
87,36
251,47
209,17
232,34
180,14
407,23
201,56
742,15
354,31
885,0
978,45
103,36
341,47
203,17
195,34
348,14
373,23
232,56
210,15
171,31
232,0
469,45
97,36
287,47
243,17
141,34
340,14
389,23
243,56
201,15
170,31
223,0
361,45
85,36
268,47
236,17
218,34
376,14
423,23
294,56
224,15
198,31
199,0
370,45
92,36
762,47
239,17
415,34
309,14
429,23
275,56
287,15
219,31
221,0
366,45
99,36
1199,47
182,17
985,34
326,14
401,23
240,56
226,15
206,31
201,0
338,45
94,36
338,47
206,17
228,34
254,14
419,23
295,56
391,15
320,31
328,0
1120,45
68,36
301,47
256,17
235,34
291,14
466,23
297,56
238,15
214,31
242,0
509,45
83,36
282,47
216,17
185,34
313,14
600,23
346,56
247,15
191,31
302,0
826,45
113,36
429,47
235,17
259,34
269,14
495,23
357,56
301,15
192,31
230,0
468,45
90,36
420,47
177,17
194,34
270,14
409,23
257,56
224,15
186,31
243,0
364,45
122,36
484,47
193,17
276,34
312,14
437,23
268,56
295,15
209,31
232,0
362,45
92,36
306,47
233,17
253,34
332,14
432,23
294,56
303,15
647,31
465,0
414,45
95,36
373,47
253,17
229,34
306,14
395,23
270,56
275,15
214,31
224,0
598,45
97,36
240,47
230,17
247,34
314,14
545,23
300,56
248,15
200,31
226,0
487,45
97,36
314,47
232,17
245,34
263,14
460,23
320,56
288,15
205,31
254,0
377,45
99,36
264,47
209,17
239,34
211,14
710,23
403,56
266,15
206,31
237,0
355,45
94,36
249,47
207,17
205,34
259,14
395,23
265,56
274,15
220,31
270,0
370,45
103,36
254,47
230,17
219,34
243,14
425,23
277,56
275,15
225,31
305,0
366,45
101,36
247,47
223,17
203,34
281,14
427,23
262,56
272,15
192,31
298,0
356,45
105,36
269,47
210,17
181,34
266,14
431,23
276,56
348,15
270,31
284,0
362,45
106,36
264,47
217,17
199,34
271,14
389,23
267,56
265,15
197,31
242,0
368,45
103,36
243,47
222,17
182,34
284,14
437,23
296,56
233,15
176,31
260,0
330,45
102,36
270,47
216,17
197,34
275,14
416,23
317,56
320,15
227,31
260,0
355,45
101,36
256,47
233,17
203,34
259,14
408,23
274,56
244,15
183,31
228,0
373,45
95,36
271,47
212,17
218,34
233,14
429,23
276,56
240,15
206,31
226,0
342,45
98,36
322,47
196,17
224,34
326,14
388,23
271,56
210,15
177,31
243,0
350,45
104,36
242,47
236,17
202,34
250,14
437,23
247,56
235,15
213,31
232,0
444,45
95,36
425,47
385,17
423,34
502,14
419,23
280,56
269,15
196,31
259,0
371,45
93,36
409,47
228,17
210,34
289,14
385,23
274,56
234,15
201,31
245,0
375,45
81,36
240,47
237,17
238,34
266,14
371,23
248,56
271,15
193,31
240,0
374,45
83,36
236,47
209,17
200,34
300,14
412,23
265,56
228,15
180,31
222,0
374,45
85,36
365,47
228,17
239,34
301,14
406,23
269,56
236,15
208,31
241,0
371,45
86,36
258,47
213,17
213,34
252,14
407,23
259,56
253,15
184,31
237,0
360,45
94,36
231,47
219,17
199,34
261,14
394,23
292,56
277,15
131,31
1307,0
424,45
97,36
337,47
264,17
215,34
230,14
359,23
251,56
222,15
185,31
248,0
357,45
100,36
278,47
180,17
184,34
273,14
434,23
250,56
231,15
201,31
257,0
357,45
92,36
246,47
197,17
198,34
316,14
479,23
333,56
236,15
167,31
253,0
327,45
108,36
309,47
202,17
270,34
324,14
607,23
360,56
225,15
177,31
288,0
330,45
105,36
266,47
218,17
235,34
289,14
435,23
264,56
235,15
174,31
248,0
385,45
109,36
253,47
203,17
237,34
290,14
453,23
297,56
223,15
173,31
227,0
349,45
106,36
257,47
200,17
212,34
287,14
404,23
276,56
262,15
164,31
250,0
373,45
108,36
254,47
197,17
194,34
315,14
380,23
259,56
227,15
192,31
222,0
342,45
95,36
267,47
190,17
199,34
289,14
381,23
264,56
225,15
190,31
218,0
326,45
98,36
244,47
217,17
206,34
256,14
343,23
285,56
224,15
191,31
223,0
305,45
86,36
282,47
183,17
191,34
264,14
380,23
291,56
234,15
196,31
226,0
284,45
79,36
183,47
192,17
176,34
335,14
350,23
252,56
203,15
166,31
216,0
338,45
99,36
218,47
334,17
292,34
270,14
406,23
251,56
215,15
153,31
256,0
336,45
95,36
260,47
211,17
203,34
265,14
375,23
316,56
260,15
179,31
213,0
317,45
86,36
254,47
273,17
414,34
414,14
432,23
271,56
228,15
154,31
251,0
313,45
89,36
237,47
228,17
186,34
289,14
406,23
260,56
214,15
173,31
235,0
1014,45
96,36
752,47
182,17
240,34
314,14
381,23
250,56
211,15
161,31
271,0
349,45
112,36
319,47
215,17
223,34
291,14
365,23
266,56
200,15
167,31
240,0
354,45
106,36
214,47
217,17
170,34
294,14
360,23
248,56
225,15
170,31
253,0
348,45
108,36
338,47
339,17
269,34
283,14
399,23
694,56
258,15
169,31
255,0
340,45
100,36
263,47
191,17
212,34
301,14
401,23
275,56
217,15
198,31
250,0
356,45
94,36
438,47
304,17
296,34
338,14
479,23
315,56
252,15
247,31
294,0
317,45
100,36
298,47
271,17
210,34
277,14
445,23
284,56
234,15
185,31
255,0
678,45
105,36
282,47
185,17
199,34
293,14
381,23
283,56
220,15
169,31
222,0
995,45
88,36
358,47
221,17
227,34
288,14
408,23
291,56
257,15
213,31
251,0
349,45
86,36
344,47
222,17
208,34
290,14
425,23
264,56
242,15
173,31
241,0
370,45
98,36
306,47
191,17
199,34
267,14
414,23
269,56
233,15
195,31
193,0
342,45
100,36
309,47
205,17
209,34
275,14
428,23
272,56
239,15
185,31
239,0
324,45
93,36
316,47
236,17
217,34
243,14
372,23
241,56
232,15
176,31
210,0
326,45
82,36
458,47
263,17
204,34
276,14
404,23
239,56
211,15
188,31
205,0
322,45
94,36
316,47
194,17
203,34
264,14
399,23
249,56
209,15
183,31
228,0
335,45
94,36
288,47
194,17
193,34
275,14
417,23
272,56
209,15
181,31
201,0
343,45
93,36
262,47
208,17
189,34
251,14
392,23
259,56
211,15
195,31
216,0
323,45
93,36
255,47
190,17
195,34
261,14
393,23
265,56
213,15
176,31
216,0
342,45
89,36
316,47
196,17
214,34
249,14
382,23
248,56
193,15
183,31
195,0
336,45
80,36
305,47
232,17
221,34
259,14
408,23
224,56
207,15
199,31
207,0
303,45
87,36
247,47
212,17
208,34
302,14
379,23
254,56
200,15
208,31
209,0
326,45
86,36
265,47
177,17
208,34
267,14
361,23
258,56
181,15
180,31
225,0
343,45
76,36
301,47
250,17
226,34
212,14
355,23
265,56
224,15
175,31
207,0
359,45
87,36
248,47
201,17
195,34
265,14
363,23
247,56
185,15
185,31
208,0
319,45
77,36
262,47
230,17
255,34
360,14
502,23
288,56
196,15
178,31
207,0
372,45
86,36
270,47
170,17
194,34
262,14
331,23
262,56
197,15
156,31
236,0
324,45
83,36
220,47
216,17
223,34
311,14
428,23
270,56
202,15
181,31
238,0
331,45
81,36
225,47
209,17
207,34
279,14
418,23
243,56
199,15
165,31
236,0
318,45
80,36
214,47
216,17
227,34
280,14
398,23
262,56
198,15
149,31
207,0
332,45
71,36
234,47
202,17
198,34
276,14
400,23
250,56
204,15
141,31
698,0
401,45
91,36
378,47
252,17
196,34
476,14
459,23
265,56
185,15
187,31
227,0
331,45
84,36
195,47
247,17
228,34
258,14
362,23
266,56
208,15
175,31
241,0
332,45
90,36
257,47
217,17
217,34
288,14
395,23
246,56
204,15
195,31
214,0
339,45
85,36
217,47
229,17
186,34
254,14
387,23
247,56
208,15
217,31
213,0
330,45
82,36
232,47
207,17
194,34
270,14
373,23
258,56
487,15
317,31
265,0
344,45
89,36
336,47
254,17
363,34
440,14
462,23
257,56
195,15
183,31
241,0
312,45
86,36
251,47
206,17
209,34
236,14
353,23
263,56
199,15
195,31
198,0
330,45
84,36
210,47
218,17
181,34
256,14
369,23
253,56
206,15
184,31
198,0
307,45
77,36
222,47
200,17
167,34
267,14
389,23
302,56
238,15
170,31
234,0
504,45
84,36
467,47
196,17
206,34
256,14
393,23
249,56
200,15
212,31
262,0
394,45
60,36
364,47
309,17
240,34
269,14
407,23
297,56
243,15
206,31
234,0
345,45
85,36
249,47
177,17
195,34
275,14
439,23
293,56
226,15
154,31
240,0
652,45
96,36
376,47
228,17
153,34
272,14
375,23
253,56
217,15
187,31
232,0
424,45
78,36
509,47
181,17
217,34
257,14
378,23
272,56
204,15
168,31
216,0
379,45
35,36
238,47
189,17
167,34
261,14
402,23
251,56
222,15
172,31
212,0
318,45
81,36
221,47
206,17
177,34
263,14
404,23
239,56
215,15
160,31
199,0
372,45
91,36
401,47
225,17
182,34
271,14
378,23
225,56
197,15
188,31
222,0
324,45
89,36
245,47
205,17
202,34
264,14
420,23
286,56
288,15
194,31
295,0
667,45
89,36
244,47
188,17
175,34
254,14
357,23
293,56
193,15
187,31
229,0
355,45
89,36
256,47
192,17
191,34
279,14
420,23
313,56
510,15
321,31
336,0
335,45
79,36
652,47
271,17
276,34
563,14
401,23
260,56
211,15
194,31
257,0
335,45
105,36
287,47
194,17
192,34
275,14
386,23
242,56
214,15
176,31
220,0
392,45
53,36
318,47
220,17
175,34
252,14
389,23
242,56
225,15
169,31
276,0
387,45
107,36
464,47
302,17
270,34
286,14
392,23
242,56
205,15
160,31
211,0
372,45
77,36
308,47
221,17
202,34
516,14
403,23
271,56
213,15
182,31
235,0
439,45
86,36
496,47
308,17
284,34
341,14
489,23
309,56
274,15
229,31
278,0
377,45
112,36
354,47
258,17
259,34
289,14
447,23
292,56
303,15
337,31
283,0
315,45
103,36
278,47
229,17
203,34
285,14
431,23
652,56
262,15
255,31
252,0
352,45
104,36
388,47
211,17
206,34
297,14
478,23
349,56
221,15
204,31
245,0
1846,45
93,36
357,47
242,17
197,34
282,14
407,23
281,56
261,15
192,31
248,0
389,45
131,36
306,47
210,17
209,34
265,14
404,23
291,56
382,15
303,31
253,0
406,45
117,36
305,47
270,17
283,34
420,14
465,23
274,56
283,15
233,31
314,0
324,45
111,36
281,47
249,17
235,34
302,14
420,23
290,56
280,15
213,31
273,0
420,45
113,36
328,47
221,17
245,34
312,14
393,23
269,56
352,15
303,31
317,0
407,45
93,36
279,47
222,17
209,34
297,14
392,23
306,56
291,15
218,31
640,0
376,45
92,36
273,47
246,17
183,34
286,14
481,23
322,56
252,15
240,31
305,0
368,45
96,36
290,47
228,17
236,34
289,14
414,23
324,56
286,15
206,31
290,0
356,45
104,36
257,47
228,17
233,34
301,14
464,23
319,56
264,15
204,31
345,0
542,45
109,36
290,47
238,17
204,34
297,14
405,23
300,56
270,15
186,31
311,0
407,45
104,36
306,47
238,17
203,34
289,14
408,23
280,56
267,15
223,31
277,0
359,45
113,36
262,47
208,17
219,34
300,14
406,23
323,56
318,15
278,31
277,0
363,45
102,36
251,47
223,17
207,34
294,14
421,23
321,56
285,15
193,31
277,0
335,45
99,36
250,47
211,17
204,34
286,14
448,23
281,56
299,15
262,31
295,0
354,45
99,36
649,47
257,17
228,34
349,14
441,23
275,56
234,15
194,31
268,0
349,45
105,36
291,47
253,17
271,34
440,14
434,23
305,56
291,15
197,31
248,0
344,45
95,36
259,47
296,17
467,34
340,14
386,23
276,56
252,15
190,31
282,0
304,45
96,36
214,47
249,17
216,34
264,14
397,23
296,56
235,15
206,31
236,0
336,45
93,36
238,47
233,17
217,34
276,14
408,23
272,56
229,15
211,31
268,0
329,45
95,36
250,47
216,17
236,34
293,14
390,23
275,56
344,15
342,31
273,0
338,45
100,36
241,47
232,17
198,34
280,14
383,23
319,56
288,15
188,31
258,0
352,45
88,36
579,47
259,17
293,34
362,14
418,23
281,56
225,15
211,31
259,0
299,45
92,36
278,47
238,17
370,34
520,14
402,23
279,56
230,15
194,31
258,0
311,45
86,36
233,47
227,17
238,34
292,14
356,23
284,56
223,15
195,31
245,0
320,45
92,36
251,47
211,17
227,34
265,14
388,23
238,56
214,15
173,31
257,0
334,45
78,36
228,47
229,17
214,34
299,14
417,23
370,56
695,15
253,31
251,0
365,45
79,36
510,47
445,17
642,34
454,14
469,23
287,56
214,15
175,31
255,0
304,45
90,36
233,47
213,17
230,34
270,14
351,23
281,56
223,15
172,31
226,0
330,45
76,36
309,47
266,17
288,34
311,14
384,23
363,56
484,15
409,31
259,0
323,45
83,36
259,47
247,17
238,34
391,14
425,23
263,56
207,15
214,31
243,0
315,45
93,36
273,47
217,17
225,34
286,14
400,23
283,56
215,15
221,31
260,0
329,45
95,36
300,47
285,17
235,34
284,14
420,23
294,56
220,15
152,31
246,0
310,45
80,36
628,47
206,17
223,34
679,14
527,23
323,56
201,15
200,31
280,0
363,45
96,36
427,47
335,17
322,34
339,14
479,23
348,56
298,15
221,31
297,0
453,45
102,36
366,47
252,17
227,34
254,14
392,23
411,56
360,15
404,31
351,0
440,45
108,36
332,47
235,17
184,34
277,14
396,23
265,56
204,15
193,31
256,0
355,45
93,36
304,47
223,17
204,34
276,14
418,23
276,56
239,15
201,31
259,0
325,45
96,36
227,47
209,17
212,34
277,14
391,23
252,56
235,15
195,31
225,0
336,45
98,36
217,47
238,17
186,34
281,14
395,23
290,56
224,15
180,31
221,0
326,45
96,36
238,47
217,17
178,34
293,14
444,23
279,56
305,15
257,31
233,0
354,45
84,36
222,47
204,17
226,34
339,14
452,23
272,56
213,15
162,31
255,0
331,45
103,36
218,47
229,17
212,34
261,14
381,23
274,56
222,15
187,31
223,0
333,45
91,36
225,47
211,17
189,34
266,14
394,23
233,56
208,15
188,31
209,0
349,45
96,36
322,47
219,17
187,34
259,14
440,23
257,56
220,15
165,31
242,0
327,45
103,36
285,47
196,17
198,34
338,14
396,23
265,56
245,15
180,31
226,0
356,45
88,36
469,47
204,17
208,34
389,14
396,23
258,56
210,15
173,31
256,0
371,45
80,36
