821,47
843,17
231,34
1260,14
987,23
416,56
206,15
455,31
267,0
518,45
95,36
609,47
739,17
208,34
1041,14
857,23
411,56
194,15
405,31
316,0
544,45
109,36
914,47
366,17
234,34
959,14
846,23
407,56
218,15
605,31
298,0
1507,45
75,36
482,47
866,17
207,34
688,14
769,23
407,56
194,15
432,31
261,0
409,45
94,36
470,47
476,17
159,34
712,14
539,23
333,56
227,15
357,31
241,0
389,45
88,36
430,47
442,17
186,34
955,14
506,23
561,56
201,15
548,31
226,0
397,45
93,36
407,47
408,17
193,34
795,14
1193,23
374,56
192,15
357,31
206,0
405,45
91,36
335,47
314,17
233,34
709,14
554,23
358,56
163,15
311,31
230,0
418,45
84,36
394,47
376,17
214,34
703,14
474,23
336,56
194,15
269,31
253,0
463,45
72,36
384,47
387,17
211,34
609,14
462,23
310,56
206,15
310,31
280,0
400,45
71,36
350,47
300,17
232,34
811,14
633,23
340,56
167,15
277,31
237,0
357,45
91,36
524,47
327,17
162,34
648,14
526,23
484,56
186,15
466,31
465,0
575,45
82,36
607,47
360,17
202,34
653,14
568,23
398,56
209,15
306,31
301,0
567,45
107,36
473,47
379,17
180,34
613,14
497,23
335,56
216,15
254,31
304,0
482,45
70,36
409,47
345,17
213,34
617,14
455,23
326,56
239,15
257,31
271,0
426,45
84,36
463,47
312,17
203,34
624,14
753,23
335,56
142,15
259,31
373,0
391,45
91,36
491,47
327,17
175,34
630,14
496,23
377,56
172,15
320,31
368,0
437,45
85,36
448,47
354,17
202,34
801,14
462,23
341,56
193,15
256,31
272,0
376,45
92,36
443,47
551,17
224,34
745,14
434,23
319,56
217,15
262,31
301,0
451,45
102,36
495,47
548,17
223,34
794,14
483,23
334,56
243,15
230,31
313,0
495,45
92,36
607,47
339,17
209,34
670,14
454,23
387,56
197,15
222,31
319,0
537,45
111,36
312,47
326,17
248,34
674,14
467,23
347,56
223,15
275,31
441,0
462,45
83,36
379,47
301,17
215,34
658,14
547,23
310,56
196,15
243,31
370,0
443,45
84,36
363,47
398,17
186,34
1277,14
420,23
326,56
194,15
275,31
279,0
448,45
87,36
395,47
402,17
210,34
662,14
680,23
358,56
179,15
551,31
268,0
455,45
85,36
464,47
477,17
185,34
719,14
447,23
347,56
179,15
311,31
238,0
544,45
93,36
441,47
361,17
180,34
639,14
653,23
383,56
196,15
352,31
312,0
424,45
90,36
379,47
405,17
188,34
1812,14
623,23
317,56
249,15
333,31
307,0
535,45
101,36
319,47
495,17
197,34
755,14
513,23
369,56
225,15
337,31
290,0
563,45
89,36
404,47
355,17
233,34
658,14
446,23
373,56
224,15
344,31
246,0
403,45
102,36
370,47
398,17
237,34
845,14
427,23
361,56
253,15
288,31
292,0
492,45
95,36
447,47
395,17
525,34
805,14
404,23
366,56
225,15
378,31
291,0
420,45
94,36
489,47
360,17
178,34
695,14
431,23
355,56
200,15
334,31
245,0
409,45
78,36
381,47
395,17
205,34
724,14
647,23
356,56
202,15
561,31
259,0
410,45
93,36
373,47
327,17
253,34
992,14
598,23
366,56
174,15
341,31
233,0
448,45
97,36
464,47
375,17
206,34
702,14
599,23
405,56
156,15
305,31
242,0
429,45
86,36
422,47
368,17
189,34
768,14
408,23
402,56
160,15
294,31
255,0
418,45
88,36
394,47
343,17
219,34
1090,14
463,23
362,56
216,15
262,31
299,0
763,45
98,36
457,47
421,17
212,34
889,14
479,23
380,56
217,15
530,31
222,0
443,45
94,36
456,47
401,17
173,34
827,14
593,23
401,56
186,15
472,31
263,0
468,45
102,36
501,47
367,17
213,34
689,14
889,23
675,56
253,15
364,31
244,0
494,45
88,36
433,47
344,17
203,34
653,14
474,23
446,56
219,15
323,31
390,0
505,45
106,36
392,47
384,17
239,34
676,14
452,23
349,56
253,15
330,31
294,0
410,45
108,36
624,47
299,17
196,34
853,14
482,23
378,56
200,15
362,31
258,0
450,45
87,36
327,47
319,17
245,34
651,14
503,23
343,56
221,15
323,31
240,0
459,45
97,36
652,47
390,17
153,34
816,14
532,23
344,56
227,15
256,31
258,0
495,45
102,36
412,47
310,17
214,34
627,14
474,23
365,56
212,15
267,31
239,0
452,45
101,36
423,47
295,17
216,34
645,14
461,23
363,56
202,15
260,31
521,0
423,45
92,36
393,47
359,17
214,34
802,14
402,23
354,56
239,15
264,31
259,0
510,45
104,36
354,47
289,17
224,34
1303,14
905,23
345,56
226,15
1406,31
212,0
387,45
113,36
870,47
412,17
233,34
1130,14
778,23
409,56
318,15
492,31
341,0
733,45
85,36
485,47
267,17
212,34
919,14
496,23
541,56
296,15
366,31
324,0
537,45
105,36
391,47
277,17
242,34
1274,14
454,23
324,56
250,15
317,31
261,0
438,45
86,36
423,47
261,17
274,34
1050,14
902,23
266,56
244,15
292,31
328,0
508,45
106,36
308,47
295,17
270,34
813,14
504,23
413,56
220,15
341,31
277,0
463,45
86,36
369,47
283,17
221,34
802,14
481,23
284,56
271,15
285,31
567,0
950,45
119,36
651,47
247,17
253,34
915,14
448,23
304,56
274,15
256,31
357,0
503,45
77,36
404,47
248,17
225,34
823,14
422,23
338,56
238,15
306,31
305,0
452,45
109,36
363,47
292,17
219,34
894,14
419,23
299,56
238,15
437,31
288,0
448,45
99,36
291,47
269,17
264,34
698,14
587,23
294,56
220,15
301,31
294,0
461,45
94,36
269,47
271,17
254,34
1128,14
425,23
264,56
223,15
678,31
261,0
422,45
98,36
296,47
294,17
220,34
705,14
587,23
347,56
184,15
446,31
253,0
454,45
93,36
323,47
245,17
208,34
870,14
470,23
321,56
217,15
369,31
233,0
421,45
97,36
372,47
384,17
219,34
952,14
450,23
340,56
193,15
324,31
222,0
453,45
83,36
367,47
357,17
267,34
769,14
809,23
421,56
200,15
478,31
570,0
483,45
103,36
520,47
254,17
231,34
709,14
409,23
335,56
238,15
358,31
313,0
428,45
97,36
572,47
263,17
197,34
804,14
556,23
305,56
234,15
383,31
255,0
442,45
106,36
367,47
282,17
202,34
900,14
413,23
287,56
238,15
306,31
300,0
491,45
105,36
318,47
309,17
219,34
909,14
396,23
262,56
245,15
287,31
265,0
419,45
97,36
268,47
288,17
261,34
733,14
498,23
293,56
199,15
437,31
337,0
378,45
93,36
303,47
268,17
200,34
728,14
456,23
303,56
230,15
322,31
275,0
423,45
101,36
277,47
294,17
241,34
770,14
495,23
321,56
207,15
278,31
212,0
405,45
101,36
326,47
230,17
229,34
680,14
454,23
337,56
207,15
374,31
314,0
419,45
95,36
342,47
270,17
209,34
804,14
397,23
797,56
296,15
316,31
269,0
412,45
105,36
301,47
247,17
237,34
1054,14
913,23
365,56
181,15
837,31
253,0
397,45
92,36
286,47
245,17
218,34
759,14
521,23
374,56
386,15
270,31
286,0
384,45
95,36
327,47
333,17
243,34
773,14
490,23
367,56
233,15
357,31
237,0
371,45
105,36
335,47
277,17
230,34
921,14
416,23
339,56
215,15
317,31
210,0
385,45
106,36
350,47
293,17
245,34
917,14
583,23
311,56
232,15
285,31
255,0
380,45
92,36
352,47
319,17
113,34
1339,14
945,23
382,56
346,15
306,31
183,0
390,45
90,36
508,47
275,17
220,34
639,14
504,23
305,56
245,15
274,31
286,0
451,45
95,36
612,47
437,17
211,34
639,14
830,23
351,56
254,15
333,31
203,0
367,45
95,36
425,47
282,17
219,34
919,14
438,23
336,56
216,15
316,31
259,0
381,45
97,36
427,47
371,17
185,34
696,14
498,23
372,56
223,15
255,31
314,0
437,45
117,36
365,47
357,17
237,34
889,14
854,23
338,56
251,15
273,31
244,0
403,45
78,36
361,47
374,17
197,34
783,14
704,23
336,56
242,15
499,31
215,0
393,45
89,36
317,47
250,17
209,34
754,14
704,23
303,56
209,15
256,31
261,0
389,45
95,36
536,47
293,17
200,34
727,14
530,23
300,56
224,15
273,31
238,0
402,45
86,36
314,47
282,17
224,34
867,14
690,23
398,56
280,15
318,31
232,0
398,45
102,36
272,47
285,17
209,34
917,14
419,23
285,56
255,15
232,31
246,0
408,45
76,36
425,47
344,17
195,34
750,14
451,23
335,56
201,15
266,31
257,0
412,45
98,36
330,47
337,17
210,34
1123,14
433,23
281,56
254,15
255,31
239,0
407,45
97,36
1098,47
283,17
199,34
875,14
420,23
296,56
317,15
272,31
265,0
426,45
85,36
408,47
274,17
197,34
702,14
446,23
296,56
250,15
256,31
254,0
407,45
96,36
375,47
269,17
221,34
654,14
495,23
274,56
242,15
257,31
483,0
436,45
92,36
402,47
290,17
213,34
1022,14
445,23
288,56
256,15
281,31
280,0
478,45
110,36
499,47
219,17
237,34
691,14
404,23
442,56
231,15
287,31
229,0
418,45
85,36
307,47
282,17
285,34
943,14
468,23
344,56
265,15
308,31
220,0
390,45
91,36
299,47
320,17
218,34
694,14
425,23
305,56
240,15
271,31
279,0
439,45
91,36
419,47
386,17
336,34
1104,14
562,23
281,56
278,15
305,31
279,0
421,45
123,36
1290,47
350,17
335,34
867,14
697,23
392,56
208,15
412,31
302,0
419,45
118,36
471,47
468,17
212,34
936,14
482,23
330,56
257,15
270,31
283,0
481,45
107,36
562,47
612,17
251,34
453,14
628,23
381,56
217,15
446,31
314,0
488,45
122,36
456,47
651,17
217,34
773,14
422,23
308,56
230,15
269,31
280,0
469,45
132,36
433,47
633,17
256,34
565,14
504,23
307,56
265,15
312,31
331,0
673,45
129,36
443,47
733,17
184,34
1747,14
1174,23
492,56
196,15
371,31
279,0
401,45
105,36
512,47
744,17
187,34
1080,14
530,23
316,56
271,15
313,31
307,0
401,45
119,36
455,47
655,17
206,34
1143,14
559,23
336,56
223,15
331,31
258,0
415,45
102,36
436,47
410,17
183,34
900,14
431,23
331,56
232,15
291,31
248,0
422,45
104,36
450,47
446,17
195,34
782,14
413,23
349,56
355,15
339,31
202,0
396,45
91,36
378,47
446,17
188,34
727,14
420,23
315,56
215,15
266,31
256,0
411,45
88,36
439,47
456,17
243,34
1182,14
569,23
346,56
214,15
292,31
305,0
439,45
128,36
550,47
532,17
196,34
765,14
447,23
327,56
223,15
261,31
249,0
407,45
102,36
486,47
431,17
190,34
666,14
485,23
346,56
204,15
295,31
261,0
395,45
109,36
463,47
417,17
187,34
691,14
480,23
330,56
224,15
295,31
240,0
422,45
109,36
416,47
463,17
218,34
680,14
500,23
279,56
221,15
254,31
253,0
439,45
96,36
434,47
424,17
346,34
477,14
678,23
347,56
201,15
293,31
260,0
405,45
93,36
289,47
382,17
183,34
654,14
507,23
286,56
229,15
281,31
254,0
488,45
84,36
422,47
252,17
187,34
676,14
460,23
265,56
219,15
246,31
250,0
518,45
92,36
448,47
285,17
206,34
708,14
423,23
324,56
214,15
316,31
249,0
483,45
96,36
471,47
294,17
163,34
688,14
429,23
338,56
186,15
307,31
280,0
496,45
99,36
520,47
627,17
160,34
704,14
490,23
292,56
223,15
263,31
295,0
482,45
89,36
423,47
339,17
172,34
686,14
449,23
320,56
194,15
244,31
268,0
456,45
121,36
396,47
339,17
222,34
679,14
449,23
417,56
184,15
399,31
262,0
572,45
99,36
388,47
360,17
207,34
645,14
437,23
316,56
166,15
349,31
290,0
458,45
90,36
443,47
318,17
209,34
601,14
438,23
286,56
195,15
273,31
263,0
414,45
90,36
408,47
381,17
200,34
645,14
463,23
308,56
208,15
306,31
298,0
410,45
98,36
384,47
304,17
218,34
696,14
426,23
302,56
150,15
267,31
258,0
432,45
112,36
367,47
307,17
231,34
385,14
617,23
302,56
182,15
305,31
267,0
449,45
113,36
315,47
296,17
210,34
677,14
445,23
332,56
205,15
266,31
278,0
448,45
91,36
338,47
297,17
216,34
640,14
459,23
325,56
222,15
274,31
273,0
435,45
109,36
326,47
289,17
205,34
654,14
429,23
325,56
200,15
280,31
277,0
407,45
127,36
536,47
392,17
240,34
571,14
453,23
301,56
225,15
277,31
298,0
414,45
110,36
798,47
303,17
237,34
656,14
826,23
372,56
370,15
315,31
266,0
413,45
104,36
394,47
289,17
213,34
694,14
454,23
356,56
219,15
293,31
287,0
395,45
102,36
357,47
300,17
253,34
595,14
528,23
330,56
198,15
399,31
679,0
401,45
104,36
449,47
312,17
222,34
634,14
575,23
410,56
196,15
357,31
268,0
412,45
97,36
375,47
357,17
253,34
776,14
403,23
312,56
240,15
327,31
283,0
407,45
92,36
431,47
261,17
244,34
639,14
483,23
322,56
210,15
271,31
290,0
406,45
82,36
356,47
309,17
253,34
754,14
389,23
366,56
226,15
291,31
284,0
411,45
71,36
389,47
295,17
224,34
642,14
416,23
321,56
230,15
303,31
248,0
382,45
81,36
393,47
323,17
220,34
768,14
429,23
305,56
225,15
299,31
247,0
408,45
97,36
622,47
254,17
272,34
431,14
465,23
303,56
222,15
269,31
283,0
424,45
94,36
389,47
318,17
190,34
566,14
458,23
333,56
247,15
285,31
296,0
413,45
93,36
479,47
381,17
118,34
774,14
510,23
284,56
250,15
239,31
284,0
436,45
89,36
654,47
275,17
248,34
542,14
441,23
308,56
261,15
244,31
295,0
413,45
76,36
669,47
297,17
257,34
538,14
410,23
282,56
271,15
336,31
302,0
433,45
95,36
367,47
269,17
264,34
669,14
453,23
322,56
241,15
285,31
305,0
426,45
99,36
358,47
312,17
231,34
595,14
417,23
323,56
216,15
257,31
296,0
453,45
56,36
265,47
281,17
271,34
710,14
451,23
260,56
246,15
262,31
301,0
415,45
83,36
604,47
208,17
201,34
757,14
415,23
301,56
230,15
281,31
233,0
436,45
76,36
445,47
191,17
230,34
759,14
523,23
239,56
222,15
254,31
254,0
461,45
85,36
334,47
352,17
219,34
707,14
458,23
246,56
222,15
255,31
286,0
479,45
67,36
368,47
276,17
235,34
761,14
443,23
320,56
188,15
286,31
233,0
433,45
67,36
330,47
302,17
223,34
820,14
481,23
292,56
271,15
279,31
261,0
372,45
70,36
273,47
311,17
225,34
1026,14
1012,23
331,56
193,15
290,31
228,0
402,45
85,36
389,47
379,17
223,34
690,14
447,23
326,56
224,15
274,31
208,0
415,45
61,36
287,47
309,17
190,34
769,14
396,23
306,56
216,15
228,31
236,0
423,45
72,36
306,47
263,17
195,34
669,14
471,23
279,56
224,15
238,31
264,0
437,45
90,36
307,47
287,17
243,34
633,14
385,23
279,56
268,15
266,31
303,0
444,45
98,36
279,47
389,17
205,34
616,14
395,23
333,56
216,15
247,31
267,0
420,45
85,36
348,47
250,17
197,34
611,14
409,23
278,56
228,15
205,31
291,0
437,45
61,36
295,47
314,17
227,34
800,14
369,23
256,56
224,15
206,31
300,0
437,45
77,36
345,47
322,17
200,34
579,14
413,23
322,56
221,15
225,31
281,0
438,45
75,36
268,47
292,17
231,34
595,14
409,23
280,56
228,15
218,31
329,0
436,45
69,36
279,47
259,17
225,34
642,14
404,23
278,56
213,15
226,31
299,0
424,45
46,36
302,47
249,17
237,34
588,14
385,23
295,56
247,15
219,31
307,0
449,45
72,36
502,47
280,17
235,34
629,14
441,23
283,56
245,15
217,31
325,0
442,45
68,36
275,47
242,17
226,34
544,14
507,23
310,56
191,15
235,31
307,0
715,45
86,36
398,47
307,17
222,34
663,14
369,23
281,56
210,15
243,31
298,0
442,45
66,36
271,47
261,17
249,34
622,14
396,23
288,56
247,15
279,31
309,0
396,45
50,36
273,47
293,17
231,34
700,14
373,23
288,56
225,15
254,31
341,0
449,45
64,36
252,47
257,17
227,34
579,14
420,23
292,56
195,15
234,31
312,0
446,45
67,36
258,47
259,17
230,34
540,14
444,23
302,56
189,15
255,31
336,0
410,45
68,36
255,47
261,17
218,34
584,14
404,23
291,56
213,15
231,31
319,0
376,45
72,36
286,47
252,17
216,34
576,14
461,23
321,56
217,15
250,31
283,0
400,45
57,36
276,47
249,17
221,34
535,14
446,23
298,56
199,15
240,31
291,0
435,45
19,36
315,47
237,17
210,34
626,14
397,23
236,56
219,15
228,31
319,0
400,45
58,36
304,47
245,17
246,34
630,14
416,23
298,56
227,15
239,31
292,0
390,45
66,36
254,47
245,17
259,34
677,14
441,23
270,56
190,15
226,31
324,0
400,45
64,36
299,47
310,17
200,34
1064,14
431,23
314,56
200,15
274,31
304,0
362,45
62,36
313,47
251,17
227,34
629,14
376,23
299,56
216,15
257,31
306,0
403,45
55,36
284,47
306,17
163,34
744,14
460,23
247,56
198,15
253,31
296,0
394,45
60,36
241,47
272,17
229,34
555,14
410,23
268,56
211,15
226,31
308,0
413,45
51,36
286,47
307,17
250,34
598,14
701,23
270,56
190,15
281,31
265,0
395,45
61,36
349,47
256,17
225,34
594,14
398,23
296,56
240,15
229,31
299,0
412,45
80,36
328,47
302,17
248,34
688,14
502,23
333,56
219,15
253,31
283,0
401,45
52,36
589,47
240,17
223,34
601,14
461,23
300,56
497,15
292,31
259,0
398,45
61,36
288,47
235,17
198,34
952,14
473,23
312,56
163,15
241,31
267,0
381,45
63,36
317,47
294,17
254,34
639,14
412,23
304,56
228,15
288,31
280,0
387,45
40,36
230,47
257,17
226,34
606,14
395,23
289,56
233,15
247,31
316,0
374,45
60,36
261,47
272,17
218,34
575,14
393,23
303,56
240,15
226,31
302,0
414,45
66,36
226,47
273,17
217,34
759,14
449,23
287,56
212,15
233,31
288,0
385,45
58,36
229,47
277,17
191,34
906,14
451,23
299,56
207,15
322,31
260,0
361,45
62,36
919,47
401,17
248,34
707,14
464,23
603,56
286,15
229,31
259,0
373,45
71,36
299,47
262,17
213,34
554,14
410,23
308,56
237,15
245,31
282,0
387,45
54,36
321,47
271,17
211,34
573,14
401,23
317,56
176,15
233,31
290,0
471,45
80,36
388,47
413,17
247,34
582,14
405,23
313,56
266,15
344,31
399,0
497,45
71,36
588,47
222,17
241,34
573,14
430,23
316,56
212,15
249,31
251,0
434,45
73,36
411,47
379,17
213,34
582,14
405,23
319,56
246,15
249,31
280,0
433,45
70,36
631,47
236,17
263,34
800,14
443,23
317,56
238,15
265,31
261,0
431,45
81,36
326,47
279,17
295,34
483,14
402,23
301,56
218,15
288,31
309,0
508,45
75,36
386,47
302,17
218,34
884,14
399,23
280,56
244,15
235,31
299,0
435,45
74,36
401,47
283,17
204,34
738,14
416,23
269,56
224,15
283,31
273,0
468,45
76,36
397,47
267,17
215,34
717,14
476,23
288,56
212,15
304,31
340,0
423,45
85,36
341,47
284,17
209,34
1105,14
694,23
729,56
218,15
307,31
247,0
425,45
44,36
341,47
259,17
175,34
685,14
404,23
315,56
186,15
249,31
259,0
434,45
75,36
288,47
305,17
236,34
606,14
382,23
283,56
220,15
227,31
282,0
446,45
82,36
309,47
280,17
210,34
753,14
382,23
320,56
185,15
324,31
196,0
370,45
82,36
318,47
885,17
181,34
962,14
449,23
294,56
216,15
246,31
248,0
413,45
79,36
367,47
310,17
1306,34
1047,14
458,23
288,56
219,15
249,31
235,0
401,45
70,36
311,47
332,17
224,34
644,14
458,23
271,56
179,15
268,31
302,0
322,45
77,36
275,47
294,17
234,34
554,14
450,23
268,56
219,15
310,31
263,0
360,45
83,36
290,47
299,17
212,34
552,14
426,23
289,56
180,15
259,31
307,0
402,45
80,36
259,47
299,17
239,34
606,14
407,23
269,56
205,15
248,31
271,0
381,45
73,36
273,47
278,17
236,34
589,14
416,23
310,56
201,15
294,31
250,0
385,45
62,36
254,47
260,17
239,34
665,14
359,23
268,56
167,15
244,31
262,0
350,45
69,36
256,47
276,17
209,34
588,14
416,23
304,56
167,15
262,31
234,0
368,45
61,36
252,47
263,17
228,34
525,14
567,23
312,56
180,15
292,31
232,0
376,45
62,36
259,47
244,17
241,34
593,14
389,23
290,56
184,15
235,31
245,0
385,45
66,36
251,47
305,17
208,34
543,14
731,23
326,56
197,15
325,31
565,0
361,45
57,36
288,47
389,17
222,34
535,14
436,23
241,56
209,15
234,31
236,0
379,45
57,36
301,47
265,17
219,34
564,14
496,23
309,56
188,15
208,31
271,0
385,45
57,36
235,47
279,17
198,34
533,14
422,23
323,56
191,15
223,31
255,0
386,45
66,36
263,47
279,17
188,34
549,14
434,23
331,56
164,15
243,31
235,0
377,45
56,36
375,47
291,17
205,34
536,14
550,23
366,56
203,15
279,31
259,0
383,45
68,36
265,47
241,17
224,34
559,14
452,23
286,56
182,15
304,31
268,0
405,45
67,36
558,47
272,17
190,34
526,14
377,23
306,56
186,15
230,31
249,0
384,45
54,36
299,47
308,17
227,34
535,14
441,23
276,56
194,15
256,31
255,0
385,45
46,36
243,47
291,17
232,34
595,14
542,23
299,56
185,15
259,31
258,0
401,45
61,36
286,47
291,17
224,34
501,14
427,23
330,56
186,15
260,31
245,0
397,45
45,36
279,47
284,17
198,34
607,14
394,23
283,56
224,15
251,31
292,0
438,45
61,36
292,47
284,17
212,34
534,14
395,23
304,56
190,15
244,31
266,0
400,45
50,36
298,47
292,17
208,34
575,14
799,23
1181,56
422,15
431,31
207,0
383,45
68,36
268,47
268,17
207,34
498,14
446,23
284,56
196,15
274,31
264,0
416,45
71,36
259,47
250,17
192,34
533,14
397,23
296,56
220,15
262,31
276,0
396,45
54,36
261,47
263,17
179,34
536,14
398,23
306,56
196,15
278,31
252,0
380,45
71,36
273,47
277,17
211,34
606,14
497,23
300,56
203,15
264,31
278,0
413,45
67,36
254,47
277,17
180,34
542,14
448,23
284,56
183,15
281,31
272,0
421,45
40,36
288,47
250,17
204,34
548,14
445,23
324,56
202,15
253,31
271,0
393,45
59,36
352,47
244,17
203,34
537,14
442,23
319,56
185,15
286,31
237,0
428,45
12,36
315,47
270,17
161,34
546,14
440,23
309,56
186,15
291,31
282,0
403,45
66,36
271,47
255,17
199,34
561,14
559,23
320,56
173,15
272,31
248,0
376,45
53,36
276,47
253,17
201,34
563,14
406,23
309,56
198,15
250,31
230,0
418,45
18,36
244,47
264,17
199,34
551,14
434,23
256,56
205,15
262,31
242,0
390,45
58,36
228,47
242,17
206,34
603,14
532,23
338,56
159,15
282,31
243,0
389,45
62,36
260,47
264,17
197,34
573,14
449,23
605,56
388,15
813,31
241,0
322,45
77,36
297,47
234,17
190,34
519,14
433,23
322,56
183,15
251,31
220,0
383,45
68,36
261,47
256,17
179,34
560,14
408,23
311,56
209,15
269,31
261,0
383,45
64,36
265,47
239,17
205,34
602,14
396,23
304,56
234,15
245,31
234,0
430,45
64,36
444,47
456,17
218,34
648,14
480,23
294,56
241,15
241,31
281,0
1431,45
118,36
343,47
703,17
243,34
1206,14
479,23
764,56
259,15
374,31
291,0
620,45
110,36
484,47
276,17
222,34
935,14
411,23
332,56
242,15
274,31
258,0
898,45
103,36
673,47
254,17
217,34
877,14
484,23
321,56
283,15
303,31
286,0
493,45
130,36
460,47
946,17
205,34
1025,14
496,23
333,56
237,15
268,31
294,0
503,45
94,36
537,47
462,17
264,34
717,14
419,23
284,56
235,15
238,31
308,0
525,45
107,36
578,47
326,17
225,34
789,14
458,23
312,56
241,15
245,31
295,0
468,45
98,36
438,47
269,17
201,34
674,14
405,23
284,56
239,15
239,31
271,0
448,45
90,36
297,47
305,17
258,34
554,14
424,23
281,56
224,15
203,31
269,0
451,45
90,36
257,47
406,17
45,34
1003,14
490,23
197,56
260,15
196,31
268,0
409,45
94,36
283,47
265,17
265,34
1598,14
384,23
249,56
247,15
216,31
260,0
389,45
86,36
276,47
286,17
263,34
500,14
422,23
243,56
229,15
205,31
256,0
376,45
84,36
253,47
270,17
237,34
555,14
425,23
227,56
214,15
232,31
268,0
372,45
76,36
241,47
249,17
244,34
572,14
646,23
281,56
238,15
237,31
244,0
408,45
86,36
236,47
269,17
244,34
567,14
540,23
300,56
232,15
303,31
491,0
390,45
86,36
283,47
300,17
261,34
532,14
430,23
297,56
204,15
255,31
268,0
432,45
66,36
291,47
271,17
232,34
562,14
453,23
313,56
241,15
247,31
255,0
411,45
87,36
273,47
269,17
264,34
534,14
403,23
298,56
224,15
236,31
278,0
391,45
82,36
246,47
253,17
259,34
539,14
391,23
266,56
242,15
228,31
270,0
381,45
84,36
247,47
260,17
268,34
513,14
396,23
298,56
205,15
247,31
252,0
386,45
74,36
253,47
259,17
227,34
545,14
412,23
300,56
247,15
255,31
261,0
391,45
84,36
223,47
281,17
209,34
542,14
438,23
280,56
199,15
214,31
257,0
364,45
83,36
261,47
271,17
247,34
628,14
453,23
311,56
220,15
228,31
252,0
379,45
83,36
211,47
271,17
215,34
583,14
382,23
244,56
215,15
211,31
251,0
380,45
77,36
247,47
260,17
243,34
566,14
449,23
248,56
233,15
224,31
274,0
368,45
80,36
381,47
249,17
214,34
496,14
410,23
268,56
239,15
227,31
259,0
385,45
68,36
266,47
256,17
205,34
598,14
389,23
285,56
219,15
312,31
261,0
392,45
63,36
219,47
278,17
196,34
593,14
389,23
252,56
263,15
212,31
270,0
409,45
81,36
226,47
257,17
221,34
549,14
425,23
240,56
239,15
179,31
282,0
389,45
68,36
216,47
247,17
222,34
549,14
668,23
338,56
304,15
298,31
255,0
393,45
74,36
225,47
256,17
201,34
540,14
659,23
346,56
190,15
249,31
254,0
368,45
64,36
236,47
240,17
207,34
926,14
676,23
345,56
207,15
214,31
261,0
385,45
62,36
178,47
243,17
209,34
563,14
396,23
543,56
267,15
233,31
259,0
423,45
17,36
226,47
241,17
227,34
612,14
337,23
298,56
216,15
195,31
255,0
379,45
75,36
457,47
487,17
219,34
691,14
397,23
260,56
239,15
182,31
270,0
399,45
74,36
229,47
224,17
223,34
532,14
382,23
286,56
203,15
211,31
240,0
390,45
74,36
273,47
261,17
215,34
645,14
375,23
273,56
252,15
169,31
292,0
383,45
70,36
259,47
244,17
211,34
604,14
418,23
306,56
250,15
249,31
256,0
428,45
87,36
280,47
269,17
178,34
595,14
382,23
277,56
248,15
236,31
260,0
390,45
73,36
262,47
534,17
228,34
679,14
404,23
310,56
274,15
208,31
264,0
388,45
71,36
203,47
258,17
221,34
577,14
385,23
254,56
235,15
234,31
263,0
400,45
46,36
215,47
264,17
223,34
612,14
563,23
297,56
208,15
203,31
280,0
397,45
67,36
237,47
485,17
211,34
1092,14
525,23
273,56
227,15
177,31
274,0
376,45
74,36
212,47
271,17
218,34
587,14
401,23
260,56
274,15
227,31
268,0
386,45
75,36
318,47
273,17
218,34
589,14
422,23
250,56
241,15
208,31
265,0
406,45
82,36
235,47
262,17
220,34
597,14
377,23
295,56
247,15
216,31
270,0
389,45
78,36
347,47
252,17
222,34
773,14
461,23
274,56
218,15
221,31
269,0
406,45
90,36
246,47
261,17
210,34
638,14
347,23
274,56
251,15
216,31
282,0
423,45
74,36
280,47
272,17
193,34
537,14
425,23
262,56
276,15
251,31
280,0
396,45
78,36
235,47
252,17
214,34
607,14
409,23
305,56
226,15
230,31
269,0
393,45
67,36
597,47
337,17
284,34
839,14
398,23
309,56
251,15
285,31
300,0
445,45
93,36
372,47
263,17
274,34
694,14
396,23
299,56
260,15
254,31
326,0
494,45
35,36
346,47
286,17
241,34
718,14
391,23
331,56
235,15
227,31
279,0
481,45
85,36
376,47
342,17
321,34
470,14
444,23
303,56
259,15
253,31
300,0
392,45
81,36
354,47
370,17
346,34
567,14
427,23
292,56
245,15
268,31
276,0
436,45
78,36
369,47
311,17
253,34
531,14
421,23
286,56
221,15
230,31
274,0
428,45
76,36
327,47
273,17
258,34
611,14
364,23
297,56
233,15
205,31
292,0
394,45
80,36
232,47
269,17
257,34
523,14
392,23
338,56
214,15
238,31
269,0
401,45
67,36
248,47
260,17
211,34
645,14
372,23
306,56
222,15
229,31
293,0
426,45
63,36
1221,47
265,17
303,34
740,14
382,23
275,56
245,15
224,31
305,0
432,45
93,36
316,47
231,17
232,34
539,14
362,23
285,56
217,15
196,31
304,0
452,45
78,36
332,47
523,17
226,34
740,14
353,23
260,56
227,15
215,31
297,0
424,45
93,36
345,47
294,17
291,34
526,14
338,23
287,56
201,15
230,31
289,0
398,45
72,36
286,47
400,17
186,34
548,14
353,23
296,56
194,15
240,31
297,0
388,45
84,36
295,47
288,17
245,34
553,14
364,23
274,56
188,15
231,31
283,0
433,45
53,36
303,47
274,17
227,34
558,14
355,23
281,56
221,15
183,31
305,0
404,45
79,36
260,47
292,17
185,34
554,14
349,23
283,56
220,15
224,31
270,0
373,45
84,36
534,47
304,17
499,34
797,14
400,23
352,56
236,15
214,31
266,0
418,45
67,36
301,47
266,17
193,34
512,14
382,23
292,56
261,15
238,31
261,0
408,45
69,36
270,47
243,17
206,34
525,14
361,23
285,56
245,15
195,31
318,0
434,45
80,36
286,47
271,17
253,34
551,14
392,23
276,56
216,15
222,31
265,0
390,45
62,36
258,47
224,17
233,34
507,14
384,23
272,56
225,15
213,31
303,0
437,45
77,36
261,47
259,17
230,34
511,14
457,23
343,56
201,15
487,31
344,0
433,45
57,36
301,47
277,17
256,34
490,14
465,23
511,56
251,15
210,31
263,0
379,45
75,36
269,47
250,17
207,34
550,14
392,23
644,56
230,15
230,31
275,0
393,45
73,36
303,47
245,17
213,34
538,14
394,23
291,56
179,15
202,31
303,0
1000,45
93,36
436,47
304,17
237,34
555,14
387,23
287,56
164,15
229,31
295,0
417,45
73,36
258,47
244,17
219,34
517,14
399,23
260,56
248,15
166,31
318,0
412,45
68,36
281,47
282,17
205,34
511,14
377,23
287,56
243,15
209,31
275,0
403,45
70,36
295,47
253,17
189,34
517,14
374,23
291,56
241,15
166,31
286,0
497,45
35,36
287,47
236,17
220,34
505,14
374,23
299,56
244,15
219,31
284,0
423,45
66,36
334,47
278,17
194,34
541,14
390,23
288,56
212,15
203,31
281,0
429,45
74,36
355,47
258,17
205,34
529,14
388,23
295,56
205,15
262,31
277,0
431,45
80,36
270,47
267,17
230,34
537,14
452,23
306,56
227,15
221,31
277,0
454,45
62,36
264,47
327,17
212,34
1261,14
973,23
384,56
257,15
226,31
275,0
409,45
69,36
271,47
243,17
200,34
531,14
378,23
293,56
233,15
176,31
335,0
406,45
82,36
255,47
260,17
205,34
484,14
406,23
312,56
221,15
225,31
267,0
430,45
83,36
341,47
346,17
218,34
518,14
411,23
319,56
208,15
228,31
289,0
386,45
82,36
282,47
248,17
218,34
518,14
422,23
284,56
238,15
231,31
272,0
409,45
79,36
259,47
253,17
251,34
469,14
398,23
302,56
255,15
185,31
293,0
423,45
99,36
288,47
252,17
213,34
532,14
417,23
318,56
217,15
233,31
274,0
414,45
87,36
267,47
322,17
224,34
529,14
392,23
310,56
241,15
199,31
865,0
373,45
82,36
254,47
260,17
212,34
522,14
401,23
264,56
228,15
210,31
271,0
401,45
80,36
337,47
272,17
244,34
579,14
541,23
332,56
218,15
231,31
285,0
387,45
68,36
280,47
245,17
198,34
540,14
362,23
284,56
273,15
365,31
367,0
405,45
72,36
296,47
254,17
212,34
551,14
388,23
314,56
247,15
279,31
297,0
405,45
66,36
291,47
236,17
204,34
556,14
389,23
316,56
220,15
245,31
256,0
401,45
87,36
314,47
230,17
240,34
597,14
404,23
291,56
238,15
262,31
269,0
399,45
87,36
297,47
267,17
240,34
581,14
363,23
311,56
209,15
227,31
270,0
433,45
76,36
284,47
220,17
234,34
542,14
374,23
338,56
167,15
351,31
303,0
473,45
76,36
1011,47
370,17
581,34
965,14
924,23
338,56
205,15
346,31
217,0
404,45
77,36
325,47
256,17
226,34
450,14
470,23
308,56
151,15
252,31
279,0
397,45
62,36
249,47
248,17
216,34
565,14
586,23
554,56
274,15
269,31
234,0
396,45
65,36
338,47
302,17
206,34
571,14
371,23
295,56
202,15
234,31
218,0
390,45
68,36
295,47
258,17
206,34
568,14
421,23
309,56
199,15
236,31
252,0
835,45
72,36
265,47
245,17
188,34
601,14
373,23
297,56
215,15
231,31
243,0
400,45
67,36
249,47
249,17
194,34
549,14
381,23
361,56
147,15
394,31
307,0
386,45
73,36
392,47
392,17
215,34
504,14
378,23
325,56
188,15
230,31
231,0
362,45
61,36
263,47
251,17
210,34
553,14
390,23
304,56
200,15
194,31
234,0
331,45
65,36
247,47
250,17
163,34
529,14
362,23
384,56
227,15
347,31
254,0
398,45
65,36
269,47
256,17
186,34
565,14
383,23
338,56
184,15
219,31
217,0
343,45
76,36
215,47
237,17
225,34
545,14
365,23
300,56
220,15
225,31
230,0
360,45
62,36
267,47
228,17
170,34
822,14
401,23
344,56
134,15
230,31
216,0
348,45
68,36
250,47
187,17
181,34
540,14
405,23
288,56
203,15
202,31
202,0
334,45
74,36
225,47
246,17
199,34
526,14
361,23
306,56
179,15
222,31
197,0
346,45
65,36
220,47
248,17
201,34
493,14
366,23
317,56
206,15
210,31
241,0
310,45
66,36
264,47
244,17
210,34
569,14
508,23
578,56
367,15
207,31
219,0
375,45
55,36
272,47
243,17
192,34
549,14
387,23
299,56
227,15
188,31
263,0
352,45
56,36
240,47
221,17
188,34
573,14
294,23
306,56
209,15
253,31
201,0
404,45
68,36
225,47
238,17
199,34
509,14
363,23
282,56
200,15
242,31
222,0
291,45
58,36
346,47
237,17
216,34
648,14
400,23
337,56
205,15
227,31
238,0
380,45
48,36
242,47
246,17
204,34
505,14
383,23
279,56
199,15
189,31
239,0
377,45
57,36
269,47
235,17
179,34
520,14
340,23
290,56
202,15
193,31
256,0
359,45
71,36
223,47
254,17
208,34
558,14
534,23
295,56
187,15
211,31
245,0
359,45
66,36
478,47
451,17
357,34
375,14
470,23
282,56
182,15
200,31
249,0
369,45
53,36
230,47
234,17
173,34
823,14
314,23
337,56
184,15
234,31
256,0
362,45
65,36
220,47
238,17
178,34
512,14
393,23
305,56
195,15
205,31
234,0
398,45
56,36
230,47
243,17
180,34
513,14
377,23
370,56
219,15
174,31
273,0
412,45
68,36
288,47
225,17
129,34
813,14
473,23
330,56
183,15
179,31
258,0
377,45
78,36
242,47
242,17
206,34
524,14
372,23
367,56
166,15
224,31
263,0
387,45
63,36
247,47
243,17
210,34
522,14
363,23
309,56
225,15
263,31
310,0
397,45
62,36
260,47
235,17
181,34
523,14
395,23
282,56
196,15
172,31
276,0
391,45
68,36
293,47
254,17
227,34
511,14
386,23
266,56
247,15
207,31
264,0
387,45
76,36
231,47
230,17
217,34
572,14
403,23
278,56
208,15
222,31
262,0
389,45
70,36
250,47
206,17
194,34
511,14
469,23
283,56
190,15
218,31
294,0
335,45
69,36
281,47
213,17
198,34
615,14
447,23
253,56
214,15
217,31
252,0
383,45
63,36
234,47
235,17
221,34
561,14
403,23
271,56
229,15
225,31
270,0
406,45
62,36
255,47
251,17
205,34
594,14
366,23
283,56
240,15
216,31
251,0
416,45
21,36
517,47
291,17
216,34
544,14
324,23
283,56
205,15
191,31
262,0
388,45
71,36
280,47
260,17
182,34
519,14
361,23
343,56
173,15
247,31
239,0
405,45
59,36
303,47
327,17
248,34
506,14
406,23
318,56
195,15
218,31
237,0
397,45
43,36
301,47
296,17
194,34
540,14
409,23
316,56
191,15
203,31
275,0
392,45
59,36
356,47
526,17
323,34
537,14
338,23
315,56
180,15
199,31
249,0
368,45
69,36
276,47
224,17
185,34
534,14
382,23
293,56
241,15
185,31
270,0
402,45
77,36
268,47
250,17
186,34
541,14
376,23
315,56
199,15
196,31
258,0
399,45
61,36
344,47
265,17
218,34
544,14
398,23
339,56
202,15
164,31
268,0
405,45
69,36
395,47
251,17
246,34
560,14
377,23
263,56
191,15
189,31
238,0
363,45
72,36
278,47
270,17
291,34
2755,14
629,23
306,56
182,15
219,31
267,0
362,45
65,36
327,47
221,17
192,34
561,14
369,23
300,56
205,15
183,31
271,0
368,45
73,36
306,47
242,17
202,34
528,14
435,23
274,56
190,15
176,31
267,0
366,45
73,36
