284,47
172,17
157,34
747,14
632,23
305,56
254,15
199,31
301,0
290,45
49,36
321,47
147,17
168,34
612,14
565,23
252,56
196,15
219,31
200,0
588,45
57,36
302,47
181,17
139,34
710,14
617,23
276,56
198,15
739,31
276,0
460,45
47,36
305,47
157,17
137,34
565,14
499,23
290,56
188,15
189,31
193,0
297,45
51,36
279,47
183,17
147,34
584,14
402,23
254,56
215,15
243,31
576,0
275,45
71,36
317,47
193,17
136,34
489,14
544,23
262,56
233,15
259,31
239,0
386,45
80,36
274,47
197,17
151,34
473,14
486,23
223,56
162,15
197,31
231,0
253,45
59,36
278,47
262,17
257,34
586,14
605,23
208,56
217,15
200,31
256,0
325,45
55,36
371,47
171,17
162,34
473,14
471,23
184,56
196,15
194,31
191,0
279,45
54,36
260,47
191,17
120,34
681,14
1143,23
253,56
197,15
187,31
181,0
375,45
50,36
307,47
172,17
141,34
496,14
542,23
265,56
207,15
209,31
191,0
346,45
61,36
253,47
163,17
129,34
430,14
520,23
290,56
215,15
164,31
195,0
284,45
54,36
296,47
170,17
138,34
588,14
809,23
277,56
192,15
169,31
209,0
305,45
76,36
323,47
202,17
163,34
576,14
507,23
262,56
233,15
204,31
244,0
292,45
77,36
270,47
189,17
137,34
560,14
470,23
261,56
211,15
206,31
214,0
346,45
68,36
246,47
236,17
125,34
524,14
428,23
239,56
193,15
190,31
233,0
308,45
43,36
275,47
206,17
118,34
485,14
491,23
288,56
207,15
172,31
236,0
280,45
66,36
256,47
192,17
133,34
417,14
421,23
262,56
182,15
172,31
182,0
281,45
48,36
235,47
194,17
125,34
358,14
400,23
177,56
212,15
153,31
205,0
247,45
58,36
229,47
191,17
116,34
385,14
380,23
252,56
188,15
152,31
177,0
280,45
59,36
295,47
220,17
120,34
421,14
360,23
220,56
218,15
193,31
213,0
265,45
70,36
276,47
205,17
131,34
427,14
428,23
267,56
264,15
94,31
185,0
297,45
61,36
330,47
204,17
145,34
338,14
457,23
325,56
1447,15
215,31
202,0
330,45
58,36
281,47
168,17
137,34
376,14
375,23
221,56
259,15
172,31
215,0
262,45
71,36
234,47
206,17
149,34
340,14
375,23
184,56
216,15
165,31
195,0
270,45
56,36
247,47
195,17
148,34
1175,14
452,23
233,56
204,15
164,31
227,0
319,45
65,36
244,47
185,17
129,34
1185,14
510,23
430,56
364,15
248,31
195,0
341,45
80,36
273,47
167,17
119,34
443,14
459,23
264,56
223,15
221,31
222,0
495,45
67,36
268,47
194,17
126,34
511,14
380,23
249,56
228,15
215,31
224,0
310,45
69,36
285,47
169,17
137,34
446,14
388,23
216,56
238,15
189,31
217,0
427,45
68,36
282,47
182,17
135,34
448,14
417,23
200,56
213,15
205,31
192,0
398,45
67,36
304,47
194,17
122,34
463,14
408,23
252,56
221,15
190,31
215,0
299,45
71,36
244,47
193,17
108,34
422,14
411,23
202,56
187,15
188,31
237,0
338,45
63,36
268,47
168,17
121,34
474,14
388,23
217,56
177,15
202,31
202,0
315,45
68,36
298,47
170,17
135,34
459,14
443,23
248,56
191,15
178,31
225,0
361,45
54,36
279,47
192,17
115,34
832,14
473,23
337,56
226,15
184,31
216,0
316,45
62,36
259,47
195,17
143,34
538,14
543,23
287,56
222,15
141,31
266,0
310,45
85,36
336,47
176,17
119,34
1179,14
727,23
743,56
279,15
197,31
212,0
356,45
68,36
286,47
195,17
131,34
512,14
384,23
231,56
187,15
209,31
245,0
300,45
67,36
242,47
193,17
138,34
570,14
398,23
205,56
202,15
153,31
175,0
326,45
77,36
323,47
434,17
215,34
568,14
544,23
305,56
197,15
137,31
193,0
305,45
63,36
251,47
165,17
117,34
413,14
362,23
220,56
188,15
155,31
189,0
314,45
61,36
319,47
226,17
100,34
460,14
473,23
207,56
185,15
176,31
195,0
325,45
57,36
295,47
181,17
109,34
506,14
401,23
200,56
198,15
185,31
201,0
347,45
55,36
300,47
210,17
119,34
468,14
445,23
216,56
201,15
172,31
192,0
356,45
62,36
296,47
616,17
179,34
569,14
402,23
231,56
188,15
170,31
197,0
473,45
65,36
253,47
196,17
116,34
584,14
498,23
244,56
194,15
162,31
234,0
549,45
95,36
273,47
181,17
113,34
791,14
430,23
263,56
463,15
259,31
244,0
395,45
71,36
316,47
195,17
139,34
477,14
344,23
185,56
223,15
189,31
242,0
348,45
74,36
230,47
195,17
133,34
517,14
354,23
205,56
198,15
192,31
230,0
374,45
71,36
256,47
147,17
144,34
484,14
426,23
247,56
175,15
195,31
213,0
309,45
49,36
250,47
172,17
148,34
923,14
433,23
251,56
186,15
186,31
210,0
342,45
70,36
265,47
152,17
121,34
455,14
422,23
233,56
193,15
188,31
173,0
345,45
62,36
278,47
178,17
157,34
547,14
408,23
235,56
203,15
165,31
188,0
325,45
73,36
274,47
254,17
179,34
549,14
452,23
242,56
216,15
203,31
159,0
331,45
78,36
267,47
194,17
124,34
471,14
420,23
262,56
182,15
178,31
167,0
300,45
63,36
248,47
182,17
151,34
465,14
399,23
213,56
168,15
176,31
146,0
290,45
70,36
262,47
190,17
113,34
401,14
365,23
209,56
150,15
189,31
132,0
320,45
52,36
282,47
161,17
130,34
952,14
1016,23
263,56
213,15
188,31
183,0
332,45
73,36
253,47
178,17
121,34
605,14
525,23
308,56
209,15
180,31
185,0
335,45
78,36
294,47
166,17
139,34
426,14
362,23
340,56
228,15
209,31
167,0
337,45
82,36
255,47
186,17
123,34
400,14
388,23
259,56
244,15
196,31
163,0
329,45
62,36
270,47
162,17
139,34
367,14
379,23
239,56
221,15
172,31
149,0
344,45
53,36
561,47
230,17
129,34
476,14
440,23
662,56
261,15
206,31
187,0
343,45
78,36
248,47
186,17
118,34
724,14
544,23
215,56
159,15
135,31
223,0
348,45
74,36
263,47
183,17
104,34
437,14
363,23
259,56
226,15
192,31
188,0
330,45
73,36
265,47
189,17
122,34
432,14
382,23
278,56
199,15
163,31
209,0
374,45
74,36
236,47
183,17
113,34
384,14
512,23
301,56
232,15
170,31
280,0
343,45
74,36
238,47
192,17
98,34
404,14
415,23
293,56
226,15
167,31
187,0
354,45
76,36
259,47
155,17
152,34
478,14
383,23
270,56
237,15
149,31
256,0
361,45
71,36
227,47
185,17
98,34
394,14
390,23
256,56
223,15
159,31
150,0
319,45
71,36
248,47
201,17
104,34
412,14
580,23
382,56
288,15
226,31
221,0
369,45
85,36
263,47
198,17
113,34
390,14
395,23
227,56
211,15
140,31
199,0
345,45
68,36
263,47
185,17
110,34
394,14
731,23
334,56
323,15
232,31
192,0
361,45
77,36
247,47
186,17
98,34
419,14
359,23
230,56
230,15
177,31
177,0
313,45
62,36
214,47
203,17
100,34
399,14
687,23
315,56
249,15
160,31
218,0
339,45
65,36
231,47
179,17
116,34
362,14
336,23
249,56
224,15
150,31
214,0
358,45
38,36
250,47
189,17
157,34
496,14
326,23
205,56
234,15
151,31
220,0
449,45
83,36
335,47
172,17
151,34
463,14
503,23
284,56
231,15
150,31
219,0
386,45
79,36
572,47
234,17
118,34
496,14
388,23
315,56
295,15
145,31
231,0
381,45
94,36
600,47
242,17
177,34
437,14
365,23
255,56
291,15
198,31
213,0
328,45
77,36
249,47
174,17
122,34
380,14
426,23
283,56
244,15
94,31
197,0
342,45
59,36
242,47
211,17
95,34
484,14
414,23
215,56
238,15
122,31
201,0
382,45
66,36
259,47
201,17
115,34
408,14
432,23
280,56
207,15
194,31
190,0
324,45
70,36
260,47
185,17
139,34
317,14
452,23
314,56
236,15
193,31
197,0
311,45
73,36
261,47
185,17
118,34
389,14
590,23
407,56
621,15
226,31
295,0
379,45
75,36
248,47
195,17
101,34
327,14
368,23
242,56
232,15
193,31
207,0
342,45
87,36
346,47
254,17
148,34
385,14
367,23
239,56
221,15
188,31
199,0
430,45
68,36
313,47
267,17
174,34
444,14
476,23
266,56
264,15
232,31
184,0
402,45
86,36
300,47
260,17
184,34
520,14
343,23
247,56
207,15
189,31
224,0
359,45
73,36
256,47
204,17
97,34
432,14
650,23
456,56
217,15
185,31
183,0
379,45
86,36
284,47
314,17
203,34
420,14
424,23
248,56
213,15
216,31
236,0
442,45
75,36
263,47
219,17
144,34
754,14
394,23
273,56
213,15
195,31
229,0
409,45
77,36
451,47
200,17
168,34
445,14
389,23
222,56
208,15
171,31
209,0
364,45
63,36
334,47
677,17
171,34
446,14
311,23
245,56
228,15
192,31
206,0
320,45
78,36
363,47
211,17
132,34
360,14
380,23
213,56
207,15
169,31
207,0
360,45
80,36
260,47
179,17
131,34
360,14
379,23
246,56
227,15
178,31
217,0
375,45
72,36
263,47
224,17
129,34
393,14
485,23
299,56
207,15
218,31
253,0
301,45
71,36
273,47
213,17
136,34
458,14
435,23
205,56
206,15
180,31
225,0
322,45
65,36
304,47
239,17
156,34
302,14
347,23
223,56
194,15
158,31
185,0
305,45
64,36
269,47
180,17
161,34
432,14
421,23
225,56
175,15
185,31
221,0
304,45
56,36
250,47
169,17
125,34
987,14
415,23
240,56
158,15
195,31
180,0
329,45
56,36
234,47
161,17
133,34
363,14
393,23
230,56
195,15
173,31
207,0
324,45
50,36
240,47
176,17
131,34
327,14
380,23
256,56
200,15
176,31
181,0
328,45
78,36
234,47
220,17
211,34
540,14
458,23
259,56
165,15
185,31
210,0
324,45
58,36
236,47
211,17
148,34
350,14
347,23
252,56
183,15
162,31
210,0
406,45
78,36
339,47
196,17
128,34
340,14
377,23
534,56
265,15
226,31
250,0
319,45
75,36
262,47
187,17
122,34
338,14
379,23
218,56
205,15
160,31
209,0
345,45
71,36
281,47
196,17
128,34
333,14
383,23
259,56
198,15
189,31
153,0
352,45
70,36
200,47
171,17
135,34
307,14
356,23
222,56
218,15
168,31
199,0
402,45
8,36
212,47
198,17
95,34
528,14
353,23
238,56
184,15
211,31
221,0
329,45
83,36
233,47
202,17
96,34
306,14
375,23
239,56
195,15
171,31
221,0
360,45
62,36
195,47
204,17
93,34
300,14
389,23
307,56
203,15
181,31
183,0
325,45
70,36
231,47
234,17
153,34
383,14
491,23
274,56
225,15
162,31
184,0
387,45
75,36
303,47
298,17
138,34
432,14
369,23
253,56
220,15
214,31
184,0
387,45
80,36
257,47
309,17
159,34
336,14
424,23
250,56
208,15
173,31
181,0
357,45
68,36
190,47
243,17
172,34
352,14
375,23
252,56
220,15
218,31
259,0
386,45
81,36
266,47
201,17
109,34
322,14
343,23
234,56
186,15
172,31
180,0
344,45
85,36
216,47
492,17
194,34
541,14
384,23
244,56
242,15
207,31
192,0
401,45
74,36
203,47
644,17
182,34
486,14
425,23
287,56
229,15
238,31
215,0
383,45
72,36
275,47
220,17
167,34
422,14
473,23
383,56
228,15
180,31
204,0
341,45
70,36
182,47
220,17
115,34
292,14
381,23
561,56
277,15
198,31
141,0
328,45
84,36
220,47
214,17
118,34
280,14
343,23
219,56
198,15
190,31
145,0
393,45
55,36
209,47
243,17
175,34
330,14
403,23
200,56
285,15
213,31
168,0
369,45
88,36
241,47
259,17
162,34
364,14
414,23
249,56
193,15
187,31
164,0
846,45
87,36
258,47
248,17
161,34
429,14
433,23
239,56
207,15
158,31
209,0
326,45
67,36
187,47
270,17
241,34
443,14
513,23
378,56
237,15
199,31
185,0
362,45
81,36
226,47
231,17
176,34
374,14
389,23
219,56
212,15
204,31
169,0
355,45
58,36
205,47
208,17
142,34
307,14
367,23
216,56
191,15
192,31
173,0
345,45
82,36
218,47
220,17
160,34
280,14
639,23
262,56
188,15
166,31
167,0
342,45
83,36
190,47
218,17
137,34
337,14
367,23
328,56
262,15
144,31
190,0
306,45
68,36
179,47
230,17
200,34
661,14
475,23
487,56
206,15
237,31
197,0
311,45
67,36
202,47
251,17
132,34
359,14
369,23
234,56
253,15
180,31
163,0
328,45
65,36
245,47
209,17
132,34
354,14
487,23
268,56
209,15
207,31
209,0
433,45
96,36
254,47
264,17
151,34
497,14
413,23
282,56
193,15
203,31
195,0
334,45
81,36
294,47
205,17
150,34
384,14
371,23
275,56
196,15
214,31
180,0
321,45
88,36
212,47
233,17
103,34
525,14
465,23
348,56
203,15
182,31
168,0
330,45
81,36
214,47
202,17
148,34
299,14
359,23
240,56
231,15
146,31
222,0
373,45
73,36
223,47
213,17
163,34
292,14
400,23
248,56
188,15
189,31
175,0
324,45
69,36
335,47
202,17
144,34
335,14
381,23
236,56
182,15
174,31
204,0
322,45
77,36
273,47
196,17
149,34
277,14
345,23
265,56
174,15
195,31
185,0
327,45
73,36
242,47
212,17
138,34
280,14
337,23
230,56
209,15
192,31
235,0
422,45
82,36
236,47
195,17
125,34
281,14
434,23
322,56
251,15
166,31
214,0
320,45
77,36
249,47
193,17
173,34
309,14
385,23
234,56
207,15
180,31
173,0
289,45
94,36
230,47
210,17
176,34
438,14
470,23
294,56
219,15
159,31
184,0
295,45
77,36
225,47
208,17
132,34
334,14
682,23
276,56
229,15
162,31
203,0
293,45
54,36
206,47
209,17
149,34
317,14
493,23
277,56
187,15
190,31
240,0
342,45
64,36
218,47
210,17
120,34
279,14
361,23
228,56
203,15
165,31
203,0
298,45
59,36
230,47
188,17
134,34
275,14
397,23
386,56
260,15
183,31
163,0
298,45
54,36
242,47
564,17
501,34
351,14
376,23
177,56
200,15
126,31
156,0
306,45
78,36
227,47
176,17
123,34
352,14
351,23
207,56
177,15
173,31
192,0
294,45
83,36
241,47
168,17
127,34
326,14
328,23
219,56
186,15
176,31
170,0
308,45
63,36
295,47
202,17
167,34
382,14
330,23
224,56
195,15
142,31
179,0
359,45
73,36
274,47
196,17
139,34
351,14
380,23
240,56
170,15
168,31
150,0
293,45
74,36
249,47
170,17
115,34
336,14
381,23
234,56
171,15
202,31
163,0
288,45
75,36
242,47
200,17
135,34
360,14
418,23
254,56
170,15
249,31
168,0
358,45
67,36
316,47
215,17
115,34
289,14
330,23
204,56
180,15
173,31
171,0
353,45
84,36
246,47
237,17
356,34
499,14
378,23
298,56
177,15
178,31
173,0
304,45
83,36
215,47
174,17
102,34
253,14
355,23
220,56
214,15
197,31
241,0
334,45
88,36
241,47
194,17
127,34
283,14
357,23
240,56
183,15
174,31
168,0
322,45
83,36
271,47
205,17
211,34
369,14
407,23
223,56
206,15
186,31
240,0
329,45
76,36
252,47
192,17
125,34
267,14
312,23
229,56
178,15
178,31
173,0
338,45
77,36
237,47
202,17
446,34
889,14
378,23
224,56
176,15
196,31
147,0
314,45
76,36
245,47
156,17
141,34
312,14
330,23
255,56
323,15
196,31
172,0
330,45
82,36
261,47
189,17
136,34
297,14
322,23
214,56
211,15
193,31
180,0
317,45
74,36
237,47
192,17
104,34
268,14
327,23
283,56
281,15
182,31
159,0
342,45
70,36
195,47
187,17
104,34
299,14
334,23
214,56
255,15
186,31
168,0
316,45
91,36
262,47
287,17
214,34
481,14
354,23
238,56
184,15
185,31
162,0
310,45
60,36
217,47
182,17
121,34
286,14
302,23
236,56
243,15
166,31
152,0
304,45
63,36
239,47
191,17
91,34
617,14
445,23
231,56
199,15
158,31
165,0
278,45
67,36
221,47
171,17
110,34
314,14
349,23
249,56
170,15
195,31
162,0
318,45
68,36
218,47
223,17
119,34
322,14
345,23
339,56
427,15
191,31
222,0
303,45
63,36
221,47
191,17
122,34
296,14
376,23
235,56
213,15
191,31
163,0
335,45
56,36
271,47
201,17
95,34
329,14
322,23
510,56
361,15
215,31
181,0
428,45
74,36
291,47
192,17
132,34
372,14
375,23
341,56
283,15
268,31
116,0
393,45
79,36
288,47
206,17
119,34
287,14
387,23
299,56
288,15
248,31
276,0
336,45
76,36
249,47
191,17
94,34
467,14
529,23
602,56
281,15
222,31
152,0
337,45
54,36
274,47
242,17
124,34
515,14
412,23
283,56
177,15
223,31
209,0
355,45
88,36
251,47
228,17
139,34
369,14
439,23
336,56
199,15
229,31
173,0
311,45
68,36
241,47
217,17
130,34
319,14
436,23
272,56
253,15
184,31
213,0
322,45
67,36
282,47
213,17
200,34
477,14
434,23
265,56
241,15
183,31
186,0
370,45
108,36
331,47
222,17
204,34
306,14
406,23
329,56
252,15
201,31
183,0
380,45
93,36
463,47
215,17
175,34
310,14
424,23
347,56
253,15
186,31
203,0
320,45
80,36
295,47
205,17
132,34
310,14
402,23
269,56
297,15
200,31
155,0
311,45
72,36
292,47
203,17
145,34
313,14
407,23
245,56
236,15
209,31
175,0
360,45
74,36
245,47
219,17
185,34
336,14
415,23
250,56
237,15
149,31
221,0
382,45
73,36
234,47
211,17
158,34
339,14
508,23
319,56
350,15
253,31
273,0
355,45
52,36
239,47
198,17
113,34
379,14
462,23
356,56
237,15
198,31
188,0
334,45
77,36
234,47
220,17
147,34
307,14
461,23
257,56
243,15
182,31
206,0
351,45
68,36
285,47
184,17
165,34
444,14
447,23
260,56
241,15
216,31
301,0
369,45
86,36
292,47
191,17
175,34
344,14
417,23
230,56
256,15
197,31
191,0
361,45
81,36
237,47
201,17
120,34
317,14
405,23
246,56
260,15
175,31
190,0
348,45
71,36
258,47
194,17
136,34
301,14
418,23
229,56
250,15
203,31
194,0
353,45
83,36
271,47
200,17
146,34
592,14
440,23
367,56
290,15
155,31
247,0
348,45
76,36
197,47
227,17
122,34
619,14
410,23
265,56
261,15
183,31
222,0
366,45
73,36
252,47
200,17
122,34
774,14
393,23
224,56
224,15
170,31
228,0
348,45
76,36
256,47
186,17
118,34
376,14
370,23
241,56
240,15
175,31
188,0
326,45
66,36
251,47
203,17
142,34
323,14
357,23
206,56
254,15
176,31
196,0
350,45
77,36
287,47
201,17
169,34
539,14
416,23
250,56
896,15
417,31
259,0
351,45
76,36
297,47
201,17
141,34
679,14
404,23
257,56
219,15
211,31
483,0
316,45
92,36
224,47
375,17
401,34
849,14
383,23
191,56
176,15
158,31
187,0
392,45
69,36
220,47
165,17
124,34
301,14
308,23
160,56
198,15
162,31
206,0
313,45
79,36
263,47
165,17
174,34
307,14
328,23
171,56
211,15
165,31
200,0
328,45
74,36
353,47
176,17
337,34
488,14
394,23
209,56
219,15
187,31
211,0
305,45
70,36
234,47
180,17
149,34
325,14
363,23
235,56
205,15
203,31
197,0
324,45
75,36
248,47
171,17
128,34
293,14
396,23
240,56
204,15
199,31
234,0
346,45
70,36
227,47
187,17
103,34
333,14
413,23
224,56
198,15
194,31
233,0
339,45
75,36
231,47
170,17
131,34
315,14
346,23
221,56
200,15
200,31
198,0
372,45
19,36
266,47
195,17
140,34
305,14
465,23
285,56
243,15
198,31
238,0
376,45
86,36
320,47
228,17
165,34
331,14
705,23
373,56
293,15
217,31
147,0
336,45
65,36
242,47
193,17
110,34
311,14
337,23
370,56
328,15
189,31
216,0
348,45
83,36
302,47
200,17
139,34
297,14
337,23
220,56
197,15
178,31
193,0
337,45
83,36
254,47
165,17
130,34
508,14
374,23
217,56
194,15
179,31
187,0
315,45
77,36
227,47
177,17
147,34
329,14
484,23
334,56
234,15
186,31
189,0
320,45
56,36
209,47
202,17
116,34
402,14
421,23
207,56
222,15
182,31
188,0
327,45
65,36
205,47
204,17
158,34
327,14
399,23
276,56
233,15
193,31
192,0
303,45
61,36
217,47
175,17
140,34
298,14
353,23
241,56
248,15
199,31
223,0
314,45
78,36
200,47
182,17
116,34
289,14
345,23
220,56
192,15
178,31
218,0
327,45
71,36
255,47
200,17
146,34
321,14
381,23
241,56
217,15
139,31
209,0
329,45
75,36
521,47
219,17
193,34
403,14
380,23
218,56
199,15
185,31
212,0
313,45
73,36
259,47
238,17
171,34
326,14
352,23
214,56
196,15
189,31
214,0
357,45
23,36
609,47
225,17
199,34
364,14
361,23
180,56
202,15
170,31
190,0
275,45
87,36
299,47
242,17
119,34
303,14
309,23
191,56
202,15
171,31
174,0
334,45
85,36
265,47
195,17
141,34
290,14
351,23
243,56
214,15
172,31
194,0
408,45
90,36
442,47
222,17
168,34
311,14
347,23
217,56
197,15
147,31
198,0
285,45
76,36
233,47
210,17
127,34
273,14
308,23
179,56
205,15
204,31
192,0
305,45
75,36
224,47
190,17
127,34
298,14
378,23
227,56
279,15
194,31
185,0
327,45
81,36
243,47
179,17
124,34
425,14
392,23
222,56
232,15
124,31
207,0
301,45
71,36
216,47
214,17
96,34
288,14
367,23
206,56
225,15
197,31
187,0
298,45
71,36
209,47
214,17
108,34
321,14
375,23
210,56
219,15
203,31
176,0
331,45
80,36
256,47
187,17
116,34
277,14
357,23
228,56
201,15
197,31
205,0
408,45
85,36
238,47
185,17
97,34
300,14
435,23
297,56
243,15
229,31
197,0
298,45
72,36
188,47
200,17
91,34
327,14
367,23
241,56
247,15
190,31
190,0
310,45
70,36
202,47
232,17
88,34
291,14
320,23
250,56
256,15
213,31
177,0
304,45
70,36
234,47
192,17
110,34
349,14
391,23
191,56
253,15
182,31
216,0
236,45
84,36
221,47
191,17
106,34
295,14
345,23
230,56
236,15
164,31
251,0
302,45
81,36
221,47
212,17
100,34
335,14
478,23
217,56
243,15
166,31
170,0
310,45
87,36
226,47
198,17
110,34
359,14
427,23
237,56
219,15
203,31
193,0
313,45
75,36
201,47
202,17
106,34
294,14
373,23
236,56
215,15
197,31
206,0
326,45
77,36
185,47
208,17
100,34
296,14
374,23
203,56
208,15
199,31
172,0
330,45
73,36
211,47
202,17
89,34
278,14
415,23
327,56
262,15
225,31
186,0
323,45
54,36
195,47
195,17
94,34
271,14
878,23
266,56
252,15
178,31
198,0
313,45
73,36
217,47
181,17
135,34
298,14
398,23
385,56
211,15
208,31
203,0
298,45
81,36
229,47
201,17
110,34
898,14
1480,23
228,56
196,15
162,31
208,0
222,45
83,36
282,47
205,17
197,34
494,14
412,23
221,56
210,15
217,31
199,0
313,45
81,36
286,47
231,17
161,34
357,14
385,23
247,56
226,15
217,31
167,0
267,45
95,36
222,47
192,17
115,34
348,14
359,23
243,56
213,15
159,31
189,0
296,45
76,36
256,47
197,17
140,34
284,14
413,23
271,56
223,15
177,31
225,0
309,45
73,36
233,47
225,17
143,34
317,14
411,23
245,56
206,15
171,31
174,0
342,45
96,36
378,47
222,17
145,34
331,14
381,23
271,56
188,15
197,31
175,0
324,45
112,36
248,47
201,17
151,34
310,14
443,23
234,56
165,15
198,31
196,0
325,45
52,36
215,47
177,17
129,34
279,14
316,23
210,56
189,15
143,31
197,0
309,45
52,36
208,47
179,17
129,34
286,14
353,23
281,56
192,15
188,31
208,0
328,45
59,36
211,47
176,17
129,34
310,14
322,23
203,56
189,15
181,31
211,0
336,45
66,36
391,47
239,17
156,34
279,14
354,23
242,56
219,15
205,31
215,0
339,45
65,36
234,47
179,17
141,34
315,14
341,23
212,56
217,15
184,31
205,0
331,45
73,36
233,47
189,17
140,34
276,14
337,23
246,56
195,15
215,31
192,0
345,45
71,36
215,47
213,17
154,34
289,14
319,23
239,56
197,15
196,31
175,0
307,45
71,36
210,47
189,17
132,34
321,14
345,23
276,56
366,15
265,31
214,0
334,45
65,36
233,47
199,17
1221,34
371,14
371,23
271,56
301,15
241,31
232,0
322,45
69,36
213,47
202,17
67,34
322,14
428,23
324,56
202,15
241,31
199,0
331,45
83,36
204,47
209,17
155,34
342,14
360,23
270,56
194,15
210,31
188,0
347,45
82,36
230,47
205,17
122,34
291,14
339,23
216,56
175,15
186,31
163,0
316,45
70,36
222,47
187,17
115,34
303,14
384,23
208,56
201,15
207,31
161,0
382,45
89,36
249,47
215,17
155,34
253,14
363,23
224,56
198,15
222,31
168,0
293,45
79,36
779,47
295,17
182,34
347,14
396,23
258,56
188,15
182,31
203,0
279,45
82,36
223,47
414,17
245,34
391,14
367,23
317,56
354,15
240,31
182,0
334,45
76,36
193,47
202,17
141,34
277,14
311,23
367,56
245,15
317,31
220,0
342,45
77,36
234,47
208,17
133,34
305,14
352,23
242,56
219,15
208,31
187,0
303,45
68,36
239,47
190,17
119,34
272,14
340,23
270,56
238,15
254,31
199,0
367,45
61,36
236,47
219,17
118,34
294,14
332,23
260,56
111,15
633,31
284,0
347,45
86,36
249,47
176,17
147,34
278,14
346,23
263,56
195,15
171,31
168,0
245,45
80,36
197,47
219,17
138,34
286,14
377,23
307,56
234,15
210,31
189,0
344,45
59,36
211,47
196,17
115,34
306,14
348,23
289,56
240,15
119,31
225,0
324,45
72,36
202,47
209,17
117,34
330,14
369,23
236,56
234,15
191,31
173,0
360,45
78,36
212,47
225,17
116,34
304,14
316,23
334,56
277,15
219,31
287,0
301,45
98,36
249,47
196,17
136,34
260,14
342,23
225,56
243,15
139,31
235,0
324,45
68,36
219,47
205,17
109,34
251,14
301,23
205,56
213,15
157,31
187,0
302,45
73,36
176,47
203,17
94,34
249,14
347,23
332,56
217,15
210,31
176,0
301,45
60,36
134,47
210,17
83,34
265,14
336,23
210,56
197,15
174,31
203,0
348,45
71,36
211,47
212,17
112,34
253,14
303,23
217,56
253,15
199,31
181,0
358,45
77,36
199,47
241,17
74,34
309,14
576,23
369,56
231,15
170,31
169,0
287,45
72,36
183,47
206,17
73,34
266,14
394,23
224,56
198,15
169,31
183,0
258,45
80,36
196,47
219,17
87,34
257,14
353,23
223,56
254,15
184,31
157,0
285,45
78,36
200,47
254,17
159,34
241,14
588,23
298,56
232,15
198,31
172,0
304,45
66,36
174,47
234,17
127,34
302,14
1926,23
298,56
207,15
182,31
173,0
279,45
79,36
294,47
183,17
170,34
693,14
423,23
212,56
201,15
180,31
125,0
304,45
86,36
237,47
184,17
165,34
347,14
368,23
233,56
202,15
150,31
579,0
340,45
63,36
295,47
190,17
154,34
400,14
646,23
312,56
263,15
160,31
189,0
396,45
90,36
280,47
212,17
142,34
286,14
373,23
199,56
219,15
195,31
163,0
328,45
70,36
237,47
217,17
150,34
357,14
391,23
199,56
216,15
176,31
194,0
338,45
91,36
214,47
217,17
131,34
375,14
391,23
388,56
281,15
168,31
187,0
293,45
61,36
221,47
208,17
109,34
273,14
366,23
222,56
278,15
240,31
184,0
288,45
76,36
203,47
203,17
100,34
282,14
359,23
207,56
234,15
161,31
165,0
319,45
66,36
197,47
210,17
131,34
254,14
349,23
222,56
226,15
167,31
188,0
340,45
87,36
228,47
208,17
127,34
266,14
351,23
417,56
272,15
192,31
161,0
303,45
66,36
209,47
197,17
124,34
278,14
369,23
745,56
347,15
235,31
110,0
313,45
75,36
257,47
204,17
137,34
285,14
346,23
257,56
232,15
201,31
197,0
301,45
65,36
193,47
230,17
90,34
287,14
423,23
329,56
215,15
206,31
168,0
305,45
77,36
205,47
223,17
126,34
299,14
327,23
238,56
187,15
217,31
134,0
283,45
51,36
216,47
134,17
145,34
296,14
354,23
197,56
184,15
148,31
168,0
372,45
65,36
192,47
180,17
110,34
258,14
331,23
196,56
203,15
164,31
192,0
322,45
55,36
225,47
167,17
137,34
319,14
324,23
181,56
194,15
174,31
166,0
306,45
69,36
198,47
186,17
129,34
253,14
306,23
167,56
199,15
171,31
161,0
299,45
71,36
212,47
180,17
157,34
297,14
300,23
239,56
201,15
199,31
247,0
420,45
74,36
241,47
185,17
129,34
284,14
289,23
269,56
229,15
192,31
160,0
288,45
83,36
222,47
193,17
114,34
262,14
304,23
179,56
187,15
192,31
156,0
319,45
66,36
245,47
184,17
131,34
264,14
322,23
181,56
211,15
189,31
161,0
355,45
78,36
248,47
212,17
186,34
395,14
373,23
233,56
188,15
271,31
171,0
315,45
70,36
241,47
200,17
123,34
271,14
330,23
193,56
197,15
175,31
186,0
301,45
70,36
210,47
208,17
144,34
302,14
392,23
192,56
196,15
181,31
170,0
310,45
72,36
227,47
218,17
161,34
291,14
327,23
230,56
176,15
174,31
184,0
302,45
75,36
222,47
214,17
144,34
286,14
354,23
196,56
213,15
187,31
175,0
308,45
57,36
198,47
193,17
88,34
321,14
465,23
286,56
225,15
203,31
182,0
302,45
65,36
195,47
190,17
133,34
275,14
365,23
268,56
220,15
189,31
174,0
289,45
63,36
202,47
190,17
111,34
260,14
322,23
205,56
224,15
174,31
185,0
317,45
75,36
226,47
201,17
134,34
277,14
370,23
250,56
202,15
174,31
169,0
308,45
62,36
270,47
157,17
126,34
744,14
335,23
261,56
205,15
202,31
156,0
318,45
67,36
236,47
188,17
126,34
259,14
499,23
283,56
188,15
184,31
168,0
293,45
70,36
202,47
200,17
80,34
288,14
497,23
365,56
359,15
232,31
114,0
328,45
83,36
217,47
195,17
121,34
307,14
316,23
251,56
148,15
487,31
257,0
320,45
74,36
222,47
192,17
125,34
239,14
400,23
228,56
172,15
171,31
152,0
306,45
86,36
232,47
206,17
127,34
277,14
354,23
229,56
231,15
221,31
155,0
292,45
70,36
228,47
252,17
259,34
340,14
350,23
206,56
212,15
193,31
156,0
326,45
65,36
221,47
197,17
116,34
304,14
349,23
1028,56
242,15
167,31
207,0
308,45
60,36
268,47
181,17
136,34
284,14
451,23
232,56
228,15
161,31
184,0
292,45
78,36
214,47
201,17
123,34
278,14
404,23
254,56
270,15
196,31
167,0
291,45
65,36
230,47
206,17
147,34
242,14
348,23
588,56
347,15
249,31
572,0
353,45
80,36
226,47
191,17
136,34
251,14
366,23
307,56
262,15
188,31
169,0
252,45
82,36
214,47
208,17
133,34
277,14
337,23
181,56
218,15
160,31
161,0
270,45
68,36
228,47
215,17
131,34
265,14
340,23
213,56
466,15
274,31
512,0
289,45
88,36
226,47
198,17
120,34
252,14
404,23
275,56
259,15
181,31
165,0
342,45
49,36
211,47
217,17
111,34
282,14
347,23
332,56
252,15
181,31
173,0
300,45
60,36
237,47
248,17
183,34
473,14
421,23
210,56
251,15
176,31
154,0
301,45
62,36
211,47
214,17
117,34
274,14
330,23
230,56
270,15
198,31
119,0
352,45
71,36
221,47
241,17
122,34
356,14
430,23
257,56
226,15
172,31
205,0
288,45
79,36
214,47
224,17
132,34
367,14
371,23
219,56
231,15
182,31
158,0
280,45
87,36
232,47
200,17
137,34
545,14
391,23
249,56
281,15
64,31
186,0
453,45
98,36
226,47
248,17
169,34
275,14
384,23
232,56
191,15
193,31
184,0
323,45
62,36
196,47
208,17
120,34
256,14
418,23
263,56
531,15
220,31
220,0
337,45
67,36
226,47
166,17
162,34
359,14
405,23
205,56
209,15
199,31
188,0
317,45
76,36
184,47
217,17
119,34
261,14
412,23
350,56
249,15
211,31
97,0
339,45
75,36
205,47
201,17
121,34
298,14
440,23
203,56
253,15
184,31
153,0
655,45
104,36
406,47
214,17
156,34
317,14
361,23
230,56
253,15
220,31
205,0
354,45
84,36
272,47
169,17
155,34
331,14
380,23
213,56
233,15
195,31
173,0
327,45
71,36
192,47
204,17
126,34
199,14
484,23
331,56
232,15
174,31
163,0
321,45
80,36
227,47
230,17
142,34
307,14
435,23
305,56
280,15
201,31
289,0
327,45
70,36
174,47
244,17
183,34
322,14
403,23
215,56
236,15
187,31
198,0
316,45
75,36
230,47
235,17
159,34
472,14
423,23
233,56
244,15
161,31
213,0
304,45
84,36
203,47
201,17
142,34
337,14
409,23
197,56
263,15
153,31
213,0
334,45
87,36
229,47
159,17
107,34
317,14
378,23
229,56
190,15
146,31
216,0
322,45
72,36
236,47
178,17
110,34
292,14
324,23
238,56
185,15
181,31
184,0
319,45
71,36
197,47
206,17
89,34
256,14
328,23
218,56
213,15
167,31
182,0
328,45
81,36
239,47
260,17
163,34
309,14
331,23
214,56
198,15
181,31
196,0
320,45
64,36
237,47
184,17
133,34
294,14
357,23
275,56
245,15
163,31
172,0
324,45
72,36
196,47
209,17
105,34
299,14
318,23
235,56
206,15
187,31
191,0
352,45
83,36
282,47
179,17
138,34
297,14
367,23
236,56
225,15
159,31
194,0
566,45
92,36
347,47
193,17
161,34
325,14
389,23
266,56
229,15
234,31
181,0
347,45
76,36
281,47
185,17
129,34
303,14
364,23
249,56
195,15
202,31
223,0
341,45
93,36
217,47
251,17
206,34
316,14
390,23
289,56
254,15
196,31
232,0
293,45
91,36
219,47
206,17
127,34
300,14
345,23
236,56
207,15
200,31
196,0
388,45
98,36
263,47
212,17
109,34
302,14
312,23
282,56
223,15
246,31
194,0
388,45
68,36
241,47
208,17
117,34
1401,14
482,23
497,56
266,15
224,31
193,0
395,45
96,36
218,47
196,17
128,34
339,14
396,23
226,56
216,15
187,31
175,0
328,45
80,36
235,47
185,17
161,34
301,14
401,23
193,56
242,15
270,31
238,0
356,45
78,36
215,47
211,17
100,34
312,14
360,23
218,56
177,15
180,31
172,0
312,45
75,36
194,47
218,17
108,34
269,14
349,23
275,56
234,15
195,31
177,0
351,45
79,36
227,47
215,17
83,34
276,14
316,23
199,56
207,15
200,31
203,0
301,45
89,36
200,47
220,17
52,34
298,14
329,23
315,56
301,15
183,31
173,0
292,45
89,36
186,47
261,17
46,34
266,14
325,23
296,56
304,15
219,31
160,0
343,45
80,36
225,47
201,17
101,34
249,14
318,23
276,56
200,15
242,31
186,0
294,45
79,36
215,47
260,17
77,34
332,14
328,23
264,56
343,15
250,31
203,0
317,45
83,36
244,47
194,17
211,34
475,14
516,23
342,56
180,15
188,31
184,0
314,45
91,36
297,47
1092,17
348,34
352,14
399,23
284,56
198,15
212,31
191,0
364,45
88,36
362,47
201,17
217,34
360,14
418,23
549,56
254,15
227,31
205,0
373,45
77,36
290,47
181,17
215,34
324,14
415,23
293,56
187,15
220,31
186,0
402,45
95,36
484,47
301,17
273,34
369,14
443,23
386,56
284,15
217,31
265,0
299,45
94,36
221,47
178,17
140,34
282,14
385,23
422,56
303,15
302,31
149,0
379,45
90,36
254,47
203,17
224,34
290,14
474,23
242,56
250,15
208,31
212,0
336,45
91,36
608,47
741,17
181,34
321,14
367,23
273,56
224,15
191,31
170,0
298,45
95,36
307,47
205,17
163,34
287,14
361,23
242,56
226,15
182,31
214,0
297,45
92,36
265,47
192,17
205,34
289,14
435,23
398,56
254,15
202,31
170,0
317,45
84,36
264,47
214,17
186,34
266,14
376,23
219,56
216,15
189,31
209,0
321,45
89,36
264,47
171,17
186,34
298,14
389,23
293,56
237,15
233,31
184,0
320,45
91,36
264,47
184,17
175,34
246,14
338,23
240,56
288,15
235,31
197,0
342,45
82,36
234,47
182,17
175,34
240,14
348,23
291,56
240,15
187,31
241,0
1255,45
88,36
309,47
183,17
124,34
263,14
351,23
238,56
234,15
203,31
201,0
451,45
88,36
258,47
189,17
134,34
246,14
421,23
257,56
200,15
211,31
163,0
338,45
86,36
201,47
199,17
125,34
273,14
372,23
217,56
232,15
202,31
170,0
362,45
86,36
228,47
199,17
119,34
241,14
384,23
248,56
217,15
222,31
201,0
353,45
94,36
234,47
218,17
113,34
275,14
348,23
240,56
232,15
187,31
183,0
384,45
86,36
204,47
189,17
112,34
236,14
354,23
217,56
195,15
191,31
163,0
332,45
91,36
186,47
194,17
96,34
241,14
393,23
208,56
222,15
195,31
150,0
352,45
82,36
225,47
168,17
117,34
256,14
344,23
222,56
222,15
194,31
180,0
296,45
76,36
225,47
164,17
141,34
375,14
636,23
379,56
240,15
188,31
165,0
296,45
86,36
185,47
191,17
94,34
247,14
376,23
210,56
220,15
201,31
116,0
336,45
87,36
243,47
225,17
183,34
241,14
390,23
262,56
189,15
240,31
128,0
409,45
90,36
204,47
179,17
110,34
235,14
368,23
219,56
238,15
179,31
154,0
315,45
98,36
201,47
183,17
102,34
226,14
344,23
191,56
257,15
207,31
236,0
335,45
89,36
204,47
229,17
157,34
320,14
430,23
689,56
265,15
197,31
150,0
242,45
72,36
