493,47
212,17
181,34
901,14
711,23
403,56
253,15
234,31
436,0
831,45
80,36
741,47
187,17
246,34
1294,14
601,23
321,56
179,15
208,31
464,0
413,45
62,36
514,47
145,17
403,34
985,14
513,23
461,56
200,15
250,31
417,0
429,45
66,36
414,47
155,17
278,34
1080,14
627,23
453,56
247,15
297,31
479,0
398,45
82,36
426,47
229,17
237,34
856,14
524,23
371,56
179,15
232,31
415,0
754,45
80,36
346,47
238,17
182,34
441,14
457,23
377,56
170,15
260,31
367,0
377,45
66,36
523,47
754,17
261,34
975,14
551,23
469,56
244,15
218,31
387,0
387,45
64,36
357,47
221,17
136,34
958,14
1311,23
419,56
239,15
223,31
287,0
319,45
63,36
347,47
204,17
834,34
1059,14
499,23
419,56
210,15
208,31
379,0
367,45
62,36
368,47
216,17
576,34
1088,14
764,23
509,56
264,15
202,31
229,0
332,45
60,36
413,47
133,17
325,34
1060,14
490,23
411,56
187,15
308,31
433,0
382,45
61,36
332,47
204,17
180,34
759,14
1629,23
385,56
184,15
212,31
253,0
387,45
73,36
387,47
193,17
192,34
835,14
451,23
402,56
179,15
204,31
242,0
383,45
62,36
339,47
186,17
187,34
762,14
797,23
343,56
177,15
250,31
307,0
425,45
74,36
531,47
1289,17
199,34
402,14
484,23
830,56
288,15
222,31
274,0
307,45
54,36
381,47
155,17
195,34
754,14
494,23
502,56
196,15
219,31
245,0
389,45
63,36
327,47
233,17
169,34
413,14
472,23
505,56
348,15
222,31
387,0
418,45
74,36
387,47
197,17
232,34
597,14
588,23
499,56
240,15
219,31
230,0
308,45
63,36
376,47
196,17
205,34
367,14
493,23
413,56
173,15
213,31
212,0
356,45
62,36
361,47
198,17
211,34
516,14
501,23
437,56
331,15
248,31
312,0
373,45
89,36
337,47
220,17
575,34
417,14
430,23
383,56
165,15
204,31
245,0
339,45
59,36
352,47
209,17
210,34
752,14
458,23
704,56
300,15
193,31
281,0
619,45
103,36
373,47
193,17
685,34
483,14
434,23
286,56
158,15
208,31
234,0
372,45
63,36
400,47
302,17
609,34
651,14
591,23
547,56
252,15
257,31
244,0
462,45
83,36
466,47
191,17
240,34
1281,14
425,23
378,56
254,15
250,31
325,0
555,45
74,36
400,47
296,17
435,34
992,14
492,23
451,56
263,15
229,31
266,0
398,45
68,36
355,47
206,17
247,34
1717,14
1002,23
1972,56
344,15
252,31
444,0
379,45
60,36
286,47
185,17
215,34
335,14
442,23
364,56
172,15
215,31
253,0
340,45
61,36
1365,47
373,17
529,34
1324,14
503,23
329,56
207,15
189,31
272,0
359,45
59,36
347,47
196,17
204,34
381,14
468,23
319,56
182,15
203,31
244,0
320,45
64,36
327,47
178,17
181,34
413,14
597,23
384,56
229,15
203,31
229,0
438,45
75,36
334,47
194,17
200,34
351,14
604,23
408,56
228,15
310,31
248,0
340,45
65,36
355,47
343,17
649,34
864,14
470,23
306,56
186,15
195,31
321,0
415,45
60,36
399,47
271,17
199,34
447,14
478,23
339,56
178,15
217,31
269,0
358,45
55,36
393,47
366,17
426,34
1149,14
1077,23
384,56
208,15
189,31
303,0
427,45
50,36
347,47
407,17
466,34
786,14
493,23
441,56
258,15
218,31
243,0
423,45
68,36
328,47
175,17
186,34
324,14
457,23
371,56
199,15
193,31
276,0
361,45
60,36
331,47
239,17
282,34
853,14
448,23
300,56
167,15
184,31
264,0
398,45
65,36
447,47
230,17
299,34
815,14
421,23
310,56
207,15
225,31
384,0
380,45
61,36
506,47
255,17
307,34
463,14
460,23
426,56
289,15
220,31
289,0
384,45
67,36
336,47
194,17
214,34
433,14
529,23
342,56
178,15
210,31
302,0
328,45
48,36
424,47
122,17
203,34
767,14
490,23
283,56
159,15
212,31
239,0
375,45
74,36
313,47
183,17
189,34
761,14
760,23
389,56
202,15
199,31
231,0
425,45
97,36
299,47
211,17
534,34
364,14
485,23
542,56
350,15
298,31
366,0
479,45
110,36
483,47
277,17
807,34
461,14
464,23
394,56
299,15
279,31
252,0
368,45
70,36
453,47
2674,17
212,34
879,14
740,23
377,56
448,15
281,31
265,0
1129,45
72,36
318,47
211,17
176,34
339,14
813,23
463,56
284,15
221,31
251,0
529,45
80,36
310,47
195,17
204,34
349,14
526,23
368,56
173,15
233,31
223,0
337,45
63,36
266,47
421,17
366,34
475,14
597,23
392,56
249,15
250,31
263,0
383,45
68,36
361,47
338,17
406,34
964,14
464,23
368,56
220,15
236,31
271,0
394,45
71,36
347,47
228,17
189,34
971,14
731,23
543,56
330,15
311,31
404,0
543,45
80,36
361,47
206,17
189,34
663,14
457,23
343,56
198,15
250,31
289,0
417,45
62,36
382,47
203,17
201,34
926,14
418,23
448,56
213,15
244,31
267,0
478,45
71,36
432,47
199,17
250,34
1110,14
513,23
335,56
198,15
259,31
450,0
390,45
54,36
443,47
287,17
229,34
592,14
536,23
472,56
178,15
282,31
255,0
475,45
61,36
366,47
222,17
265,34
975,14
573,23
389,56
195,15
234,31
236,0
356,45
58,36
389,47
252,17
560,34
1104,14
565,23
330,56
183,15
233,31
258,0
458,45
70,36
427,47
256,17
518,34
975,14
475,23
363,56
196,15
263,31
263,0
526,45
72,36
550,47
309,17
462,34
1081,14
627,23
759,56
278,15
298,31
531,0
371,45
62,36
402,47
218,17
438,34
589,14
471,23
342,56
159,15
232,31
257,0
333,45
64,36
392,47
276,17
309,34
486,14
570,23
386,56
188,15
255,31
229,0
395,45
67,36
279,47
199,17
177,34
851,14
426,23
348,56
151,15
247,31
244,0
448,45
5,36
460,47
234,17
259,34
748,14
462,23
396,56
228,15
246,31
247,0
368,45
83,36
363,47
240,17
242,34
465,14
447,23
524,56
346,15
355,31
439,0
2227,45
105,36
375,47
269,17
198,34
431,14
619,23
665,56
286,15
282,31
249,0
591,45
99,36
355,47
358,17
607,34
438,14
590,23
472,56
230,15
281,31
252,0
402,45
79,36
280,47
193,17
190,34
364,14
443,23
390,56
197,15
238,31
217,0
328,45
62,36
472,47
374,17
514,34
1323,14
918,23
505,56
259,15
279,31
256,0
524,45
82,36
356,47
224,17
221,34
377,14
438,23
392,56
271,15
115,31
318,0
490,45
74,36
544,47
312,17
369,34
465,14
444,23
407,56
400,15
462,31
270,0
347,45
67,36
400,47
214,17
256,34
318,14
482,23
415,56
181,15
342,31
209,0
417,45
73,36
327,47
204,17
264,34
950,14
429,23
414,56
171,15
301,31
251,0
376,45
66,36
404,47
239,17
295,34
488,14
430,23
422,56
199,15
336,31
306,0
467,45
80,36
434,47
217,17
282,34
514,14
417,23
392,56
188,15
296,31
250,0
434,45
61,36
428,47
281,17
189,34
900,14
575,23
434,56
245,15
325,31
249,0
451,45
67,36
424,47
566,17
535,34
690,14
561,23
430,56
134,15
374,31
249,0
406,45
66,36
1012,47
180,17
177,34
384,14
479,23
398,56
134,15
419,31
266,0
452,45
86,36
335,47
253,17
241,34
347,14
558,23
439,56
182,15
408,31
666,0
955,45
96,36
479,47
223,17
213,34
1215,14
870,23
683,56
319,15
251,31
462,0
584,45
105,36
307,47
280,17
197,34
849,14
550,23
369,56
153,15
289,31
214,0
401,45
78,36
301,47
229,17
200,34
309,14
461,23
386,56
176,15
319,31
229,0
370,45
65,36
617,47
305,17
230,34
968,14
580,23
405,56
152,15
326,31
236,0
434,45
76,36
432,47
245,17
224,34
1080,14
465,23
400,56
132,15
323,31
1074,0
484,45
52,36
217,47
238,17
173,34
256,14
491,23
425,56
178,15
324,31
250,0
399,45
75,36
326,47
227,17
184,34
315,14
664,23
424,56
170,15
308,31
252,0
405,45
69,36
393,47
1027,17
338,34
357,14
1273,23
539,56
347,15
353,31
398,0
482,45
96,36
356,47
259,17
189,34
370,14
418,23
335,56
199,15
278,31
240,0
374,45
64,36
260,47
211,17
162,34
325,14
440,23
383,56
128,15
415,31
297,0
560,45
75,36
388,47
304,17
611,34
457,14
438,23
343,56
200,15
327,31
257,0
395,45
65,36
394,47
387,17
363,34
363,14
463,23
463,56
235,15
388,31
300,0
512,45
91,36
322,47
206,17
189,34
396,14
527,23
416,56
290,15
384,31
351,0
447,45
79,36
433,47
243,17
295,34
412,14
589,23
387,56
207,15
322,31
273,0
408,45
83,36
706,47
288,17
235,34
1422,14
473,23
378,56
205,15
315,31
261,0
407,45
66,36
405,47
613,17
548,34
379,14
456,23
391,56
190,15
406,31
278,0
426,45
68,36
448,47
513,17
776,34
530,14
646,23
417,56
209,15
361,31
280,0
918,45
129,36
398,47
217,17
210,34
383,14
478,23
388,56
222,15
354,31
253,0
465,45
84,36
631,47
279,17
234,34
376,14
465,23
545,56
281,15
309,31
292,0
401,45
87,36
383,47
289,17
250,34
455,14
434,23
362,56
181,15
311,31
238,0
367,45
75,36
657,47
308,17
610,34
483,14
407,23
386,56
163,15
413,31
302,0
655,45
71,36
330,47
188,17
168,34
332,14
540,23
339,56
193,15
290,31
233,0
424,45
72,36
466,47
180,17
160,34
694,14
631,23
398,56
227,15
195,31
224,0
350,45
61,36
352,47
176,17
184,34
1149,14
552,23
387,56
189,15
241,31
237,0
391,45
80,36
464,47
211,17
399,34
505,14
460,23
414,56
183,15
226,31
227,0
330,45
67,36
401,47
217,17
195,34
430,14
484,23
425,56
183,15
215,31
231,0
390,45
61,36
335,47
264,17
490,34
992,14
434,23
339,56
171,15
234,31
474,0
383,45
49,36
368,47
221,17
192,34
472,14
464,23
398,56
143,15
276,31
241,0
360,45
76,36
398,47
519,17
270,34
576,14
454,23
355,56
200,15
246,31
442,0
436,45
78,36
374,47
220,17
163,34
490,14
444,23
577,56
296,15
292,31
288,0
401,45
77,36
424,47
183,17
210,34
408,14
504,23
355,56
176,15
243,31
261,0
319,45
73,36
333,47
197,17
405,34
437,14
468,23
348,56
161,15
240,31
261,0
396,45
67,36
408,47
273,17
170,34
913,14
540,23
323,56
188,15
218,31
244,0
374,45
58,36
350,47
194,17
148,34
381,14
416,23
391,56
258,15
63,31
240,0
355,45
68,36
366,47
193,17
183,34
343,14
417,23
383,56
293,15
100,31
431,0
415,45
49,36
815,47
163,17
188,34
359,14
604,23
348,56
151,15
239,31
231,0
344,45
62,36
313,47
211,17
144,34
327,14
499,23
437,56
202,15
250,31
232,0
368,45
70,36
421,47
480,17
236,34
713,14
550,23
447,56
294,15
58,31
425,0
904,45
118,36
342,47
216,17
163,34
337,14
477,23
351,56
152,15
289,31
230,0
296,45
68,36
707,47
290,17
443,34
465,14
545,23
401,56
150,15
282,31
261,0
315,45
58,36
648,47
260,17
614,34
515,14
584,23
407,56
214,15
258,31
239,0
380,45
70,36
337,47
218,17
238,34
423,14
472,23
366,56
131,15
325,31
211,0
330,45
52,36
1089,47
750,17
131,34
318,14
465,23
347,56
146,15
311,31
219,0
354,45
61,36
336,47
238,17
160,34
311,14
460,23
377,56
158,15
293,31
293,0
351,45
70,36
339,47
207,17
173,34
452,14
504,23
335,56
118,15
342,31
293,0
398,45
51,36
384,47
227,17
186,34
418,14
710,23
406,56
169,15
350,31
263,0
340,45
63,36
332,47
232,17
192,34
339,14
495,23
377,56
191,15
351,31
281,0
772,45
75,36
409,47
196,17
236,34
601,14
374,23
334,56
200,15
319,31
235,0
403,45
77,36
289,47
232,17
160,34
307,14
466,23
344,56
194,15
309,31
211,0
354,45
52,36
278,47
177,17
169,34
319,14
440,23
322,56
888,15
230,31
350,0
442,45
77,36
244,47
224,17
188,34
355,14
493,23
328,56
157,15
340,31
261,0
1230,45
71,36
287,47
212,17
326,34
359,14
418,23
346,56
201,15
349,31
780,0
356,45
66,36
357,47
222,17
155,34
281,14
600,23
403,56
178,15
268,31
243,0
389,45
89,36
421,47
209,17
156,34
408,14
773,23
324,56
174,15
294,31
242,0
923,45
87,36
400,47
385,17
312,34
462,14
469,23
1163,56
217,15
278,31
240,0
351,45
68,36
336,47
234,17
153,34
303,14
404,23
346,56
148,15
351,31
263,0
1049,45
85,36
292,47
224,17
134,34
303,14
437,23
551,56
294,15
271,31
252,0
386,45
81,36
278,47
232,17
261,34
394,14
539,23
384,56
193,15
327,31
262,0
394,45
84,36
364,47
180,17
168,34
303,14
501,23
410,56
255,15
429,31
257,0
503,45
85,36
794,47
182,17
200,34
323,14
418,23
432,56
429,15
239,31
281,0
444,45
84,36
324,47
200,17
144,34
314,14
415,23
348,56
168,15
351,31
268,0
477,45
73,36
587,47
247,17
282,34
402,14
552,23
397,56
211,15
387,31
329,0
417,45
86,36
353,47
201,17
154,34
325,14
506,23
337,56
160,15
367,31
269,0
416,45
61,36
355,47
230,17
231,34
531,14
533,23
456,56
272,15
463,31
333,0
387,45
64,36
305,47
223,17
159,34
392,14
512,23
369,56
149,15
324,31
327,0
570,45
71,36
524,47
232,17
196,34
294,14
507,23
396,56
185,15
285,31
384,0
434,45
71,36
506,47
209,17
157,34
346,14
486,23
361,56
195,15
321,31
290,0
478,45
69,36
367,47
438,17
284,34
446,14
479,23
407,56
207,15
329,31
295,0
472,45
78,36
378,47
245,17
202,34
592,14
742,23
384,56
198,15
249,31
280,0
446,45
80,36
379,47
250,17
187,34
309,14
528,23
397,56
173,15
355,31
377,0
424,45
66,36
388,47
207,17
207,34
1006,14
440,23
351,56
167,15
276,31
262,0
434,45
64,36
313,47
199,17
177,34
314,14
458,23
357,56
196,15
308,31
294,0
433,45
60,36
279,47
146,17
173,34
889,14
455,23
334,56
187,15
242,31
281,0
342,45
62,36
319,47
179,17
236,34
1224,14
541,23
351,56
172,15
226,31
263,0
453,45
63,36
325,47
200,17
1349,34
634,14
868,23
292,56
193,15
212,31
278,0
363,45
64,36
361,47
228,17
257,34
504,14
497,23
370,56
222,15
273,31
335,0
453,45
79,36
410,47
181,17
233,34
357,14
527,23
370,56
197,15
258,31
292,0
413,45
82,36
367,47
220,17
431,34
694,14
464,23
369,56
181,15
279,31
297,0
465,45
82,36
388,47
231,17
256,34
615,14
471,23
374,56
168,15
274,31
249,0
429,45
75,36
394,47
287,17
381,34
548,14
542,23
370,56
211,15
285,31
264,0
397,45
77,36
312,47
245,17
424,34
545,14
455,23
391,56
177,15
302,31
244,0
380,45
70,36
511,47
252,17
252,34
587,14
671,23
576,56
305,15
327,31
374,0
475,45
71,36
459,47
213,17
303,34
511,14
442,23
451,56
293,15
267,31
260,0
387,45
74,36
324,47
215,17
691,34
453,14
411,23
297,56
163,15
286,31
268,0
352,45
63,36
355,47
246,17
284,34
477,14
453,23
327,56
163,15
309,31
257,0
337,45
63,36
295,47
232,17
280,34
1279,14
883,23
344,56
160,15
269,31
244,0
351,45
71,36
303,47
180,17
303,34
382,14
430,23
299,56
261,15
203,31
527,0
365,45
60,36
1045,47
218,17
279,34
523,14
439,23
397,56
137,15
978,31
280,0
430,45
68,36
280,47
244,17
169,34
372,14
429,23
312,56
161,15
286,31
235,0
350,45
56,36
360,47
202,17
181,34
348,14
488,23
321,56
184,15
283,31
225,0
385,45
58,36
392,47
249,17
203,34
383,14
942,23
537,56
267,15
346,31
297,0
370,45
71,36
389,47
255,17
203,34
350,14
588,23
371,56
193,15
289,31
251,0
380,45
67,36
415,47
231,17
248,34
409,14
492,23
437,56
164,15
318,31
261,0
372,45
77,36
344,47
230,17
168,34
353,14
502,23
452,56
277,15
303,31
210,0
384,45
67,36
548,47
327,17
545,34
384,14
357,23
314,56
191,15
282,31
266,0
425,45
75,36
410,47
213,17
187,34
377,14
479,23
407,56
169,15
322,31
243,0
386,45
78,36
325,47
259,17
242,34
459,14
470,23
376,56
239,15
292,31
208,0
336,45
30,36
318,47
184,17
208,34
349,14
426,23
557,56
323,15
282,31
302,0
461,45
66,36
379,47
255,17
203,34
968,14
443,23
364,56
192,15
218,31
281,0
422,45
39,36
208,47
234,17
188,34
361,14
453,23
424,56
272,15
278,31
301,0
727,45
77,36
243,47
221,17
183,34
344,14
1320,23
353,56
175,15
237,31
258,0
377,45
65,36
303,47
203,17
146,34
322,14
402,23
307,56
194,15
269,31
287,0
399,45
52,36
203,47
248,17
548,34
805,14
397,23
438,56
210,15
262,31
255,0
410,45
76,36
339,47
249,17
167,34
301,14
408,23
372,56
295,15
34,31
652,0
366,45
46,36
423,47
259,17
145,34
320,14
1201,23
405,56
173,15
261,31
271,0
476,45
106,36
444,47
302,17
891,34
419,14
443,23
744,56
292,15
314,31
251,0
416,45
66,36
437,47
249,17
216,34
506,14
670,23
441,56
154,15
329,31
267,0
423,45
67,36
488,47
241,17
178,34
321,14
581,23
421,56
174,15
305,31
270,0
422,45
72,36
381,47
190,17
179,34
326,14
451,23
355,56
205,15
289,31
234,0
404,45
65,36
459,47
209,17
203,34
379,14
1012,23
388,56
217,15
298,31
231,0
419,45
62,36
246,47
199,17
185,34
351,14
390,23
288,56
164,15
292,31
245,0
361,45
57,36
485,47
215,17
239,34
429,14
475,23
317,56
192,15
263,31
256,0
388,45
74,36
358,47
235,17
358,34
399,14
472,23
324,56
262,15
302,31
257,0
402,45
74,36
352,47
213,17
256,34
393,14
641,23
507,56
196,15
375,31
314,0
450,45
80,36
442,47
251,17
293,34
505,14
482,23
374,56
181,15
305,31
263,0
367,45
72,36
465,47
265,17
204,34
380,14
510,23
349,56
161,15
418,31
267,0
376,45
65,36
663,47
1250,17
162,34
782,14
465,23
381,56
217,15
279,31
254,0
428,45
74,36
425,47
248,17
309,34
447,14
506,23
379,56
198,15
261,31
316,0
418,45
82,36
338,47
186,17
219,34
329,14
411,23
332,56
196,15
297,31
290,0
472,45
80,36
404,47
208,17
222,34
310,14
416,23
362,56
197,15
326,31
266,0
391,45
74,36
869,47
237,17
272,34
432,14
477,23
387,56
197,15
302,31
259,0
411,45
71,36
396,47
249,17
491,34
339,14
441,23
392,56
268,15
322,31
300,0
831,45
74,36
555,47
287,17
238,34
1314,14
656,23
380,56
193,15
252,31
272,0
421,45
70,36
379,47
208,17
268,34
416,14
426,23
332,56
271,15
263,31
297,0
391,45
66,36
378,47
221,17
435,34
444,14
532,23
410,56
208,15
266,31
247,0
426,45
81,36
735,47
325,17
299,34
774,14
501,23
347,56
219,15
269,31
255,0
387,45
64,36
412,47
210,17
205,34
345,14
462,23
402,56
220,15
312,31
241,0
398,45
67,36
364,47
236,17
177,34
415,14
429,23
513,56
281,15
241,31
282,0
375,45
61,36
339,47
213,17
198,34
325,14
428,23
764,56
325,15
219,31
304,0
379,45
64,36
426,47
279,17
249,34
395,14
447,23
403,56
183,15
343,31
308,0
326,45
65,36
429,47
243,17
418,34
421,14
448,23
369,56
172,15
386,31
285,0
317,45
58,36
363,47
223,17
214,34
366,14
475,23
400,56
199,15
334,31
277,0
352,45
59,36
270,47
199,17
190,34
988,14
740,23
591,56
320,15
273,31
282,0
980,45
87,36
338,47
237,17
236,34
344,14
385,23
395,56
260,15
293,31
243,0
385,45
66,36
324,47
208,17
200,34
364,14
640,23
426,56
194,15
277,31
231,0
407,45
76,36
253,47
211,17
226,34
414,14
685,23
348,56
193,15
254,31
229,0
415,45
71,36
600,47
326,17
520,34
386,14
517,23
310,56
200,15
267,31
251,0
433,45
69,36
374,47
198,17
248,34
418,14
525,23
337,56
188,15
266,31
291,0
400,45
75,36
343,47
229,17
219,34
381,14
529,23
342,56
190,15
302,31
231,0
441,45
75,36
290,47
255,17
208,34
368,14
493,23
349,56
241,15
299,31
468,0
422,45
72,36
561,47
216,17
214,34
352,14
562,23
977,56
208,15
240,31
254,0
1631,45
111,36
259,47
212,17
179,34
288,14
396,23
287,56
189,15
253,31
219,0
349,45
59,36
401,47
992,17
367,34
1527,14
748,23
439,56
263,15
234,31
258,0
402,45
80,36
332,47
191,17
185,34
840,14
474,23
309,56
193,15
360,31
580,0
814,45
81,36
358,47
217,17
212,34
337,14
722,23
327,56
210,15
241,31
245,0
403,45
60,36
330,47
210,17
220,34
302,14
527,23
353,56
195,15
277,31
247,0
520,45
86,36
413,47
241,17
201,34
290,14
408,23
345,56
327,15
327,31
366,0
393,45
66,36
354,47
248,17
461,34
370,14
564,23
354,56
164,15
312,31
260,0
415,45
73,36
373,47
201,17
175,34
314,14
891,23
359,56
222,15
268,31
256,0
420,45
70,36
266,47
189,17
195,34
329,14
601,23
400,56
209,15
257,31
222,0
430,45
76,36
349,47
189,17
221,34
372,14
563,23
368,56
280,15
371,31
303,0
416,45
64,36
332,47
216,17
206,34
1540,14
511,23
406,56
243,15
260,31
483,0
581,45
71,36
348,47
222,17
166,34
297,14
428,23
323,56
194,15
303,31
284,0
472,45
87,36
300,47
221,17
193,34
732,14
454,23
319,56
219,15
255,31
305,0
403,45
73,36
344,47
270,17
294,34
413,14
607,23
340,56
216,15
240,31
260,0
404,45
75,36
317,47
268,17
197,34
344,14
559,23
304,56
239,15
292,31
306,0
470,45
65,36
310,47
217,17
197,34
356,14
757,23
405,56
224,15
276,31
262,0
461,45
67,36
274,47
266,17
231,34
1009,14
522,23
326,56
194,15
275,31
226,0
766,45
73,36
217,47
202,17
181,34
455,14
515,23
327,56
197,15
274,31
258,0
408,45
55,36
267,47
194,17
213,34
307,14
410,23
301,56
231,15
344,31
306,0
464,45
77,36
475,47
298,17
243,34
395,14
587,23
374,56
288,15
365,31
333,0
401,45
68,36
906,47
1305,17
343,34
525,14
436,23
333,56
225,15
245,31
333,0
765,45
87,36
343,47
456,17
671,34
1118,14
429,23
287,56
176,15
239,31
240,0
555,45
87,36
1116,47
347,17
439,34
994,14
429,23
309,56
216,15
290,31
233,0
426,45
72,36
291,47
195,17
194,34
350,14
529,23
376,56
210,15
300,31
268,0
626,45
93,36
321,47
243,17
242,34
427,14
515,23
376,56
221,15
304,31
287,0
706,45
98,36
386,47
239,17
248,34
310,14
702,23
427,56
237,15
314,31
335,0
590,45
75,36
354,47
211,17
200,34
320,14
479,23
477,56
297,15
302,31
234,0
421,45
94,36
519,47
281,17
229,34
308,14
522,23
447,56
311,15
415,31
358,0
545,45
88,36
413,47
300,17
323,34
437,14
491,23
352,56
210,15
323,31
276,0
465,45
83,36
381,47
270,17
272,34
461,14
509,23
389,56
233,15
313,31
317,0
501,45
80,36
450,47
271,17
236,34
390,14
582,23
483,56
352,15
300,31
255,0
370,45
75,36
355,47
186,17
201,34
1281,14
671,23
420,56
276,15
318,31
235,0
394,45
95,36
360,47
187,17
186,34
519,14
816,23
322,56
204,15
226,31
230,0
354,45
61,36
339,47
202,17
211,34
370,14
471,23
345,56
236,15
231,31
250,0
375,45
61,36
391,47
257,17
258,34
401,14
506,23
449,56
296,15
257,31
242,0
388,45
71,36
397,47
190,17
233,34
408,14
744,23
355,56
250,15
226,31
255,0
432,45
59,36
358,47
237,17
212,34
346,14
512,23
386,56
184,15
283,31
230,0
363,45
64,36
406,47
261,17
184,34
345,14
444,23
329,56
199,15
245,31
234,0
387,45
53,36
463,47
250,17
185,34
423,14
494,23
423,56
484,15
436,31
388,0
431,45
65,36
434,47
283,17
324,34
433,14
614,23
404,56
168,15
281,31
209,0
330,45
80,36
349,47
205,17
188,34
326,14
534,23
373,56
207,15
253,31
216,0
375,45
64,36
344,47
219,17
178,34
366,14
510,23
362,56
210,15
247,31
199,0
397,45
68,36
318,47
254,17
206,34
357,14
468,23
423,56
214,15
301,31
229,0
371,45
72,36
459,47
204,17
192,34
295,14
426,23
285,56
180,15
264,31
217,0
351,45
47,36
260,47
173,17
192,34
310,14
430,23
295,56
285,15
269,31
228,0
367,45
82,36
312,47
240,17
233,34
307,14
426,23
324,56
193,15
249,31
206,0
384,45
57,36
323,47
265,17
176,34
286,14
395,23
266,56
218,15
242,31
213,0
377,45
65,36
331,47
239,17
217,34
338,14
506,23
416,56
148,15
259,31
195,0
376,45
57,36
354,47
260,17
192,34
297,14
411,23
317,56
192,15
252,31
233,0
905,45
57,36
298,47
231,17
355,34
392,14
449,23
312,56
164,15
237,31
217,0
410,45
65,36
310,47
280,17
199,34
312,14
450,23
277,56
214,15
218,31
229,0
402,45
78,36
243,47
193,17
264,34
351,14
515,23
335,56
149,15
250,31
217,0
437,45
5,36
441,47
285,17
586,34
411,14
411,23
312,56
188,15
262,31
213,0
413,45
66,36
260,47
202,17
200,34
326,14
450,23
264,56
267,15
147,31
258,0
706,45
71,36
538,47
250,17
199,34
291,14
436,23
326,56
210,15
245,31
223,0
656,45
66,36
738,47
285,17
234,34
350,14
437,23
328,56
196,15
277,31
232,0
378,45
70,36
298,47
222,17
191,34
1349,14
1050,23
404,56
212,15
273,31
231,0
418,45
66,36
398,47
310,17
271,34
322,14
426,23
317,56
191,15
246,31
244,0
528,45
93,36
322,47
226,17
206,34
370,14
408,23
326,56
187,15
243,31
239,0
453,45
79,36
355,47
314,17
509,34
382,14
422,23
362,56
165,15
285,31
276,0
537,45
71,36
392,47
186,17
207,34
324,14
389,23
371,56
222,15
306,31
310,0
392,45
72,36
344,47
2440,17
206,34
398,14
479,23
321,56
188,15
269,31
226,0
419,45
68,36
264,47
239,17
244,34
337,14
662,23
387,56
183,15
281,31
271,0
426,45
71,36
485,47
624,17
621,34
602,14
466,23
362,56
184,15
265,31
184,0
411,45
75,36
279,47
303,17
319,34
389,14
1166,23
667,56
305,15
259,31
189,0
409,45
70,36
258,47
238,17
155,34
280,14
392,23
271,56
231,15
279,31
241,0
519,45
92,36
388,47
239,17
178,34
344,14
487,23
369,56
170,15
244,31
203,0
480,45
78,36
469,47
252,17
249,34
440,14
444,23
347,56
222,15
274,31
189,0
411,45
67,36
314,47
890,17
404,34
418,14
1240,23
369,56
148,15
277,31
223,0
445,45
68,36
474,47
241,17
204,34
315,14
405,23
303,56
207,15
256,31
204,0
431,45
65,36
337,47
235,17
195,34
342,14
425,23
311,56
243,15
259,31
232,0
404,45
64,36
412,47
216,17
241,34
359,14
508,23
327,56
177,15
233,31
229,0
416,45
60,36
252,47
201,17
208,34
396,14
912,23
432,56
245,15
278,31
228,0
408,45
64,36
253,47
229,17
139,34
325,14
544,23
353,56
167,15
263,31
222,0
570,45
111,36
308,47
199,17
196,34
269,14
387,23
276,56
204,15
242,31
235,0
420,45
87,36
302,47
218,17
193,34
359,14
477,23
350,56
204,15
214,31
215,0
404,45
73,36
289,47
216,17
220,34
366,14
420,23
299,56
237,15
257,31
229,0
477,45
115,36
332,47
231,17
198,34
336,14
436,23
359,56
221,15
342,31
385,0
639,45
99,36
425,47
247,17
214,34
301,14
442,23
1226,56
492,15
281,31
421,0
398,45
73,36
416,47
241,17
190,34
331,14
854,23
401,56
197,15
262,31
208,0
377,45
67,36
368,47
207,17
225,34
308,14
425,23
296,56
234,15
238,31
217,0
408,45
102,36
398,47
243,17
360,34
814,14
624,23
361,56
206,15
184,31
223,0
374,45
56,36
303,47
222,17
317,34
469,14
453,23
370,56
216,15
224,31
236,0
356,45
56,36
352,47
220,17
175,34
442,14
485,23
357,56
213,15
238,31
254,0
488,45
17,36
471,47
226,17
208,34
364,14
476,23
416,56
197,15
264,31
253,0
450,45
67,36
469,47
237,17
251,34
362,14
480,23
416,56
246,15
315,31
372,0
400,45
61,36
438,47
250,17
307,34
506,14
458,23
369,56
310,15
354,31
296,0
424,45
60,36
446,47
268,17
208,34
349,14
474,23
611,56
378,15
337,31
275,0
425,45
61,36
375,47
221,17
221,34
335,14
453,23
342,56
190,15
263,31
217,0
377,45
80,36
392,47
233,17
203,34
334,14
462,23
392,56
211,15
297,31
256,0
430,45
67,36
479,47
270,17
293,34
402,14
393,23
364,56
167,15
355,31
229,0
980,45
139,36
511,47
219,17
234,34
287,14
458,23
349,56
196,15
280,31
289,0
422,45
71,36
366,47
224,17
202,34
304,14
445,23
350,56
231,15
300,31
234,0
540,45
96,36
380,47
189,17
176,34
310,14
392,23
405,56
214,15
285,31
198,0
480,45
76,36
278,47
239,17
200,34
1029,14
485,23
418,56
284,15
301,31
265,0
676,45
84,36
324,47
243,17
216,34
312,14
413,23
300,56
218,15
297,31
271,0
420,45
84,36
327,47
215,17
168,34
275,14
621,23
343,56
213,15
274,31
268,0
427,45
90,36
228,47
281,17
216,34
407,14
777,23
472,56
247,15
282,31
251,0
420,45
76,36
242,47
231,17
176,34
269,14
366,23
279,56
223,15
252,31
237,0
1030,45
116,36
284,47
216,17
216,34
362,14
519,23
318,56
222,15
265,31
199,0
402,45
83,36
334,47
228,17
263,34
416,14
640,23
382,56
224,15
288,31
332,0
535,45
79,36
344,47
236,17
180,34
339,14
492,23
340,56
209,15
268,31
238,0
408,45
77,36
387,47
256,17
168,34
341,14
465,23
333,56
233,15
235,31
224,0
451,45
65,36
308,47
225,17
174,34
334,14
600,23
320,56
196,15
250,31
248,0
478,45
74,36
287,47
230,17
212,34
467,14
976,23
377,56
184,15
259,31
258,0
484,45
75,36
250,47
256,17
193,34
327,14
540,23
694,56
335,15
262,31
248,0
802,45
82,36
273,47
213,17
169,34
326,14
388,23
264,56
197,15
278,31
243,0
454,45
67,36
241,47
223,17
204,34
419,14
1090,23
770,56
168,15
268,31
222,0
393,45
62,36
242,47
230,17
171,34
384,14
795,23
412,56
161,15
289,31
272,0
1303,45
128,36
379,47
173,17
194,34
1505,14
388,23
309,56
224,15
306,31
337,0
436,45
66,36
282,47
195,17
197,34
303,14
421,23
270,56
198,15
247,31
243,0
389,45
78,36
1318,47
337,17
273,34
324,14
372,23
251,56
220,15
235,31
225,0
376,45
68,36
229,47
210,17
189,34
414,14
792,23
379,56
198,15
276,31
106,0
467,45
66,36
253,47
356,17
206,34
499,14
447,23
320,56
201,15
296,31
540,0
545,45
68,36
286,47
218,17
134,34
273,14
402,23
285,56
218,15
269,31
311,0
456,45
65,36
282,47
221,17
197,34
364,14
504,23
313,56
204,15
246,31
221,0
476,45
80,36
424,47
207,17
182,34
828,14
429,23
311,56
262,15
401,31
267,0
400,45
65,36
229,47
229,17
244,34
342,14
1020,23
389,56
226,15
232,31
221,0
414,45
69,36
451,47
231,17
208,34
666,14
547,23
351,56
200,15
280,31
220,0
455,45
81,36
304,47
818,17
582,34
1104,14
458,23
437,56
233,15
302,31
286,0
485,45
80,36
738,47
224,17
1428,34
389,14
607,23
366,56
213,15
363,31
623,0
425,45
74,36
272,47
246,17
212,34
991,14
624,23
287,56
197,15
265,31
213,0
408,45
75,36
382,47
226,17
233,34
320,14
379,23
250,56
205,15
279,31
225,0
380,45
81,36
240,47
228,17
181,34
356,14
575,23
357,56
201,15
246,31
236,0
472,45
74,36
413,47
201,17
216,34
290,14
422,23
326,56
237,15
279,31
235,0
417,45
82,36
216,47
274,17
261,34
370,14
434,23
282,56
203,15
238,31
222,0
412,45
68,36
235,47
223,17
215,34
478,14
460,23
285,56
193,15
251,31
221,0
434,45
75,36
385,47
261,17
175,34
678,14
448,23
316,56
224,15
255,31
254,0
476,45
75,36
244,47
227,17
182,34
368,14
858,23
310,56
206,15
241,31
399,0
793,45
88,36
575,47
369,17
257,34
606,14
652,23
406,56
157,15
297,31
403,0
596,45
53,36
280,47
234,17
139,34
362,14
467,23
344,56
205,15
234,31
244,0
515,45
83,36
332,47
236,17
214,34
690,14
440,23
343,56
199,15
217,31
233,0
455,45
80,36
336,47
190,17
206,34
314,14
477,23
341,56
235,15
236,31
254,0
434,45
76,36
297,47
217,17
160,34
1350,14
476,23
347,56
201,15
261,31
236,0
399,45
65,36
365,47
221,17
198,34
342,14
480,23
362,56
233,15
282,31
271,0
447,45
84,36
427,47
244,17
239,34
604,14
422,23
318,56
275,15
274,31
255,0
415,45
71,36
394,47
224,17
220,34
377,14
436,23
323,56
259,15
299,31
401,0
457,45
56,36
320,47
371,17
286,34
384,14
454,23
329,56
227,15
274,31
201,0
419,45
66,36
546,47
353,17
239,34
416,14
784,23
335,56
182,15
303,31
268,0
427,45
71,36
276,47
228,17
177,34
362,14
510,23
288,56
191,15
247,31
268,0
514,45
100,36
380,47
200,17
213,34
314,14
376,23
280,56
218,15
300,31
250,0
469,45
89,36
284,47
194,17
230,34
335,14
922,23
355,56
204,15
251,31
245,0
448,45
84,36
289,47
252,17
236,34
421,14
498,23
427,56
204,15
285,31
254,0
487,45
73,36
360,47
229,17
176,34
336,14
499,23
390,56
171,15
299,31
364,0
549,45
76,36
269,47
229,17
177,34
305,14
438,23
281,56
193,15
234,31
218,0
385,45
75,36
204,47
233,17
156,34
410,14
530,23
388,56
227,15
303,31
244,0
438,45
66,36
297,47
301,17
165,34
317,14
429,23
285,56
219,15
269,31
203,0
397,45
72,36
249,47
208,17
153,34
300,14
413,23
237,56
226,15
248,31
190,0
374,45
77,36
317,47
242,17
192,34
298,14
376,23
274,56
262,15
255,31
204,0
478,45
83,36
252,47
224,17
209,34
351,14
2035,23
445,56
253,15
318,31
299,0
381,45
61,36
237,47
211,17
191,34
285,14
452,23
352,56
243,15
309,31
316,0
458,45
68,36
225,47
231,17
163,34
309,14
424,23
275,56
234,15
255,31
233,0
419,45
76,36
232,47
266,17
200,34
828,14
510,23
399,56
231,15
358,31
694,0
428,45
66,36
233,47
273,17
197,34
355,14
599,23
341,56
178,15
273,31
220,0
401,45
65,36
251,47
299,17
212,34
300,14
351,23
276,56
197,15
281,31
263,0
853,45
61,36
347,47
199,17
194,34
328,14
462,23
316,56
208,15
275,31
231,0
443,45
90,36
195,47
236,17
143,34
262,14
365,23
268,56
152,15
274,31
206,0
358,45
79,36
246,47
227,17
210,34
332,14
355,23
215,56
189,15
242,31
250,0
363,45
73,36
237,47
252,17
188,34
315,14
903,23
285,56
177,15
214,31
233,0
353,45
65,36
208,47
256,17
198,34
394,14
749,23
340,56
215,15
243,31
267,0
439,45
76,36
254,47
250,17
175,34
381,14
525,23
370,56
219,15
249,31
237,0
703,45
94,36
422,47
268,17
193,34
332,14
899,23
400,56
193,15
261,31
204,0
403,45
68,36
225,47
241,17
191,34
383,14
625,23
362,56
233,15
251,31
247,0
477,45
71,36
346,47
234,17
198,34
310,14
424,23
273,56
208,15
228,31
196,0
446,45
74,36
271,47
245,17
264,34
398,14
429,23
661,56
387,15
274,31
237,0
413,45
70,36
560,47
263,17
235,34
321,14
471,23
364,56
205,15
268,31
208,0
454,45
76,36
329,47
179,17
217,34
273,14
347,23
243,56
188,15
286,31
246,0
519,45
72,36
242,47
209,17
167,34
285,14
996,23
291,56
183,15
215,31
229,0
409,45
80,36
239,47
251,17
180,34
361,14
570,23
343,56
232,15
245,31
208,0
418,45
66,36
245,47
266,17
292,34
405,14
738,23
327,56
221,15
255,31
201,0
443,45
71,36
273,47
206,17
199,34
625,14
464,23
321,56
188,15
270,31
227,0
567,45
100,36
261,47
214,17
150,34
365,14
528,23
398,56
219,15
275,31
674,0
403,45
64,36
289,47
748,17
395,34
422,14
485,23
338,56
220,15
278,31
237,0
450,45
77,36
288,47
233,17
181,34
348,14
397,23
306,56
257,15
253,31
219,0
533,45
74,36
264,47
229,17
215,34
356,14
448,23
839,56
304,15
302,31
213,0
453,45
83,36
250,47
304,17
155,34
326,14
430,23
305,56
208,15
263,31
213,0
462,45
116,36
327,47
196,17
214,34
330,14
401,23
270,56
213,15
226,31
218,0
417,45
98,36
241,47
251,17
220,34
315,14
419,23
282,56
229,15
237,31
255,0
424,45
118,36
1826,47
339,17
256,34
569,14
963,23
624,56
435,15
267,31
226,0
395,45
88,36
237,47
206,17
210,34
318,14
481,23
332,56
220,15
221,31
223,0
462,45
103,36
263,47
252,17
179,34
341,14
459,23
301,56
205,15
206,31
199,0
365,45
81,36
