395,47
167,17
365,34
1331,14
1148,23
1404,56
641,15
928,31
312,0
500,45
84,36
401,47
147,17
263,34
754,14
837,23
590,56
184,15
189,31
232,0
526,45
74,36
327,47
191,17
332,34
939,14
1135,23
686,56
123,15
445,31
317,0
392,45
79,36
386,47
170,17
224,34
748,14
723,23
782,56
142,15
182,31
218,0
520,45
68,36
524,47
367,17
409,34
418,14
675,23
664,56
181,15
376,31
499,0
467,45
76,36
575,47
193,17
172,34
599,14
910,23
363,56
629,15
178,31
191,0
424,45
69,36
420,47
180,17
579,34
610,14
583,23
363,56
303,15
206,31
255,0
743,45
66,36
378,47
168,17
165,34
627,14
1297,23
574,56
177,15
136,31
251,0
374,45
58,36
594,47
170,17
154,34
589,14
650,23
266,56
136,15
280,31
434,0
417,45
64,36
288,47
235,17
156,34
463,14
679,23
306,56
169,15
221,31
224,0
385,45
76,36
311,47
226,17
198,34
460,14
641,23
324,56
651,15
139,31
215,0
398,45
72,36
535,47
159,17
654,34
276,14
580,23
308,56
190,15
204,31
227,0
396,45
71,36
371,47
346,17
300,34
454,14
1174,23
358,56
546,15
189,31
204,0
394,45
72,36
505,47
168,17
182,34
431,14
573,23
295,56
101,15
256,31
218,0
358,45
67,36
342,47
344,17
238,34
601,14
585,23
287,56
256,15
193,31
245,0
416,45
81,36
357,47
298,17
197,34
553,14
687,23
572,56
381,15
371,31
430,0
462,45
57,36
736,47
188,17
139,34
354,14
654,23
553,56
201,15
163,31
306,0
402,45
57,36
357,47
178,17
177,34
530,14
524,23
276,56
158,15
201,31
258,0
417,45
62,36
623,47
201,17
855,34
273,14
564,23
280,56
168,15
231,31
252,0
427,45
72,36
310,47
209,17
180,34
533,14
625,23
341,56
59,15
362,31
188,0
469,45
84,36
327,47
242,17
182,34
377,14
527,23
643,56
199,15
180,31
245,0
331,45
58,36
587,47
213,17
200,34
361,14
644,23
711,56
232,15
164,31
382,0
418,45
50,36
619,47
222,17
261,34
366,14
849,23
389,56
265,15
195,31
237,0
487,45
76,36
271,47
216,17
291,34
373,14
946,23
380,56
418,15
252,31
245,0
412,45
63,36
342,47
222,17
675,34
287,14
674,23
452,56
640,15
175,31
223,0
363,45
83,36
414,47
213,17
192,34
454,14
472,23
309,56
280,15
234,31
324,0
345,45
78,36
579,47
312,17
316,34
336,14
601,23
681,56
218,15
154,31
260,0
326,45
80,36
427,47
247,17
395,34
314,14
854,23
392,56
206,15
156,31
267,0
565,45
84,36
322,47
210,17
253,34
422,14
475,23
344,56
213,15
138,31
231,0
374,45
74,36
281,47
188,17
287,34
1098,14
1475,23
392,56
245,15
131,31
249,0
399,45
72,36
506,47
203,17
162,34
369,14
510,23
565,56
214,15
162,31
231,0
329,45
59,36
378,47
172,17
165,34
324,14
588,23
284,56
204,15
123,31
233,0
358,45
55,36
315,47
213,17
165,34
1031,14
532,23
489,56
254,15
177,31
224,0
349,45
63,36
263,47
195,17
198,34
477,14
517,23
368,56
234,15
170,31
207,0
327,45
74,36
370,47
215,17
187,34
314,14
600,23
364,56
196,15
164,31
231,0
376,45
86,36
543,47
172,17
182,34
335,14
587,23
279,56
232,15
158,31
206,0
289,45
92,36
306,47
201,17
191,34
337,14
589,23
340,56
201,15
116,31
288,0
480,45
131,36
726,47
205,17
234,34
310,14
677,23
296,56
208,15
182,31
215,0
387,45
107,36
477,47
212,17
155,34
463,14
558,23
338,56
176,15
151,31
226,0
399,45
92,36
446,47
203,17
209,34
317,14
622,23
342,56
211,15
159,31
699,0
354,45
71,36
283,47
225,17
147,34
494,14
464,23
293,56
207,15
143,31
223,0
379,45
79,36
309,47
267,17
175,34
385,14
526,23
293,56
210,15
143,31
240,0
348,45
84,36
330,47
315,17
149,34
451,14
738,23
680,56
237,15
137,31
218,0
303,45
62,36
378,47
211,17
180,34
529,14
474,23
277,56
182,15
201,31
234,0
411,45
98,36
314,47
346,17
183,34
383,14
1177,23
299,56
171,15
368,31
443,0
325,45
57,36
353,47
211,17
137,34
462,14
545,23
261,56
202,15
154,31
354,0
478,45
97,36
599,47
199,17
175,34
318,14
455,23
287,56
218,15
184,31
246,0
306,45
86,36
344,47
265,17
156,34
484,14
411,23
275,56
222,15
157,31
234,0
316,45
116,36
323,47
235,17
200,34
368,14
441,23
288,56
225,15
149,31
276,0
337,45
71,36
367,47
220,17
157,34
386,14
467,23
272,56
245,15
106,31
268,0
402,45
85,36
574,47
182,17
222,34
490,14
642,23
240,56
141,15
443,31
246,0
600,45
92,36
1107,47
270,17
311,34
422,14
552,23
445,56
249,15
194,31
249,0
386,45
69,36
499,47
221,17
173,34
642,14
526,23
321,56
161,15
276,31
203,0
440,45
72,36
349,47
251,17
242,34
356,14
628,23
315,56
319,15
235,31
290,0
727,45
88,36
364,47
238,17
223,34
479,14
534,23
263,56
174,15
213,31
244,0
374,45
77,36
434,47
186,17
188,34
406,14
450,23
273,56
168,15
234,31
241,0
379,45
63,36
387,47
167,17
202,34
378,14
530,23
328,56
127,15
219,31
222,0
439,45
57,36
400,47
251,17
198,34
407,14
511,23
290,56
151,15
244,31
284,0
429,45
59,36
589,47
225,17
186,34
514,14
454,23
285,56
179,15
211,31
256,0
400,45
116,36
416,47
239,17
194,34
313,14
468,23
318,56
191,15
223,31
249,0
370,45
79,36
436,47
239,17
191,34
354,14
737,23
370,56
650,15
171,31
212,0
370,45
77,36
270,47
244,17
197,34
471,14
1275,23
343,56
215,15
134,31
294,0
360,45
63,36
423,47
204,17
365,34
320,14
415,23
262,56
172,15
181,31
245,0
406,45
59,36
415,47
185,17
197,34
304,14
465,23
299,56
174,15
182,31
252,0
408,45
55,36
247,47
215,17
200,34
331,14
490,23
259,56
195,15
154,31
227,0
765,45
65,36
1236,47
305,17
1009,34
496,14
855,23
245,56
191,15
143,31
237,0
392,45
69,36
482,47
176,17
186,34
366,14
400,23
271,56
176,15
177,31
232,0
447,45
59,36
328,47
201,17
211,34
302,14
433,23
290,56
160,15
208,31
249,0
770,45
64,36
588,47
218,17
313,34
420,14
443,23
239,56
189,15
146,31
273,0
389,45
62,36
892,47
214,17
207,34
288,14
414,23
294,56
229,15
166,31
299,0
478,45
74,36
379,47
212,17
457,34
305,14
475,23
248,56
188,15
157,31
296,0
389,45
68,36
243,47
208,17
174,34
302,14
515,23
276,56
175,15
144,31
239,0
349,45
60,36
291,47
254,17
102,34
687,14
430,23
280,56
212,15
180,31
270,0
410,45
73,36
276,47
224,17
183,34
335,14
409,23
257,56
207,15
140,31
289,0
397,45
90,36
310,47
236,17
186,34
426,14
400,23
268,56
266,15
128,31
321,0
383,45
74,36
266,47
263,17
252,34
280,14
418,23
262,56
239,15
179,31
337,0
341,45
56,36
208,47
275,17
196,34
273,14
511,23
308,56
250,15
168,31
331,0
407,45
69,36
519,47
224,17
171,34
302,14
440,23
307,56
264,15
183,31
312,0
404,45
85,36
293,47
222,17
199,34
286,14
705,23
283,56
218,15
181,31
270,0
373,45
66,36
320,47
277,17
198,34
410,14
524,23
336,56
209,15
169,31
275,0
382,45
61,36
261,47
262,17
183,34
297,14
550,23
295,56
227,15
179,31
259,0
396,45
61,36
300,47
258,17
183,34
319,14
521,23
325,56
275,15
142,31
371,0
433,45
81,36
256,47
251,17
178,34
338,14
521,23
295,56
287,15
209,31
301,0
458,45
82,36
274,47
291,17
204,34
342,14
476,23
302,56
277,15
161,31
265,0
374,45
83,36
273,47
316,17
172,34
289,14
484,23
264,56
224,15
186,31
297,0
378,45
74,36
467,47
206,17
215,34
310,14
480,23
327,56
279,15
140,31
307,0
395,45
72,36
306,47
258,17
192,34
476,14
411,23
329,56
211,15
210,31
227,0
403,45
50,36
404,47
447,17
624,34
323,14
435,23
276,56
210,15
142,31
261,0
513,45
58,36
293,47
368,17
183,34
337,14
629,23
261,56
233,15
189,31
720,0
339,45
54,36
284,47
212,17
172,34
283,14
438,23
285,56
205,15
167,31
251,0
473,45
60,36
267,47
209,17
180,34
286,14
420,23
312,56
225,15
148,31
280,0
462,45
74,36
284,47
204,17
168,34
347,14
408,23
288,56
235,15
126,31
220,0
337,45
77,36
252,47
226,17
214,34
635,14
415,23
241,56
231,15
106,31
270,0
381,45
50,36
541,47
272,17
185,34
331,14
583,23
302,56
223,15
177,31
236,0
385,45
56,36
292,47
236,17
191,34
291,14
384,23
271,56
230,15
113,31
263,0
387,45
73,36
299,47
253,17
177,34
276,14
413,23
283,56
196,15
191,31
216,0
338,45
73,36
261,47
533,17
220,34
272,14
434,23
271,56
234,15
138,31
289,0
365,45
44,36
348,47
210,17
226,34
346,14
428,23
288,56
218,15
110,31
258,0
429,45
61,36
436,47
234,17
189,34
407,14
395,23
258,56
226,15
147,31
241,0
366,45
67,36
305,47
206,17
187,34
350,14
396,23
285,56
208,15
163,31
213,0
323,45
55,36
463,47
145,17
182,34
754,14
481,23
850,56
179,15
158,31
231,0
505,45
72,36
292,47
156,17
182,34
352,14
614,23
242,56
195,15
143,31
231,0
295,45
60,36
734,47
240,17
484,34
1007,14
514,23
234,56
174,15
168,31
199,0
296,45
65,36
349,47
172,17
161,34
328,14
431,23
243,56
154,15
183,31
193,0
385,45
49,36
327,47
585,17
177,34
354,14
421,23
291,56
154,15
184,31
228,0
361,45
57,36
310,47
244,17
243,34
334,14
471,23
302,56
169,15
190,31
202,0
340,45
55,36
487,47
186,17
195,34
317,14
412,23
260,56
149,15
200,31
201,0
320,45
53,36
479,47
159,17
206,34
283,14
468,23
272,56
157,15
209,31
215,0
318,45
61,36
409,47
184,17
190,34
322,14
428,23
289,56
91,15
251,31
190,0
322,45
49,36
323,47
181,17
146,34
308,14
418,23
246,56
112,15
223,31
214,0
311,45
60,36
708,47
204,17
216,34
594,14
378,23
271,56
82,15
250,31
183,0
309,45
56,36
934,47
174,17
383,34
279,14
374,23
247,56
89,15
187,31
208,0
318,45
55,36
360,47
178,17
229,34
481,14
469,23
383,56
651,15
158,31
572,0
457,45
79,36
703,47
186,17
314,34
269,14
774,23
261,56
80,15
241,31
211,0
463,45
77,36
465,47
161,17
170,34
269,14
511,23
558,56
257,15
200,31
211,0
339,45
57,36
301,47
200,17
181,34
261,14
425,23
468,56
299,15
185,31
228,0
362,45
59,36
268,47
200,17
169,34
393,14
670,23
614,56
191,15
143,31
211,0
330,45
68,36
265,47
174,17
164,34
294,14
394,23
311,56
175,15
134,31
197,0
316,45
49,36
424,47
179,17
154,34
253,14
429,23
305,56
661,15
156,31
209,0
392,45
63,36
308,47
231,17
505,34
266,14
358,23
247,56
202,15
79,31
325,0
506,45
73,36
269,47
201,17
151,34
345,14
411,23
441,56
285,15
141,31
269,0
347,45
80,36
284,47
186,17
164,34
278,14
413,23
310,56
242,15
179,31
241,0
348,45
63,36
272,47
194,17
188,34
296,14
396,23
299,56
237,15
172,31
201,0
316,45
55,36
271,47
244,17
596,34
730,14
441,23
283,56
182,15
139,31
200,0
309,45
58,36
421,47
190,17
170,34
252,14
693,23
314,56
572,15
202,31
322,0
303,45
64,36
303,47
205,17
154,34
263,14
437,23
270,56
183,15
154,31
218,0
325,45
74,36
282,47
269,17
171,34
272,14
378,23
317,56
192,15
173,31
207,0
340,45
58,36
377,47
185,17
190,34
247,14
381,23
286,56
190,15
137,31
221,0
360,45
72,36
206,47
230,17
163,34
291,14
448,23
332,56
612,15
168,31
201,0
376,45
55,36
243,47
189,17
180,34
271,14
384,23
308,56
203,15
177,31
205,0
299,45
63,36
257,47
192,17
183,34
315,14
413,23
683,56
192,15
164,31
222,0
351,45
55,36
301,47
215,17
195,34
279,14
382,23
322,56
677,15
175,31
176,0
341,45
72,36
301,47
190,17
156,34
296,14
387,23
306,56
196,15
193,31
201,0
398,45
70,36
272,47
201,17
159,34
235,14
421,23
333,56
229,15
258,31
470,0
329,45
59,36
219,47
311,17
123,34
307,14
357,23
657,56
207,15
178,31
203,0
309,45
54,36
302,47
305,17
152,34
245,14
384,23
276,56
166,15
213,31
837,0
301,45
66,36
254,47
216,17
164,34
256,14
450,23
604,56
189,15
178,31
217,0
293,45
59,36
239,47
184,17
146,34
231,14
464,23
364,56
238,15
245,31
218,0
303,45
49,36
237,47
270,17
186,34
218,14
446,23
511,56
252,15
186,31
214,0
332,45
67,36
254,47
239,17
145,34
1271,14
406,23
298,56
235,15
420,31
328,0
263,45
51,36
221,47
216,17
166,34
242,14
400,23
291,56
239,15
151,31
258,0
329,45
65,36
276,47
198,17
129,34
286,14
428,23
801,56
240,15
178,31
227,0
329,45
58,36
330,47
256,17
183,34
562,14
379,23
275,56
181,15
176,31
211,0
379,45
56,36
273,47
197,17
226,34
662,14
504,23
237,56
202,15
202,31
237,0
354,45
67,36
238,47
207,17
136,34
269,14
403,23
261,56
185,15
148,31
199,0
344,45
65,36
224,47
254,17
164,34
275,14
395,23
264,56
176,15
135,31
207,0
337,45
65,36
286,47
193,17
173,34
210,14
501,23
364,56
682,15
172,31
181,0
333,45
67,36
256,47
207,17
175,34
249,14
443,23
339,56
216,15
180,31
193,0
360,45
77,36
310,47
263,17
189,34
345,14
413,23
251,56
145,15
182,31
192,0
345,45
68,36
254,47
241,17
178,34
384,14
477,23
277,56
160,15
208,31
200,0
320,45
71,36
280,47
196,17
179,34
913,14
465,23
277,56
600,15
137,31
220,0
427,45
81,36
265,47
208,17
121,34
365,14
525,23
245,56
176,15
216,31
205,0
346,45
91,36
387,47
174,17
196,34
343,14
564,23
271,56
146,15
319,31
246,0
381,45
83,36
295,47
207,17
191,34
453,14
893,23
326,56
291,15
389,31
235,0
336,45
88,36
325,47
241,17
236,34
349,14
499,23
294,56
101,15
313,31
240,0
373,45
86,36
970,47
204,17
204,34
417,14
450,23
312,56
209,15
125,31
271,0
465,45
89,36
279,47
197,17
191,34
394,14
474,23
255,56
199,15
182,31
236,0
382,45
65,36
299,47
207,17
185,34
342,14
481,23
306,56
197,15
169,31
239,0
528,45
78,36
655,47
182,17
172,34
522,14
639,23
261,56
168,15
188,31
214,0
361,45
69,36
412,47
202,17
176,34
1306,14
441,23
254,56
276,15
62,31
433,0
543,45
63,36
287,47
184,17
150,34
399,14
484,23
273,56
211,15
204,31
259,0
317,45
74,36
285,47
203,17
292,34
316,14
463,23
317,56
676,15
228,31
304,0
405,45
65,36
298,47
220,17
148,34
373,14
470,23
332,56
686,15
183,31
269,0
415,45
64,36
297,47
212,17
206,34
349,14
430,23
310,56
224,15
173,31
193,0
319,45
59,36
276,47
190,17
192,34
334,14
447,23
285,56
225,15
164,31
245,0
351,45
62,36
246,47
245,17
204,34
368,14
441,23
281,56
286,15
279,31
254,0
302,45
79,36
283,47
178,17
164,34
328,14
399,23
235,56
196,15
170,31
224,0
349,45
65,36
252,47
1012,17
214,34
341,14
452,23
241,56
124,15
255,31
699,0
300,45
54,36
360,47
224,17
140,34
311,14
388,23
264,56
207,15
175,31
776,0
430,45
61,36
254,47
232,17
186,34
284,14
418,23
260,56
163,15
183,31
221,0
388,45
68,36
266,47
234,17
160,34
294,14
413,23
287,56
163,15
202,31
197,0
319,45
68,36
294,47
291,17
213,34
352,14
406,23
276,56
163,15
219,31
217,0
376,45
67,36
245,47
240,17
147,34
347,14
520,23
688,56
172,15
167,31
250,0
381,45
73,36
272,47
240,17
490,34
1279,14
1545,23
240,56
211,15
104,31
289,0
336,45
78,36
233,47
281,17
187,34
287,14
941,23
258,56
152,15
279,31
198,0
386,45
66,36
271,47
234,17
248,34
297,14
377,23
247,56
192,15
141,31
211,0
321,45
64,36
363,47
278,17
202,34
305,14
488,23
271,56
204,15
153,31
183,0
338,45
65,36
400,47
1859,17
179,34
904,14
392,23
251,56
189,15
141,31
228,0
347,45
73,36
279,47
189,17
203,34
284,14
376,23
266,56
168,15
187,31
196,0
345,45
68,36
405,47
185,17
754,34
309,14
452,23
274,56
174,15
185,31
192,0
371,45
66,36
304,47
211,17
207,34
500,14
402,23
258,56
184,15
166,31
186,0
350,45
88,36
291,47
191,17
175,34
297,14
413,23
249,56
201,15
138,31
204,0
355,45
63,36
357,47
179,17
173,34
349,14
791,23
286,56
195,15
184,31
175,0
460,45
91,36
314,47
364,17
193,34
325,14
633,23
670,56
137,15
184,31
173,0
318,45
53,36
298,47
181,17
163,34
368,14
622,23
346,56
510,15
200,31
187,0
316,45
60,36
289,47
230,17
160,34
410,14
614,23
299,56
249,15
153,31
199,0
295,45
61,36
251,47
228,17
203,34
451,14
483,23
242,56
181,15
198,31
232,0
399,45
70,36
720,47
193,17
167,34
546,14
445,23
267,56
221,15
831,31
256,0
483,45
90,36
314,47
201,17
154,34
501,14
473,23
260,56
274,15
224,31
246,0
340,45
54,36
411,47
193,17
162,34
369,14
672,23
266,56
239,15
172,31
226,0
323,45
51,36
272,47
212,17
714,34
416,14
735,23
234,56
180,15
152,31
207,0
376,45
79,36
301,47
216,17
158,34
387,14
580,23
273,56
227,15
162,31
209,0
354,45
52,36
264,47
213,17
179,34
424,14
449,23
218,56
224,15
125,31
266,0
339,45
46,36
275,47
228,17
190,34
375,14
559,23
266,56
254,15
157,31
231,0
331,45
42,36
264,47
206,17
146,34
456,14
533,23
311,56
213,15
148,31
231,0
372,45
48,36
254,47
234,17
185,34
356,14
421,23
231,56
254,15
99,31
354,0
582,45
80,36
272,47
221,17
160,34
372,14
529,23
277,56
206,15
180,31
169,0
351,45
58,36
269,47
240,17
242,34
386,14
495,23
241,56
238,15
134,31
262,0
320,45
68,36
264,47
220,17
174,34
342,14
468,23
248,56
216,15
169,31
240,0
374,45
62,36
343,47
272,17
253,34
418,14
434,23
228,56
284,15
87,31
363,0
649,45
79,36
740,47
172,17
180,34
394,14
525,23
251,56
179,15
224,31
262,0
476,45
67,36
272,47
210,17
134,34
434,14
406,23
223,56
187,15
167,31
404,0
413,45
50,36
1036,47
185,17
144,34
348,14
402,23
226,56
191,15
178,31
253,0
368,45
70,36
283,47
207,17
171,34
386,14
528,23
286,56
154,15
189,31
241,0
367,45
59,36
251,47
218,17
190,34
298,14
507,23
262,56
168,15
160,31
267,0
338,45
59,36
296,47
231,17
158,34
406,14
433,23
330,56
168,15
245,31
274,0
367,45
63,36
304,47
227,17
155,34
335,14
410,23
248,56
208,15
92,31
261,0
363,45
91,36
333,47
231,17
278,34
389,14
419,23
229,56
114,15
167,31
348,0
367,45
48,36
332,47
222,17
154,34
317,14
676,23
301,56
176,15
119,31
267,0
359,45
65,36
302,47
211,17
143,34
325,14
381,23
253,56
173,15
167,31
225,0
357,45
62,36
237,47
248,17
200,34
650,14
383,23
220,56
201,15
107,31
278,0
348,45
65,36
285,47
217,17
147,34
281,14
415,23
270,56
193,15
92,31
259,0
320,45
66,36
294,47
269,17
235,34
287,14
375,23
309,56
357,15
158,31
221,0
287,45
47,36
314,47
204,17
172,34
264,14
393,23
245,56
234,15
71,31
352,0
452,45
62,36
276,47
232,17
189,34
238,14
396,23
275,56
197,15
177,31
255,0
346,45
65,36
322,47
296,17
560,34
280,14
415,23
299,56
479,15
153,31
212,0
319,45
50,36
258,47
251,17
196,34
260,14
379,23
268,56
237,15
134,31
275,0
373,45
60,36
572,47
227,17
206,34
249,14
429,23
335,56
217,15
128,31
254,0
328,45
55,36
286,47
312,17
250,34
249,14
383,23
277,56
235,15
155,31
304,0
315,45
54,36
265,47
371,17
1108,34
372,14
360,23
281,56
205,15
107,31
278,0
349,45
67,36
256,47
219,17
173,34
242,14
361,23
283,56
215,15
156,31
282,0
310,45
61,36
303,47
191,17
183,34
386,14
1938,23
372,56
264,15
164,31
252,0
460,45
78,36
408,47
193,17
167,34
260,14
397,23
284,56
206,15
116,31
246,0
366,45
65,36
334,47
191,17
164,34
253,14
381,23
311,56
261,15
759,31
250,0
398,45
65,36
250,47
215,17
159,34
246,14
412,23
332,56
230,15
172,31
239,0
376,45
65,36
248,47
208,17
163,34
252,14
363,23
303,56
294,15
334,31
242,0
263,45
59,36
292,47
207,17
164,34
245,14
368,23
327,56
176,15
215,31
201,0
287,45
71,36
284,47
268,17
140,34
276,14
380,23
301,56
164,15
198,31
173,0
316,45
62,36
253,47
233,17
178,34
264,14
354,23
286,56
161,15
185,31
185,0
297,45
62,36
230,47
228,17
153,34
256,14
448,23
345,56
147,15
203,31
188,0
312,45
61,36
242,47
230,17
158,34
314,14
359,23
349,56
487,15
154,31
206,0
306,45
63,36
227,47
204,17
159,34
290,14
403,23
321,56
171,15
196,31
215,0
329,45
47,36
202,47
232,17
154,34
243,14
406,23
336,56
285,15
309,31
280,0
510,45
53,36
208,47
196,17
146,34
272,14
646,23
362,56
238,15
213,31
215,0
319,45
61,36
267,47
220,17
149,34
293,14
409,23
332,56
163,15
224,31
237,0
425,45
58,36
216,47
214,17
1604,34
1903,14
990,23
274,56
195,15
139,31
329,0
393,45
64,36
211,47
188,17
169,34
238,14
412,23
323,56
175,15
165,31
198,0
376,45
63,36
219,47
222,17
166,34
248,14
437,23
313,56
164,15
162,31
248,0
323,45
62,36
214,47
237,17
153,34
235,14
425,23
297,56
166,15
162,31
193,0
317,45
47,36
261,47
207,17
178,34
695,14
1944,23
286,56
160,15
190,31
218,0
328,45
55,36
300,47
192,17
154,34
205,14
433,23
359,56
205,15
175,31
198,0
281,45
57,36
223,47
194,17
147,34
252,14
440,23
359,56
175,15
173,31
233,0
476,45
58,36
604,47
211,17
172,34
248,14
519,23
295,56
158,15
170,31
201,0
311,45
58,36
231,47
227,17
171,34
251,14
390,23
318,56
167,15
178,31
170,0
306,45
53,36
505,47
202,17
209,34
287,14
398,23
288,56
183,15
172,31
217,0
308,45
57,36
211,47
270,17
221,34
256,14
389,23
286,56
137,15
182,31
185,0
292,45
55,36
227,47
208,17
207,34
233,14
1029,23
278,56
247,15
165,31
244,0
315,45
60,36
243,47
209,17
135,34
237,14
381,23
366,56
608,15
131,31
198,0
370,45
69,36
302,47
211,17
136,34
249,14
509,23
322,56
178,15
176,31
197,0
314,45
57,36
270,47
204,17
168,34
265,14
393,23
312,56
941,15
185,31
312,0
412,45
65,36
301,47
170,17
167,34
444,14
401,23
268,56
157,15
195,31
317,0
354,45
71,36
294,47
183,17
155,34
304,14
414,23
281,56
183,15
161,31
240,0
335,45
70,36
334,47
170,17
169,34
394,14
383,23
265,56
162,15
236,31
220,0
340,45
66,36
355,47
207,17
177,34
293,14
412,23
269,56
126,15
240,31
200,0
337,45
64,36
313,47
213,17
164,34
279,14
483,23
645,56
216,15
153,31
241,0
398,45
68,36
327,47
205,17
164,34
388,14
489,23
371,56
350,15
219,31
225,0
379,45
54,36
265,47
253,17
208,34
312,14
409,23
311,56
535,15
141,31
228,0
329,45
67,36
278,47
235,17
157,34
297,14
446,23
381,56
400,15
175,31
221,0
368,45
75,36
274,47
232,17
169,34
283,14
408,23
347,56
366,15
176,31
222,0
348,45
80,36
258,47
239,17
142,34
323,14
448,23
278,56
463,15
194,31
235,0
367,45
90,36
272,47
210,17
195,34
342,14
373,23
334,56
200,15
476,31
213,0
429,45
91,36
261,47
217,17
134,34
236,14
626,23
302,56
539,15
141,31
265,0
340,45
75,36
253,47
197,17
177,34
243,14
452,23
300,56
200,15
135,31
636,0
342,45
75,36
317,47
208,17
167,34
247,14
509,23
337,56
188,15
194,31
245,0
312,45
80,36
244,47
219,17
180,34
340,14
706,23
276,56
153,15
203,31
219,0
369,45
78,36
219,47
251,17
144,34
318,14
486,23
299,56
222,15
146,31
257,0
339,45
84,36
239,47
245,17
167,34
240,14
637,23
316,56
173,15
191,31
224,0
364,45
88,36
427,47
246,17
166,34
250,14
523,23
332,56
213,15
158,31
219,0
377,45
81,36
229,47
215,17
177,34
364,14
453,23
261,56
267,15
126,31
285,0
431,45
93,36
253,47
218,17
174,34
268,14
591,23
252,56
979,15
159,31
312,0
379,45
94,36
296,47
193,17
199,34
231,14
448,23
261,56
219,15
106,31
252,0
358,45
71,36
214,47
194,17
155,34
248,14
1000,23
239,56
248,15
127,31
287,0
416,45
70,36
281,47
223,17
215,34
275,14
405,23
219,56
239,15
89,31
267,0
336,45
74,36
215,47
251,17
189,34
292,14
406,23
221,56
230,15
109,31
259,0
356,45
71,36
197,47
232,17
145,34
254,14
383,23
225,56
229,15
113,31
240,0
292,45
63,36
831,47
155,17
167,34
318,14
439,23
233,56
202,15
115,31
262,0
447,45
84,36
321,47
217,17
147,34
255,14
430,23
234,56
199,15
91,31
223,0
339,45
70,36
229,47
177,17
171,34
235,14
578,23
256,56
250,15
60,31
317,0
469,45
84,36
187,47
229,17
882,34
1398,14
386,23
266,56
179,15
161,31
269,0
418,45
79,36
407,47
186,17
183,34
212,14
481,23
275,56
215,15
68,31
279,0
452,45
88,36
227,47
230,17
143,34
350,14
468,23
254,56
216,15
79,31
281,0
457,45
81,36
523,47
238,17
173,34
288,14
387,23
240,56
221,15
101,31
324,0
505,45
73,36
234,47
202,17
166,34
334,14
427,23
282,56
213,15
146,31
250,0
396,45
72,36
170,47
249,17
195,34
375,14
528,23
265,56
201,15
138,31
252,0
342,45
54,36
191,47
237,17
244,34
302,14
556,23
307,56
237,15
143,31
199,0
309,45
58,36
255,47
231,17
186,34
255,14
572,23
333,56
238,15
151,31
282,0
474,45
74,36
195,47
213,17
177,34
329,14
527,23
414,56
187,15
134,31
241,0
363,45
74,36
235,47
220,17
143,34
311,14
466,23
278,56
202,15
120,31
222,0
351,45
75,36
216,47
225,17
159,34
350,14
514,23
262,56
205,15
134,31
212,0
306,45
58,36
420,47
168,17
181,34
321,14
437,23
266,56
196,15
125,31
216,0
340,45
69,36
241,47
253,17
183,34
283,14
467,23
286,56
223,15
159,31
202,0
327,45
63,36
207,47
291,17
214,34
381,14
528,23
293,56
273,15
150,31
226,0
363,45
89,36
247,47
255,17
232,34
981,14
398,23
248,56
174,15
171,31
207,0
341,45
71,36
202,47
204,17
184,34
302,14
406,23
229,56
232,15
105,31
261,0
363,45
78,36
234,47
239,17
164,34
332,14
454,23
320,56
204,15
108,31
252,0
355,45
83,36
191,47
576,17
166,34
276,14
369,23
285,56
194,15
119,31
221,0
358,45
59,36
212,47
230,17
191,34
696,14
398,23
209,56
270,15
152,31
286,0
424,45
72,36
229,47
225,17
163,34
295,14
442,23
262,56
202,15
108,31
259,0
400,45
39,36
433,47
235,17
181,34
294,14
402,23
259,56
194,15
186,31
208,0
329,45
72,36
191,47
236,17
182,34
319,14
498,23
282,56
136,15
190,31
223,0
402,45
64,36
233,47
211,17
143,34
324,14
1138,23
265,56
167,15
157,31
228,0
460,45
106,36
406,47
155,17
135,34
259,14
441,23
231,56
199,15
163,31
415,0
521,45
81,36
345,47
201,17
174,34
239,14
413,23
661,56
227,15
227,31
250,0
437,45
74,36
241,47
195,17
207,34
282,14
422,23
283,56
234,15
128,31
348,0
526,45
81,36
360,47
168,17
215,34
258,14
463,23
336,56
221,15
230,31
1164,0
441,45
86,36
444,47
221,17
154,34
239,14
448,23
235,56
210,15
153,31
278,0
385,45
85,36
347,47
216,17
117,34
388,14
446,23
280,56
182,15
234,31
567,0
422,45
79,36
365,47
249,17
176,34
286,14
446,23
290,56
225,15
192,31
255,0
398,45
96,36
265,47
252,17
179,34
278,14
455,23
306,56
197,15
193,31
237,0
365,45
81,36
272,47
232,17
174,34
267,14
504,23
294,56
232,15
120,31
267,0
384,45
93,36
250,47
213,17
193,34
257,14
508,23
315,56
230,15
166,31
250,0
430,45
125,36
266,47
189,17
188,34
255,14
436,23
264,56
245,15
124,31
294,0
363,45
77,36
223,47
216,17
203,34
331,14
509,23
240,56
301,15
161,31
322,0
419,45
112,36
254,47
209,17
144,34
235,14
409,23
244,56
228,15
134,31
290,0
417,45
90,36
267,47
208,17
212,34
251,14
438,23
266,56
231,15
128,31
263,0
321,45
57,36
188,47
218,17
174,34
359,14
1040,23
239,56
179,15
199,31
287,0
379,45
100,36
227,47
218,17
195,34
307,14
403,23
263,56
247,15
153,31
250,0
320,45
90,36
281,47
184,17
328,34
280,14
2441,23
294,56
175,15
175,31
249,0
344,45
79,36
295,47
363,17
190,34
341,14
357,23
273,56
206,15
149,31
319,0
345,45
68,36
750,47
262,17
214,34
269,14
429,23
204,56
242,15
179,31
215,0
311,45
86,36
233,47
244,17
163,34
304,14
401,23
305,56
244,15
199,31
221,0
315,45
64,36
242,47
227,17
195,34
291,14
435,23
263,56
192,15
164,31
202,0
314,45
57,36
241,47
220,17
161,34
271,14
448,23
284,56
169,15
253,31
261,0
546,45
101,36
278,47
206,17
176,34
275,14
449,23
291,56
193,15
190,31
210,0
337,45
69,36
323,47
245,17
200,34
332,14
692,23
268,56
149,15
216,31
253,0
319,45
75,36
259,47
208,17
172,34
275,14
406,23
297,56
221,15
144,31
243,0
324,45
65,36
254,47
242,17
161,34
322,14
489,23
356,56
188,15
159,31
227,0
397,45
71,36
327,47
214,17
256,34
573,14
574,23
321,56
206,15
151,31
214,0
348,45
68,36
215,47
229,17
153,34
325,14
417,23
277,56
219,15
112,31
225,0
300,45
61,36
247,47
216,17
174,34
301,14
447,23
255,56
197,15
153,31
223,0
359,45
62,36
330,47
208,17
165,34
317,14
444,23
299,56
191,15
180,31
227,0
410,45
74,36
301,47
194,17
172,34
278,14
431,23
294,56
226,15
178,31
246,0
462,45
93,36
247,47
192,17
187,34
316,14
443,23
304,56
180,15
177,31
275,0
356,45
62,36
735,47
177,17
153,34
254,14
465,23
264,56
204,15
168,31
377,0
429,45
74,36
250,47
222,17
179,34
277,14
397,23
260,56
208,15
151,31
264,0
324,45
55,36
236,47
225,17
190,34
277,14
517,23
306,56
108,15
375,31
220,0
396,45
74,36
211,47
228,17
153,34
261,14
433,23
266,56
207,15
154,31
269,0
454,45
88,36
206,47
227,17
182,34
274,14
392,23
324,56
195,15
218,31
221,0
387,45
90,36
210,47
231,17
156,34
278,14
388,23
303,56
185,15
183,31
212,0
322,45
73,36
317,47
232,17
215,34
706,14
380,23
220,56
194,15
128,31
224,0
366,45
66,36
543,47
223,17
174,34
277,14
633,23
278,56
175,15
205,31
285,0
370,45
101,36
230,47
257,17
193,34
326,14
396,23
239,56
207,15
141,31
228,0
310,45
72,36
261,47
217,17
166,34
331,14
431,23
261,56
177,15
176,31
244,0
378,45
81,36
239,47
229,17
162,34
276,14
645,23
284,56
190,15
170,31
237,0
421,45
83,36
211,47
214,17
183,34
350,14
476,23
233,56
210,15
152,31
236,0
345,45
92,36
202,47
256,17
196,34
286,14
1261,23
296,56
219,15
186,31
230,0
327,45
52,36
422,47
210,17
170,34
280,14
433,23
275,56
174,15
171,31
241,0
328,45
68,36
183,47
228,17
188,34
269,14
552,23
286,56
191,15
135,31
251,0
371,45
86,36
242,47
193,17
167,34
286,14
472,23
273,56
203,15
122,31
320,0
507,45
57,36
216,47
262,17
159,34
272,14
474,23
324,56
177,15
157,31
216,0
349,45
99,36
273,47
137,17
831,34
283,14
856,23
1083,56
175,15
134,31
323,0
387,45
73,36
280,47
170,17
154,34
234,14
363,23
262,56
171,15
131,31
253,0
345,45
55,36
257,47
212,17
168,34
262,14
454,23
269,56
166,15
185,31
223,0
333,45
65,36
778,47
784,17
181,34
298,14
371,23
294,56
152,15
188,31
226,0
325,45
45,36
426,47
216,17
162,34
246,14
393,23
279,56
190,15
150,31
270,0
355,45
50,36
233,47
216,17
179,34
268,14
414,23
305,56
204,15
164,31
223,0
336,45
65,36
292,47
261,17
256,34
244,14
403,23
272,56
153,15
180,31
249,0
408,45
44,36
306,47
186,17
171,34
214,14
400,23
286,56
205,15
170,31
248,0
330,45
49,36
458,47
175,17
165,34
275,14
532,23
318,56
194,15
170,31
239,0
1072,45
75,36
233,47
240,17
151,34
225,14
400,23
298,56
234,15
126,31
261,0
339,45
61,36
221,47
254,17
224,34
288,14
439,23
237,56
194,15
141,31
277,0
350,45
77,36
399,47
219,17
141,34
228,14
412,23
233,56
187,15
187,31
208,0
306,45
76,36
245,47
229,17
139,34
229,14
400,23
277,56
232,15
105,31
277,0
338,45
60,36
189,47
225,17
192,34
222,14
488,23
281,56
238,15
181,31
395,0
463,45
70,36
208,47
253,17
257,34
350,14
355,23
238,56
134,15
173,31
264,0
343,45
59,36
222,47
204,17
164,34
237,14
416,23
299,56
204,15
146,31
228,0
351,45
61,36
292,47
199,17
170,34
229,14
425,23
224,56
351,15
329,31
334,0
597,45
87,36
195,47
244,17
183,34
257,14
433,23
247,56
196,15
187,31
320,0
380,45
73,36
287,47
270,17
168,34
246,14
398,23
278,56
244,15
111,31
407,0
451,45
119,36
207,47
262,17
192,34
225,14
424,23
253,56
216,15
183,31
247,0
294,45
101,36
227,47
272,17
170,34
291,14
422,23
294,56
272,15
141,31
323,0
468,45
85,36
225,47
250,17
215,34
277,14
407,23
246,56
91,15
353,31
197,0
335,45
85,36
204,47
306,17
437,34
339,14
359,23
238,56
166,15
215,31
284,0
362,45
126,36
258,47
615,17
132,34
255,14
347,23
246,56
185,15
213,31
233,0
373,45
101,36
256,47
257,17
176,34
271,14
460,23
299,56
182,15
226,31
244,0
370,45
92,36
310,47
228,17
156,34
221,14
375,23
243,56
214,15
141,31
328,0
286,45
107,36
206,47
253,17
150,34
255,14
382,23
250,56
143,15
233,31
215,0
294,45
112,36
184,47
281,17
267,34
322,14
417,23
275,56
80,15
321,31
223,0
330,45
75,36
223,47
234,17
202,34
231,14
402,23
242,56
667,15
140,31
691,0
500,45
86,36
184,47
243,17
174,34
249,14
417,23
269,56
105,15
291,31
237,0
339,45
90,36
202,47
236,17
173,34
262,14
412,23
290,56
230,15
207,31
224,0
287,45
98,36
182,47
314,17
354,34
304,14
352,23
239,56
129,15
263,31
225,0
322,45
74,36
259,47
226,17
162,34
239,14
1425,23
286,56
109,15
304,31
200,0
382,45
115,36
179,47
245,17
185,34
240,14
616,23
325,56
406,15
152,31
249,0
318,45
83,36
785,47
175,17
204,34
222,14
586,23
326,56
48,15
333,31
774,0
381,45
75,36
408,47
210,17
162,34
222,14
468,23
295,56
149,15
239,31
282,0
383,45
107,36
252,47
330,17
219,34
298,14
474,23
292,56
113,15
327,31
225,0
378,45
75,36
216,47
278,17
239,34
303,14
504,23
300,56
113,15
311,31
210,0
376,45
76,36
206,47
242,17
206,34
271,14
443,23
285,56
126,15
291,31
245,0
333,45
64,36
215,47
349,17
189,34
335,14
387,23
271,56
190,15
293,31
255,0
324,45
85,36
209,47
255,17
155,34
264,14
469,23
324,56
36,15
379,31
315,0
371,45
92,36
834,47
236,17
169,34
650,14
342,23
276,56
459,15
249,31
214,0
357,45
62,36
199,47
264,17
197,34
262,14
402,23
476,56
211,15
250,31
267,0
307,45
61,36
276,47
239,17
178,34
257,14
432,23
290,56
234,15
143,31
265,0
360,45
53,36
247,47
239,17
178,34
267,14
458,23
501,56
344,15
223,31
243,0
357,45
64,36
257,47
247,17
197,34
269,14
396,23
300,56
223,15
149,31
279,0
376,45
77,36
268,47
239,17
173,34
259,14
433,23
292,56
231,15
159,31
288,0
339,45
60,36
218,47
228,17
189,34
280,14
436,23
362,56
261,15
201,31
224,0
353,45
47,36
183,47
239,17
199,34
275,14
523,23
295,56
202,15
205,31
254,0
344,45
87,36
255,47
223,17
185,34
292,14
470,23
290,56
243,15
139,31
248,0
388,45
60,36
