909,47
618,17
762,34
2279,14
1993,23
1853,56
226,15
585,31
743,0
2297,45
47,36
690,47
553,17
1073,34
742,14
1816,23
868,56
1033,15
309,31
567,0
1552,45
18,36
744,47
550,17
710,34
1242,14
808,23
1221,56
262,15
676,31
1495,0
1640,45
33,36
1099,47
683,17
938,34
1162,14
1591,23
1186,56
300,15
526,31
907,0
2292,45
37,36
2772,47
556,17
508,34
284,14
829,23
666,56
384,15
337,31
499,0
1799,45
47,36
1152,47
736,17
1153,34
1404,14
844,23
710,56
484,15
355,31
1143,0
2319,45
51,36
1132,47
577,17
677,34
1741,14
1687,23
752,56
510,15
511,31
1071,0
1670,45
67,36
1014,47
676,17
1979,34
1265,14
666,23
588,56
425,15
370,31
1485,0
1761,45
48,36
1077,47
519,17
784,34
212,14
799,23
617,56
283,15
373,31
710,0
1060,45
45,36
1998,47
895,17
595,34
686,14
362,23
593,56
363,15
402,31
1067,0
1033,45
40,36
449,47
615,17
415,34
1204,14
409,23
563,56
289,15
384,31
999,0
856,45
51,36
656,47
655,17
843,34
257,14
837,23
664,56
315,15
413,31
724,0
2499,45
60,36
599,47
584,17
825,34
571,14
421,23
717,56
453,15
324,31
945,0
2060,45
44,36
921,47
700,17
593,34
208,14
708,23
602,56
239,15
389,31
641,0
1176,45
34,36
896,47
774,17
731,34
1419,14
838,23
589,56
370,15
343,31
776,0
1074,45
42,36
679,47
620,17
1006,34
1227,14
551,23
710,56
414,15
328,31
749,0
1017,45
39,36
2602,47
789,17
664,34
521,14
580,23
805,56
333,15
382,31
842,0
1268,45
47,36
703,47
439,17
475,34
363,14
634,23
652,56
297,15
384,31
583,0
671,45
43,36
445,47
557,17
786,34
408,14
692,23
701,56
264,15
417,31
690,0
709,45
37,36
1074,47
626,17
219,34
625,14
446,23
541,56
199,15
387,31
671,0
1308,45
48,36
5582,47
734,17
950,34
448,14
651,23
626,56
307,15
435,31
1011,0
976,45
49,36
1183,47
740,17
634,34
540,14
579,23
667,56
297,15
446,31
747,0
2603,45
44,36
1521,47
732,17
1630,34
2153,14
551,23
619,56
563,15
520,31
704,0
5719,45
43,36
715,47
535,17
1204,34
1546,14
758,23
637,56
723,15
1235,31
604,0
3634,45
43,36
547,47
602,17
874,34
251,14
764,23
723,56
185,15
482,31
841,0
682,45
52,36
579,47
573,17
1871,34
901,14
349,23
669,56
237,15
434,31
512,0
634,45
56,36
787,47
194,17
866,34
991,14
369,23
578,56
203,15
457,31
612,0
692,45
40,36
568,47
641,17
243,34
743,14
695,23
619,56
411,15
370,31
2355,0
1464,45
48,36
704,47
602,17
502,34
382,14
671,23
730,56
229,15
363,31
739,0
1263,45
51,36
616,47
636,17
638,34
1340,14
673,23
711,56
385,15
473,31
2312,0
1497,45
49,36
654,47
633,17
457,34
1256,14
640,23
603,56
222,15
479,31
761,0
772,45
51,36
641,47
233,17
663,34
733,14
396,23
660,56
398,15
260,31
868,0
1976,45
46,36
456,47
636,17
813,34
2249,14
1072,23
754,56
342,15
318,31
770,0
1456,45
43,36
3532,47
523,17
758,34
3654,14
717,23
598,56
306,15
424,31
648,0
2230,45
50,36
689,47
584,17
803,34
235,14
649,23
569,56
279,15
459,31
591,0
751,45
45,36
1170,47
571,17
521,34
204,14
790,23
597,56
223,15
404,31
545,0
502,45
46,36
765,47
224,17
558,34
443,14
1058,23
790,56
188,15
869,31
665,0
763,45
50,36
727,47
629,17
624,34
204,14
741,23
583,56
193,15
493,31
771,0
559,45
41,36
547,47
490,17
516,34
233,14
726,23
612,56
171,15
901,31
486,0
593,45
52,36
619,47
1457,17
679,34
317,14
1509,23
684,56
190,15
478,31
678,0
719,45
34,36
570,47
588,17
600,34
556,14
1099,23
717,56
184,15
423,31
772,0
1294,45
36,36
805,47
218,17
915,34
1643,14
970,23
2079,56
204,15
346,31
893,0
3623,45
44,36
589,47
654,17
717,34
203,14
707,23
647,56
523,15
241,31
878,0
2345,45
35,36
1369,47
185,17
836,34
460,14
842,23
1068,56
540,15
298,31
1016,0
5930,45
50,36
912,47
584,17
662,34
365,14
938,23
1473,56
516,15
414,31
1369,0
1052,45
44,36
1259,47
571,17
363,34
1062,14
806,23
744,56
516,15
369,31
767,0
723,45
44,36
725,47
621,17
877,34
681,14
5477,23
655,56
277,15
362,31
798,0
2065,45
39,36
482,47
561,17
516,34
387,14
692,23
642,56
233,15
400,31
577,0
3190,45
35,36
965,47
2780,17
674,34
595,14
798,23
785,56
610,15
234,31
648,0
1024,45
55,36
522,47
517,17
418,34
208,14
861,23
562,56
167,15
415,31
683,0
868,45
43,36
1193,47
180,17
719,34
408,14
835,23
682,56
180,15
379,31
729,0
1902,45
49,36
991,47
188,17
1139,34
1831,14
573,23
649,56
211,15
423,31
748,0
698,45
51,36
605,47
166,17
767,34
449,14
521,23
605,56
174,15
474,31
834,0
1100,45
48,36
1266,47
201,17
926,34
310,14
499,23
621,56
389,15
374,31
735,0
1243,45
47,36
556,47
256,17
702,34
345,14
707,23
631,56
181,15
451,31
782,0
689,45
43,36
668,47
1024,17
231,34
1411,14
531,23
1377,56
221,15
390,31
656,0
771,45
58,36
949,47
197,17
812,34
411,14
466,23
1339,56
196,15
453,31
542,0
1160,45
50,36
975,47
199,17
708,34
804,14
455,23
742,56
210,15
455,31
1469,0
1522,45
50,36
1120,47
312,17
892,34
506,14
454,23
746,56
233,15
473,31
696,0
1442,45
50,36
2432,47
248,17
864,34
210,14
779,23
799,56
191,15
401,31
692,0
922,45
50,36
941,47
155,17
725,34
230,14
690,23
640,56
176,15
426,31
626,0
924,45
44,36
817,47
176,17
971,34
233,14
864,23
645,56
170,15
485,31
614,0
816,45
49,36
1028,47
224,17
712,34
252,14
590,23
627,56
255,15
441,31
631,0
1345,45
46,36
1083,47
412,17
644,34
236,14
666,23
658,56
212,15
403,31
715,0
772,45
45,36
804,47
257,17
582,34
188,14
489,23
711,56
160,15
419,31
529,0
998,45
50,36
470,47
230,17
534,34
431,14
517,23
788,56
272,15
429,31
557,0
839,45
70,36
908,47
171,17
708,34
222,14
430,23
704,56
208,15
368,31
621,0
522,45
49,36
1126,47
149,17
612,34
446,14
818,23
817,56
160,15
431,31
555,0
839,45
37,36
757,47
210,17
663,34
379,14
408,23
733,56
184,15
401,31
665,0
2365,45
69,36
808,47
167,17
653,34
433,14
530,23
911,56
566,15
254,31
555,0
1175,45
51,36
945,47
194,17
945,34
231,14
597,23
1094,56
611,15
304,31
1355,0
1645,45
49,36
1052,47
205,17
640,34
373,14
543,23
778,56
638,15
190,31
696,0
1133,45
48,36
614,47
225,17
692,34
248,14
464,23
647,56
404,15
274,31
608,0
1078,45
45,36
802,47
177,17
778,34
265,14
533,23
808,56
705,15
231,31
805,0
1210,45
62,36
776,47
218,17
696,34
236,14
503,23
703,56
250,15
485,31
626,0
1083,45
53,36
653,47
181,17
656,34
536,14
572,23
592,56
202,15
387,31
563,0
1005,45
47,36
684,47
215,17
566,34
362,14
374,23
619,56
162,15
446,31
591,0
507,45
51,36
660,47
176,17
689,34
208,14
452,23
595,56
202,15
417,31
691,0
617,45
43,36
669,47
365,17
698,34
201,14
446,23
605,56
118,15
527,31
771,0
769,45
45,36
681,47
234,17
723,34
392,14
365,23
619,56
236,15
379,31
598,0
711,45
40,36
889,47
163,17
616,34
278,14
407,23
676,56
217,15
433,31
524,0
915,45
51,36
792,47
164,17
618,34
273,14
979,23
618,56
116,15
424,31
463,0
504,45
55,36
772,47
144,17
709,34
350,14
410,23
609,56
233,15
399,31
537,0
1172,45
50,36
1160,47
231,17
814,34
878,14
426,23
578,56
232,15
545,31
695,0
1133,45
59,36
584,47
264,17
910,34
3077,14
363,23
1185,56
318,15
472,31
574,0
1036,45
47,36
631,47
168,17
646,34
259,14
432,23
628,56
206,15
400,31
493,0
538,45
49,36
715,47
234,17
519,34
287,14
499,23
559,56
239,15
390,31
517,0
520,45
50,36
678,47
193,17
609,34
398,14
426,23
638,56
179,15
382,31
464,0
597,45
44,36
638,47
273,17
593,34
213,14
734,23
604,56
142,15
507,31
516,0
866,45
46,36
577,47
346,17
701,34
212,14
512,23
598,56
171,15
429,31
587,0
505,45
48,36
555,47
210,17
639,34
363,14
490,23
626,56
198,15
434,31
629,0
625,45
51,36
493,47
205,17
494,34
302,14
438,23
592,56
175,15
389,31
508,0
629,45
49,36
858,47
166,17
737,34
326,14
440,23
645,56
216,15
590,31
667,0
731,45
45,36
733,47
252,17
689,34
230,14
450,23
611,56
190,15
413,31
565,0
810,45
41,36
554,47
225,17
559,34
247,14
513,23
670,56
214,15
407,31
493,0
705,45
45,36
669,47
214,17
515,34
333,14
620,23
654,56
232,15
358,31
577,0
767,45
44,36
533,47
247,17
501,34
333,14
738,23
639,56
221,15
393,31
559,0
819,45
38,36
697,47
210,17
498,34
393,14
400,23
591,56
165,15
411,31
526,0
515,45
45,36
474,47
176,17
532,34
283,14
400,23
651,56
208,15
382,31
541,0
917,45
48,36
1445,47
251,17
556,34
302,14
388,23
609,56
201,15
395,31
803,0
614,45
36,36
1157,47
189,17
798,34
697,14
398,23
611,56
240,15
474,31
751,0
721,45
47,36
899,47
190,17
738,34
1001,14
737,23
643,56
378,15
511,31
694,0
2204,45
54,36
982,47
241,17
671,34
559,14
449,23
610,56
248,15
419,31
576,0
916,45
40,36
1005,47
189,17
663,34
294,14
698,23
637,56
367,15
427,31
874,0
1041,45
45,36
938,47
290,17
491,34
501,14
570,23
621,56
339,15
485,31
633,0
1138,45
45,36
670,47
306,17
617,34
280,14
690,23
660,56
222,15
632,31
1535,0
1926,45
40,36
814,47
743,17
526,34
389,14
1016,23
689,56
262,15
382,31
609,0
935,45
49,36
701,47
319,17
523,34
455,14
648,23
626,56
337,15
379,31
557,0
805,45
57,36
1518,47
436,17
1176,34
951,14
898,23
702,56
305,15
503,31
1162,0
2106,45
45,36
704,47
435,17
646,34
546,14
613,23
571,56
325,15
379,31
570,0
718,45
40,36
1347,47
299,17
599,34
822,14
709,23
657,56
331,15
419,31
688,0
987,45
45,36
646,47
358,17
593,34
458,14
1081,23
722,56
356,15
585,31
734,0
1129,45
40,36
944,47
324,17
506,34
388,14
856,23
836,56
519,15
461,31
625,0
659,45
54,36
1694,47
293,17
542,34
348,14
749,23
907,56
527,15
294,31
582,0
742,45
50,36
979,47
591,17
2251,34
259,14
651,23
628,56
312,15
490,31
628,0
687,45
38,36
481,47
342,17
495,34
261,14
691,23
621,56
210,15
490,31
642,0
603,45
41,36
611,47
252,17
435,34
275,14
626,23
604,56
216,15
524,31
1098,0
533,45
42,36
423,47
255,17
495,34
263,14
613,23
637,56
204,15
400,31
528,0
514,45
42,36
724,47
212,17
520,34
245,14
717,23
648,56
270,15
419,31
521,0
534,45
44,36
730,47
192,17
637,34
248,14
667,23
640,56
378,15
346,31
531,0
948,45
57,36
767,47
231,17
557,34
339,14
740,23
743,56
216,15
422,31
661,0
2217,45
39,36
1726,47
390,17
614,34
259,14
746,23
693,56
305,15
491,31
549,0
1043,45
44,36
1603,47
238,17
1029,34
785,14
571,23
624,56
262,15
422,31
508,0
720,45
43,36
683,47
279,17
592,34
617,14
665,23
657,56
279,15
468,31
532,0
810,45
40,36
549,47
213,17
493,34
337,14
661,23
574,56
235,15
470,31
498,0
693,45
40,36
964,47
280,17
344,34
331,14
630,23
577,56
277,15
375,31
545,0
510,45
45,36
760,47
187,17
714,34
353,14
3690,23
702,56
286,15
393,31
531,0
771,45
36,36
850,47
251,17
485,34
251,14
681,23
645,56
375,15
395,31
543,0
787,45
44,36
813,47
209,17
555,34
304,14
657,23
728,56
481,15
543,31
603,0
787,45
37,36
507,47
328,17
511,34
515,14
749,23
731,56
254,15
614,31
618,0
699,45
34,36
539,47
324,17
456,34
410,14
710,23
692,56
440,15
383,31
587,0
735,45
36,36
828,47
211,17
566,34
355,14
720,23
666,56
320,15
423,31
586,0
837,45
40,36
1350,47
369,17
433,34
294,14
761,23
742,56
294,15
365,31
545,0
759,45
37,36
707,47
191,17
480,34
421,14
573,23
675,56
297,15
471,31
591,0
971,45
37,36
590,47
344,17
533,34
213,14
699,23
653,56
360,15
551,31
563,0
589,45
38,36
636,47
307,17
609,34
1053,14
646,23
757,56
670,15
593,31
614,0
735,45
31,36
585,47
375,17
1071,34
502,14
616,23
583,56
252,15
398,31
523,0
1784,45
49,36
780,47
291,17
604,34
2668,14
651,23
651,56
182,15
494,31
536,0
1014,45
37,36
491,47
293,17
406,34
285,14
625,23
583,56
240,15
403,31
676,0
705,45
38,36
478,47
296,17
473,34
373,14
681,23
740,56
305,15
413,31
515,0
1229,45
38,36
455,47
259,17
437,34
352,14
690,23
791,56
624,15
518,31
1062,0
1044,45
51,36
468,47
282,17
641,34
435,14
589,23
742,56
272,15
429,31
545,0
765,45
38,36
838,47
214,17
503,34
391,14
700,23
781,56
691,15
437,31
684,0
1182,45
31,36
944,47
222,17
784,34
483,14
1077,23
652,56
422,15
380,31
542,0
618,45
38,36
562,47
337,17
490,34
385,14
659,23
704,56
352,15
428,31
507,0
922,45
40,36
1273,47
206,17
595,34
1049,14
382,23
600,56
296,15
398,31
621,0
637,45
40,36
532,47
227,17
470,34
350,14
674,23
795,56
381,15
418,31
506,0
871,45
42,36
632,47
266,17
465,34
418,14
724,23
683,56
338,15
416,31
581,0
814,45
44,36
830,47
273,17
432,34
332,14
723,23
1650,56
307,15
825,31
578,0
831,45
39,36
495,47
316,17
673,34
270,14
725,23
617,56
318,15
358,31
474,0
966,45
43,36
1079,47
190,17
927,34
797,14
1079,23
781,56
222,15
608,31
521,0
823,45
40,36
786,47
240,17
618,34
251,14
725,23
636,56
343,15
359,31
555,0
1100,45
38,36
1819,47
223,17
939,34
2218,14
774,23
742,56
714,15
298,31
1280,0
1558,45
46,36
895,47
521,17
713,34
717,14
1033,23
917,56
341,15
412,31
605,0
829,45
49,36
874,47
331,17
514,34
341,14
596,23
588,56
260,15
435,31
657,0
541,45
44,36
886,47
197,17
610,34
313,14
636,23
652,56
234,15
419,31
670,0
779,45
44,36
921,47
242,17
530,34
506,14
818,23
908,56
323,15
483,31
698,0
770,45
46,36
531,47
314,17
526,34
390,14
1183,23
705,56
262,15
444,31
706,0
1119,45
34,36
511,47
328,17
654,34
324,14
750,23
722,56
263,15
574,31
626,0
814,45
38,36
1327,47
712,17
338,34
521,14
770,23
605,56
261,15
457,31
496,0
468,45
36,36
914,47
607,17
398,34
403,14
754,23
707,56
324,15
536,31
607,0
965,45
34,36
517,47
320,17
415,34
388,14
742,23
669,56
219,15
476,31
621,0
765,45
52,36
1904,47
295,17
774,34
432,14
701,23
610,56
349,15
342,31
587,0
2185,45
35,36
1873,47
619,17
557,34
786,14
1233,23
682,56
354,15
442,31
613,0
1351,45
30,36
974,47
218,17
522,34
329,14
681,23
631,56
305,15
385,31
555,0
705,45
38,36
1412,47
297,17
603,34
716,14
694,23
646,56
229,15
412,31
575,0
979,45
45,36
1185,47
205,17
866,34
733,14
952,23
774,56
459,15
366,31
542,0
722,45
38,36
1077,47
210,17
779,34
417,14
668,23
601,56
296,15
402,31
530,0
734,45
42,36
1272,47
273,17
366,34
538,14
472,23
629,56
240,15
394,31
535,0
604,45
44,36
1113,47
203,17
462,34
362,14
811,23
1229,56
512,15
374,31
718,0
1356,45
44,36
653,47
287,17
441,34
704,14
1112,23
1000,56
391,15
398,31
654,0
1268,45
38,36
665,47
401,17
976,34
416,14
653,23
626,56
234,15
423,31
595,0
942,45
37,36
761,47
234,17
617,34
395,14
962,23
716,56
294,15
537,31
786,0
765,45
41,36
506,47
271,17
334,34
359,14
655,23
595,56
227,15
514,31
646,0
996,45
38,36
2335,47
415,17
453,34
284,14
677,23
879,56
526,15
350,31
691,0
901,45
33,36
1121,47
275,17
433,34
1101,14
1691,23
697,56
217,15
591,31
625,0
1101,45
35,36
556,47
277,17
430,34
316,14
659,23
607,56
203,15
443,31
571,0
875,45
42,36
524,47
309,17
516,34
423,14
571,23
713,56
268,15
428,31
573,0
1149,45
40,36
347,47
302,17
363,34
311,14
730,23
626,56
228,15
417,31
604,0
943,45
33,36
638,47
253,17
358,34
334,14
637,23
573,56
128,15
482,31
554,0
491,45
40,36
520,47
270,17
508,34
216,14
756,23
600,56
200,15
399,31
544,0
651,45
38,36
488,47
277,17
490,34
229,14
701,23
608,56
166,15
453,31
516,0
539,45
42,36
573,47
201,17
521,34
275,14
706,23
610,56
237,15
396,31
540,0
557,45
47,36
533,47
348,17
332,34
299,14
728,23
598,56
140,15
423,31
508,0
515,45
45,36
836,47
191,17
472,34
330,14
689,23
677,56
214,15
449,31
488,0
539,45
48,36
786,47
250,17
434,34
415,14
663,23
642,56
186,15
425,31
599,0
682,45
33,36
701,47
372,17
308,34
518,14
791,23
626,56
271,15
546,31
644,0
657,45
36,36
982,47
195,17
417,34
778,14
1475,23
656,56
470,15
366,31
548,0
721,45
40,36
556,47
418,17
591,34
2713,14
1172,23
640,56
225,15
494,31
510,0
956,45
49,36
579,47
222,17
488,34
505,14
728,23
630,56
200,15
395,31
598,0
553,45
49,36
547,47
318,17
362,34
385,14
683,23
669,56
492,15
539,31
624,0
787,45
41,36
905,47
697,17
822,34
577,14
872,23
1032,56
400,15
382,31
640,0
767,45
50,36
558,47
283,17
382,34
370,14
685,23
637,56
255,15
421,31
596,0
719,45
38,36
1006,47
259,17
448,34
828,14
977,23
822,56
379,15
473,31
957,0
1222,45
36,36
530,47
450,17
461,34
431,14
613,23
611,56
209,15
455,31
613,0
731,45
29,36
1271,47
522,17
530,34
516,14
772,23
711,56
455,15
475,31
608,0
903,45
39,36
466,47
271,17
482,34
399,14
646,23
600,56
208,15
419,31
503,0
693,45
38,36
688,47
225,17
516,34
333,14
647,23
645,56
247,15
455,31
543,0
721,45
34,36
435,47
328,17
330,34
322,14
674,23
609,56
335,15
510,31
691,0
689,45
31,36
695,47
331,17
446,34
991,14
473,23
803,56
251,15
481,31
597,0
728,45
45,36
608,47
590,17
525,34
233,14
678,23
670,56
317,15
512,31
632,0
1180,45
48,36
905,47
281,17
457,34
339,14
702,23
726,56
395,15
457,31
640,0
845,45
54,36
578,47
332,17
571,34
780,14
802,23
666,56
310,15
374,31
904,0
964,45
53,36
620,47
269,17
673,34
656,14
624,23
691,56
471,15
240,31
572,0
727,45
46,36
742,47
285,17
440,34
378,14
653,23
698,56
488,15
285,31
794,0
870,45
45,36
623,47
260,17
496,34
434,14
646,23
697,56
415,15
312,31
700,0
793,45
42,36
703,47
312,17
525,34
976,14
857,23
728,56
327,15
379,31
617,0
638,45
51,36
487,47
309,17
391,34
383,14
632,23
646,56
236,15
409,31
581,0
645,45
42,36
501,47
276,17
411,34
459,14
810,23
746,56
269,15
477,31
603,0
1054,45
61,36
1057,47
270,17
492,34
633,14
673,23
697,56
303,15
462,31
566,0
1135,45
50,36
1109,47
270,17
609,34
463,14
693,23
649,56
227,15
445,31
578,0
1159,45
53,36
746,47
243,17
643,34
400,14
933,23
734,56
339,15
374,31
613,0
1310,45
46,36
1124,47
218,17
631,34
389,14
797,23
757,56
346,15
379,31
788,0
856,45
53,36
940,47
276,17
517,34
525,14
610,23
672,56
251,15
404,31
681,0
848,45
52,36
566,47
316,17
416,34
287,14
636,23
628,56
265,15
366,31
522,0
759,45
55,36
772,47
244,17
452,34
477,14
615,23
649,56
246,15
383,31
558,0
826,45
54,36
442,47
272,17
352,34
327,14
635,23
656,56
335,15
342,31
551,0
835,45
52,36
414,47
292,17
394,34
376,14
671,23
653,56
306,15
458,31
591,0
626,45
61,36
539,47
277,17
419,34
315,14
710,23
675,56
270,15
426,31
637,0
577,45
50,36
451,47
253,17
374,34
393,14
655,23
743,56
215,15
455,31
567,0
588,45
55,36
483,47
293,17
426,34
468,14
620,23
725,56
258,15
420,31
550,0
638,45
58,36
508,47
273,17
352,34
408,14
647,23
633,56
355,15
396,31
582,0
739,45
54,36
483,47
316,17
397,34
386,14
632,23
725,56
354,15
361,31
578,0
666,45
44,36
533,47
304,17
429,34
304,14
670,23
707,56
378,15
312,31
798,0
1053,45
60,36
590,47
289,17
497,34
572,14
725,23
785,56
285,15
452,31
548,0
755,45
41,36
707,47
226,17
456,34
345,14
568,23
631,56
214,15
399,31
572,0
770,45
46,36
711,47
238,17
447,34
313,14
685,23
704,56
449,15
351,31
1005,0
746,45
38,36
965,47
309,17
773,34
1460,14
728,23
640,56
277,15
401,31
521,0
762,45
59,36
791,47
265,17
491,34
648,14
886,23
1231,56
345,15
374,31
581,0
751,45
48,36
759,47
338,17
347,34
348,14
675,23
663,56
302,15
363,31
534,0
709,45
49,36
464,47
282,17
352,34
378,14
925,23
655,56
283,15
431,31
536,0
777,45
46,36
434,47
275,17
404,34
395,14
631,23
639,56
282,15
397,31
559,0
991,45
58,36
1119,47
370,17
526,34
344,14
658,23
582,56
208,15
445,31
548,0
818,45
47,36
560,47
291,17
302,34
349,14
620,23
660,56
215,15
492,31
582,0
683,45
54,36
457,47
234,17
372,34
358,14
639,23
621,56
276,15
423,31
665,0
1355,45
29,36
461,47
268,17
370,34
649,14
1739,23
1003,56
347,15
325,31
699,0
1088,45
38,36
586,47
262,17
377,34
972,14
670,23
608,56
308,15
344,31
580,0
537,45
41,36
517,47
197,17
439,34
379,14
605,23
611,56
273,15
440,31
575,0
579,45
44,36
503,47
232,17
368,34
322,14
649,23
643,56
239,15
508,31
566,0
746,45
45,36
764,47
196,17
428,34
792,14
978,23
648,56
298,15
368,31
571,0
1070,45
50,36
765,47
710,17
616,34
368,14
695,23
674,56
279,15
369,31
547,0
662,45
44,36
608,47
228,17
524,34
543,14
675,23
667,56
413,15
306,31
647,0
850,45
42,36
373,47
260,17
406,34
510,14
719,23
873,56
487,15
397,31
729,0
1468,45
39,36
426,47
399,17
430,34
537,14
887,23
860,56
648,15
387,31
588,0
954,45
52,36
1084,47
324,17
379,34
675,14
536,23
681,56
448,15
216,31
542,0
681,45
45,36
376,47
296,17
295,34
438,14
615,23
632,56
297,15
411,31
470,0
501,45
35,36
399,47
249,17
363,34
391,14
581,23
584,56
186,15
427,31
463,0
478,45
48,36
542,47
223,17
416,34
361,14
572,23
854,56
390,15
368,31
597,0
611,45
46,36
435,47
293,17
321,34
413,14
641,23
623,56
269,15
596,31
524,0
625,45
48,36
482,47
240,17
439,34
368,14
657,23
671,56
305,15
423,31
572,0
779,45
55,36
735,47
193,17
518,34
378,14
715,23
624,56
181,15
581,31
602,0
711,45
71,36
821,47
802,17
299,34
416,14
621,23
629,56
191,15
399,31
502,0
666,45
62,36
789,47
190,17
552,34
324,14
625,23
700,56
229,15
362,31
563,0
551,45
56,36
614,47
246,17
454,34
357,14
613,23
803,56
372,15
413,31
558,0
505,45
53,36
796,47
157,17
557,34
259,14
671,23
686,56
170,15
476,31
511,0
526,45
53,36
717,47
163,17
555,34
327,14
688,23
847,56
322,15
450,31
555,0
560,45
49,36
624,47
188,17
534,34
303,14
669,23
692,56
247,15
412,31
549,0
509,45
51,36
731,47
220,17
550,34
230,14
631,23
679,56
469,15
276,31
532,0
529,45
57,36
624,47
210,17
498,34
356,14
621,23
657,56
194,15
393,31
517,0
580,45
50,36
616,47
187,17
506,34
283,14
650,23
721,56
272,15
413,31
541,0
504,45
40,36
575,47
195,17
472,34
332,14
611,23
637,56
244,15
379,31
537,0
468,45
50,36
586,47
179,17
482,34
319,14
600,23
676,56
218,15
393,31
549,0
640,45
52,36
594,47
207,17
506,34
390,14
425,23
672,56
302,15
290,31
546,0
594,45
59,36
584,47
203,17
495,34
330,14
668,23
637,56
250,15
358,31
501,0
487,45
58,36
468,47
171,17
460,34
403,14
557,23
624,56
185,15
390,31
508,0
482,45
54,36
582,47
194,17
458,34
356,14
553,23
589,56
228,15
345,31
512,0
518,45
41,36
466,47
204,17
433,34
340,14
528,23
600,56
339,15
257,31
520,0
489,45
51,36
511,47
249,17
507,34
391,14
447,23
638,56
217,15
347,31
547,0
516,45
56,36
543,47
235,17
443,34
299,14
632,23
655,56
217,15
516,31
589,0
549,45
61,36
535,47
223,17
474,34
277,14
620,23
622,56
300,15
266,31
501,0
533,45
56,36
472,47
174,17
468,34
367,14
635,23
671,56
234,15
372,31
513,0
504,45
47,36
521,47
196,17
474,34
370,14
581,23
632,56
207,15
344,31
508,0
461,45
51,36
618,47
269,17
491,34
371,14
454,23
882,56
318,15
358,31
553,0
520,45
38,36
553,47
174,17
471,34
391,14
581,23
655,56
204,15
348,31
479,0
527,45
41,36
566,47
168,17
421,34
334,14
662,23
625,56
172,15
490,31
510,0
482,45
39,36
503,47
181,17
460,34
373,14
685,23
606,56
222,15
339,31
537,0
532,45
48,36
423,47
194,17
416,34
374,14
618,23
639,56
219,15
370,31
454,0
527,45
47,36
512,47
184,17
475,34
356,14
709,23
656,56
329,15
294,31
513,0
526,45
40,36
960,47
220,17
476,34
320,14
660,23
638,56
294,15
339,31
513,0
545,45
45,36
539,47
173,17
466,34
326,14
578,23
619,56
368,15
288,31
507,0
487,45
57,36
525,47
186,17
450,34
433,14
494,23
631,56
265,15
501,31
636,0
828,45
52,36
959,47
259,17
485,34
267,14
661,23
637,56
253,15
376,31
518,0
615,45
53,36
527,47
180,17
429,34
440,14
776,23
681,56
262,15
310,31
599,0
555,45
44,36
553,47
188,17
436,34
437,14
672,23
655,56
275,15
412,31
518,0
689,45
67,36
555,47
236,17
446,34
386,14
659,23
663,56
315,15
375,31
554,0
568,45
60,36
473,47
215,17
445,34
373,14
702,23
662,56
228,15
360,31
524,0
528,45
52,36
497,47
186,17
442,34
385,14
654,23
706,56
206,15
397,31
492,0
498,45
55,36
474,47
203,17
416,34
383,14
643,23
645,56
149,15
442,31
471,0
491,45
50,36
511,47
185,17
451,34
342,14
603,23
589,56
218,15
431,31
467,0
467,45
42,36
454,47
189,17
426,34
389,14
678,23
670,56
214,15
374,31
505,0
524,45
49,36
870,47
267,17
417,34
383,14
605,23
669,56
208,15
484,31
481,0
808,45
61,36
821,47
265,17
379,34
308,14
647,23
663,56
477,15
276,31
991,0
481,45
43,36
788,47
235,17
423,34
419,14
606,23
594,56
253,15
397,31
520,0
501,45
35,36
518,47
152,17
477,34
407,14
597,23
600,56
242,15
426,31
548,0
510,45
49,36
635,47
181,17
497,34
539,14
514,23
661,56
250,15
334,31
496,0
658,45
57,36
598,47
259,17
418,34
384,14
704,23
652,56
164,15
413,31
516,0
822,45
51,36
608,47
181,17
459,34
523,14
741,23
647,56
192,15
511,31
471,0
489,45
47,36
583,47
208,17
398,34
440,14
645,23
623,56
177,15
436,31
513,0
486,45
45,36
550,47
194,17
458,34
436,14
708,23
659,56
198,15
417,31
607,0
751,45
69,36
738,47
220,17
489,34
397,14
703,23
620,56
192,15
416,31
641,0
607,45
50,36
532,47
200,17
516,34
375,14
882,23
657,56
367,15
368,31
526,0
869,45
47,36
739,47
238,17
525,34
334,14
656,23
686,56
270,15
598,31
620,0
987,45
36,36
641,47
215,17
492,34
396,14
618,23
666,56
220,15
450,31
563,0
457,45
51,36
496,47
345,17
410,34
371,14
687,23
726,56
222,15
441,31
576,0
612,45
59,36
557,47
420,17
523,34
215,14
650,23
680,56
162,15
424,31
521,0
488,45
39,36
528,47
217,17
411,34
333,14
665,23
667,56
204,15
460,31
554,0
540,45
50,36
587,47
194,17
452,34
399,14
701,23
622,56
228,15
378,31
545,0
527,45
53,36
514,47
227,17
366,34
345,14
646,23
757,56
189,15
552,31
510,0
552,45
50,36
470,47
284,17
399,34
320,14
633,23
642,56
204,15
434,31
564,0
504,45
71,36
475,47
248,17
390,34
376,14
584,23
692,56
221,15
382,31
549,0
495,45
52,36
479,47
356,17
349,34
330,14
697,23
648,56
259,15
383,31
551,0
505,45
48,36
496,47
253,17
412,34
436,14
641,23
630,56
223,15
400,31
569,0
511,45
53,36
472,47
276,17
426,34
355,14
700,23
650,56
226,15
419,31
531,0
472,45
67,36
488,47
242,17
440,34
347,14
586,23
626,56
231,15
404,31
560,0
531,45
47,36
493,47
217,17
442,34
346,14
743,23
628,56
248,15
424,31
541,0
519,45
50,36
478,47
290,17
416,34
402,14
562,23
654,56
239,15
388,31
538,0
484,45
41,36
551,47
193,17
481,34
375,14
665,23
708,56
193,15
396,31
521,0
471,45
44,36
615,47
209,17
428,34
1108,14
1132,23
698,56
341,15
516,31
799,0
1156,45
47,36
578,47
247,17
395,34
341,14
724,23
701,56
332,15
385,31
596,0
1240,45
72,36
644,47
252,17
481,34
359,14
642,23
692,56
226,15
456,31
589,0
593,45
35,36
607,47
348,17
392,34
358,14
652,23
663,56
343,15
348,31
557,0
569,45
52,36
441,47
351,17
402,34
666,14
703,23
727,56
301,15
471,31
553,0
440,45
38,36
589,47
183,17
464,34
323,14
710,23
672,56
214,15
411,31
500,0
557,45
51,36
522,47
317,17
360,34
386,14
685,23
739,56
222,15
453,31
546,0
539,45
55,36
492,47
285,17
397,34
489,14
643,23
650,56
244,15
522,31
539,0
492,45
45,36
442,47
246,17
403,34
588,14
634,23
715,56
237,15
470,31
552,0
563,45
54,36
379,47
291,17
290,34
596,14
688,23
809,56
240,15
486,31
567,0
549,45
49,36
744,47
199,17
511,34
455,14
661,23
665,56
169,15
497,31
519,0
479,45
43,36
743,47
222,17
423,34
458,14
609,23
720,56
290,15
420,31
618,0
443,45
38,36
382,47
297,17
281,34
323,14
670,23
624,56
153,15
437,31
555,0
485,45
40,36
503,47
364,17
390,34
227,14
692,23
604,56
208,15
447,31
545,0
496,45
44,36
444,47
320,17
338,34
585,14
600,23
694,56
257,15
466,31
648,0
592,45
41,36
603,47
287,17
299,34
331,14
601,23
598,56
354,15
369,31
525,0
475,45
48,36
429,47
293,17
399,34
459,14
583,23
667,56
360,15
324,31
543,0
511,45
40,36
547,47
318,17
329,34
536,14
482,23
640,56
229,15
431,31
510,0
479,45
36,36
542,47
218,17
392,34
442,14
771,23
856,56
274,15
399,31
633,0
565,45
48,36
517,47
302,17
304,34
425,14
606,23
683,56
225,15
376,31
564,0
536,45
35,36
436,47
267,17
299,34
403,14
641,23
667,56
234,15
374,31
553,0
559,45
55,36
544,47
223,17
384,34
542,14
601,23
612,56
239,15
411,31
660,0
645,45
53,36
483,47
171,17
405,34
323,14
632,23
653,56
214,15
449,31
632,0
598,45
52,36
504,47
299,17
403,34
768,14
585,23
584,56
227,15
535,31
530,0
507,45
49,36
448,47
245,17
368,34
390,14
644,23
642,56
430,15
363,31
808,0
512,45
42,36
480,47
322,17
305,34
390,14
573,23
600,56
257,15
402,31
564,0
483,45
41,36
524,47
248,17
404,34
409,14
714,23
683,56
465,15
311,31
591,0
482,45
38,36
437,47
295,17
338,34
369,14
715,23
717,56
280,15
406,31
556,0
539,45
50,36
722,47
170,17
440,34
356,14
681,23
703,56
249,15
392,31
568,0
547,45
50,36
592,47
254,17
383,34
445,14
621,23
668,56
231,15
408,31
548,0
560,45
54,36
576,47
179,17
425,34
452,14
561,23
675,56
233,15
448,31
524,0
542,45
51,36
608,47
203,17
389,34
480,14
832,23
902,56
342,15
352,31
593,0
445,45
42,36
479,47
331,17
322,34
416,14
639,23
672,56
213,15
543,31
559,0
575,45
47,36
739,47
667,17
478,34
642,14
648,23
609,56
442,15
465,31
848,0
1439,45
71,36
763,47
335,17
656,34
873,14
408,23
633,56
387,15
344,31
524,0
827,45
59,36
990,47
258,17
826,34
401,14
759,23
807,56
541,15
396,31
869,0
1574,45
69,36
1170,47
370,17
506,34
1884,14
2129,23
625,56
316,15
406,31
512,0
619,45
64,36
1315,47
239,17
430,34
358,14
727,23
828,56
590,15
277,31
671,0
1292,45
75,36
881,47
224,17
512,34
278,14
724,23
714,56
306,15
391,31
561,0
1079,45
57,36
1230,47
241,17
1112,34
391,14
2668,23
1199,56
475,15
296,31
547,0
798,45
52,36
950,47
190,17
523,34
742,14
1333,23
729,56
437,15
277,31
623,0
1523,45
52,36
650,47
251,17
404,34
372,14
1029,23
1172,56
290,15
370,31
646,0
1188,45
78,36
1772,47
348,17
439,34
2537,14
368,23
1417,56
260,15
377,31
496,0
974,45
47,36
1160,47
266,17
609,34
517,14
3970,23
1148,56
466,15
422,31
607,0
1026,45
42,36
781,47
236,17
669,34
543,14
1724,23
1216,56
608,15
181,31
600,0
844,45
58,36
649,47
332,17
432,34
621,14
687,23
694,56
362,15
498,31
644,0
1007,45
62,36
829,47
342,17
611,34
791,14
1706,23
760,56
584,15
390,31
701,0
1070,45
52,36
862,47
239,17
490,34
625,14
1043,23
1187,56
610,15
283,31
488,0
751,45
59,36
558,47
250,17
384,34
557,14
2013,23
714,56
413,15
320,31
517,0
639,45
64,36
663,47
326,17
357,34
683,14
1203,23
671,56
271,15
385,31
560,0
631,45
66,36
611,47
168,17
438,34
1430,14
1259,23
771,56
287,15
365,31
701,0
849,45
59,36
805,47
399,17
395,34
411,14
750,23
777,56
624,15
204,31
569,0
988,45
66,36
480,47
388,17
400,34
519,14
704,23
707,56
272,15
499,31
778,0
979,45
61,36
475,47
280,17
400,34
435,14
611,23
707,56
366,15
441,31
714,0
2130,45
54,36
634,47
298,17
427,34
653,14
932,23
1158,56
358,15
360,31
544,0
832,45
49,36
497,47
308,17
391,34
1085,14
741,23
688,56
243,15
353,31
517,0
636,45
65,36
555,47
233,17
448,34
662,14
1055,23
1010,56
537,15
283,31
609,0
1353,45
50,36
750,47
194,17
492,34
502,14
573,23
708,56
448,15
411,31
674,0
665,45
64,36
495,47
241,17
364,34
440,14
658,23
644,56
314,15
466,31
938,0
1105,45
54,36
960,47
194,17
888,34
1138,14
783,23
994,56
356,15
374,31
532,0
793,45
58,36
594,47
174,17
427,34
671,14
1268,23
669,56
328,15
487,31
568,0
850,45
48,36
1317,47
203,17
456,34
329,14
729,23
1117,56
426,15
395,31
564,0
1040,45
58,36
567,47
266,17
391,34
357,14
703,23
740,56
283,15
407,31
548,0
751,45
58,36
510,47
387,17
303,34
445,14
626,23
654,56
405,15
322,31
561,0
848,45
52,36
551,47
241,17
473,34
489,14
685,23
692,56
305,15
463,31
522,0
699,45
61,36
508,47
196,17
453,34
363,14
732,23
663,56
324,15
376,31
577,0
685,45
57,36
828,47
307,17
329,34
381,14
551,23
624,56
284,15
495,31
530,0
908,45
55,36
499,47
252,17
418,34
479,14
779,23
668,56
301,15
386,31
557,0
721,45
55,36
528,47
199,17
407,34
428,14
743,23
633,56
233,15
389,31
602,0
810,45
62,36
450,47
308,17
330,34
451,14
788,23
1075,56
316,15
342,31
573,0
896,45
57,36
645,47
246,17
430,34
378,14
451,23
651,56
275,15
329,31
519,0
854,45
53,36
503,47
305,17
372,34
437,14
627,23
680,56
255,15
391,31
584,0
516,45
50,36
521,47
302,17
315,34
351,14
440,23
616,56
236,15
402,31
496,0
595,45
68,36
485,47
211,17
399,34
403,14
589,23
653,56
246,15
417,31
494,0
716,45
49,36
638,47
305,17
357,34
394,14
663,23
804,56
369,15
379,31
581,0
649,45
68,36
1000,47
498,17
400,34
337,14
725,23
612,56
203,15
478,31
625,0
746,45
71,36
527,47
211,17
427,34
391,14
668,23
623,56
366,15
351,31
530,0
696,45
68,36
585,47
259,17
406,34
446,14
672,23
668,56
284,15
421,31
569,0
837,45
53,36
543,47
235,17
440,34
357,14
570,23
764,56
366,15
390,31
717,0
933,45
53,36
593,47
346,17
322,34
389,14
607,23
629,56
230,15
387,31
542,0
687,45
53,36
495,47
300,17
325,34
451,14
599,23
648,56
260,15
453,31
545,0
733,45
47,36
473,47
318,17
332,34
405,14
661,23
622,56
351,15
374,31
729,0
857,45
70,36
503,47
276,17
354,34
360,14
765,23
658,56
141,15
465,31
511,0
619,45
51,36
