896,47
1417,17
186,34
1370,14
765,23
1625,56
228,15
446,31
403,0
1649,45
58,36
1525,47
1666,17
213,34
1022,14
581,23
882,56
168,15
295,31
388,0
812,45
49,36
1167,47
1120,17
193,34
992,14
1292,23
678,56
159,15
336,31
318,0
402,45
28,36
642,47
891,17
179,34
519,14
600,23
594,56
154,15
522,31
546,0
1330,45
73,36
917,47
563,17
179,34
787,14
650,23
753,56
167,15
433,31
864,0
1991,45
117,36
759,47
735,17
168,34
378,14
805,23
613,56
159,15
322,31
464,0
398,45
55,36
1668,47
850,17
181,34
549,14
566,23
647,56
165,15
368,31
377,0
443,45
52,36
731,47
607,17
174,34
423,14
922,23
1324,56
202,15
415,31
411,0
360,45
47,36
557,47
621,17
169,34
545,14
611,23
525,56
177,15
479,31
363,0
366,45
48,36
1298,47
841,17
141,34
364,14
657,23
759,56
108,15
291,31
317,0
292,45
49,36
533,47
907,17
185,34
984,14
587,23
517,56
171,15
295,31
405,0
369,45
66,36
676,47
610,17
168,34
725,14
455,23
547,56
141,15
327,31
448,0
374,45
51,36
832,47
754,17
164,34
580,14
539,23
502,56
193,15
336,31
372,0
356,45
53,36
717,47
601,17
175,34
680,14
544,23
528,56
143,15
301,31
357,0
330,45
46,36
630,47
814,17
169,34
938,14
926,23
576,56
201,15
386,31
473,0
348,45
48,36
1905,47
653,17
254,34
560,14
486,23
495,56
162,15
352,31
498,0
405,45
51,36
1012,47
772,17
187,34
1182,14
496,23
539,56
164,15
308,31
500,0
455,45
46,36
974,47
1129,17
182,34
710,14
595,23
510,56
150,15
328,31
391,0
373,45
52,36
770,47
589,17
163,34
435,14
493,23
448,56
157,15
378,31
440,0
407,45
49,36
784,47
634,17
185,34
401,14
568,23
578,56
150,15
324,31
394,0
540,45
62,36
693,47
446,17
193,34
835,14
1369,23
951,56
178,15
274,31
410,0
457,45
55,36
757,47
782,17
174,34
731,14
675,23
484,56
155,15
351,31
423,0
320,45
61,36
716,47
512,17
221,34
622,14
501,23
508,56
125,15
379,31
375,0
416,45
82,36
854,47
459,17
193,34
1828,14
850,23
522,56
150,15
361,31
373,0
443,45
58,36
614,47
424,17
175,34
463,14
640,23
490,56
160,15
323,31
341,0
418,45
59,36
874,47
651,17
218,34
916,14
593,23
482,56
153,15
326,31
446,0
494,45
54,36
605,47
507,17
176,34
1117,14
508,23
733,56
175,15
383,31
427,0
455,45
57,36
508,47
461,17
182,34
2161,14
651,23
524,56
160,15
355,31
346,0
386,45
49,36
709,47
1116,17
189,34
425,14
653,23
538,56
154,15
310,31
437,0
457,45
62,36
685,47
663,17
161,34
991,14
506,23
411,56
158,15
308,31
481,0
425,45
50,36
470,47
458,17
181,34
729,14
622,23
475,56
148,15
323,31
398,0
425,45
75,36
625,47
425,17
250,34
1316,14
732,23
504,56
152,15
375,31
320,0
410,45
52,36
482,47
469,17
172,34
481,14
627,23
482,56
162,15
354,31
380,0
418,45
76,36
615,47
530,17
174,34
690,14
579,23
469,56
146,15
369,31
343,0
563,45
58,36
593,47
752,17
207,34
396,14
1074,23
653,56
177,15
258,31
486,0
441,45
55,36
672,47
436,17
216,34
863,14
585,23
433,56
156,15
328,31
363,0
419,45
65,36
802,47
588,17
167,34
645,14
582,23
472,56
112,15
356,31
318,0
409,45
67,36
1196,47
466,17
210,34
604,14
636,23
563,56
174,15
293,31
461,0
525,45
53,36
502,47
529,17
172,34
794,14
539,23
491,56
149,15
322,31
383,0
453,45
40,36
520,47
488,17
193,34
587,14
492,23
427,56
163,15
427,31
419,0
400,45
50,36
895,47
399,17
203,34
439,14
1057,23
594,56
138,15
291,31
379,0
441,45
59,36
1432,47
546,17
179,34
418,14
585,23
431,56
124,15
371,31
420,0
377,45
53,36
587,47
472,17
204,34
404,14
732,23
497,56
127,15
386,31
337,0
402,45
48,36
503,47
444,17
191,34
421,14
553,23
451,56
187,15
388,31
396,0
406,45
48,36
619,47
357,17
204,34
797,14
552,23
517,56
160,15
390,31
369,0
523,45
58,36
524,47
448,17
160,34
699,14
519,23
472,56
132,15
379,31
345,0
563,45
58,36
652,47
402,17
216,34
477,14
614,23
485,56
119,15
382,31
426,0
512,45
54,36
885,47
519,17
199,34
646,14
648,23
511,56
152,15
346,31
349,0
550,45
55,36
797,47
448,17
183,34
1007,14
660,23
431,56
151,15
338,31
356,0
568,45
52,36
614,47
415,17
211,34
897,14
702,23
504,56
169,15
299,31
360,0
380,45
43,36
271,47
327,17
524,34
755,14
651,23
861,56
193,15
277,31
389,0
399,45
43,36
426,47
367,17
499,34
1039,14
754,23
463,56
175,15
598,31
363,0
478,45
48,36
764,47
383,17
211,34
1217,14
1185,23
876,56
190,15
376,31
372,0
442,45
49,36
1250,47
730,17
173,34
261,14
846,23
781,56
146,15
312,31
725,0
377,45
56,36
1017,47
417,17
201,34
446,14
1153,23
639,56
170,15
361,31
331,0
403,45
50,36
536,47
370,17
685,34
2577,14
800,23
485,56
165,15
328,31
373,0
397,45
30,36
826,47
820,17
188,34
297,14
528,23
500,56
146,15
443,31
374,0
427,45
51,36
462,47
534,17
197,34
950,14
554,23
490,56
174,15
365,31
348,0
2412,45
60,36
683,47
818,17
191,34
705,14
2355,23
489,56
216,15
317,31
336,0
375,45
40,36
516,47
482,17
179,34
325,14
1009,23
449,56
270,15
210,31
375,0
365,45
47,36
600,47
482,17
147,34
378,14
609,23
495,56
161,15
353,31
515,0
413,45
51,36
846,47
424,17
167,34
889,14
703,23
465,56
167,15
346,31
360,0
385,45
49,36
783,47
419,17
174,34
625,14
768,23
486,56
169,15
339,31
317,0
544,45
46,36
643,47
456,17
169,34
456,14
629,23
700,56
184,15
390,31
357,0
431,45
46,36
710,47
389,17
145,34
666,14
592,23
488,56
171,15
371,31
514,0
429,45
47,36
577,47
424,17
150,34
439,14
566,23
468,56
141,15
363,31
359,0
433,45
53,36
642,47
464,17
145,34
347,14
514,23
447,56
155,15
347,31
367,0
498,45
39,36
580,47
431,17
199,34
506,14
822,23
482,56
125,15
400,31
405,0
655,45
42,36
656,47
341,17
200,34
609,14
576,23
434,56
133,15
391,31
325,0
423,45
55,36
676,47
455,17
186,34
361,14
861,23
505,56
135,15
369,31
368,0
463,45
52,36
644,47
395,17
198,34
461,14
492,23
413,56
142,15
358,31
351,0
597,45
48,36
783,47
452,17
213,34
326,14
648,23
467,56
161,15
375,31
344,0
365,45
44,36
634,47
440,17
202,34
415,14
772,23
448,56
162,15
371,31
324,0
401,45
51,36
758,47
400,17
195,34
376,14
623,23
425,56
151,15
385,31
339,0
376,45
53,36
761,47
321,17
176,34
827,14
541,23
458,56
146,15
357,31
327,0
524,45
61,36
611,47
388,17
180,34
467,14
887,23
685,56
224,15
357,31
560,0
412,45
48,36
486,47
358,17
175,34
464,14
534,23
412,56
132,15
340,31
332,0
337,45
54,36
607,47
488,17
178,34
421,14
603,23
443,56
193,15
343,31
317,0
416,45
48,36
472,47
350,17
215,34
507,14
669,23
449,56
162,15
395,31
374,0
393,45
45,36
572,47
402,17
195,34
437,14
567,23
411,56
188,15
330,31
326,0
348,45
45,36
566,47
476,17
185,34
522,14
536,23
421,56
133,15
331,31
348,0
440,45
53,36
467,47
330,17
184,34
452,14
586,23
409,56
124,15
376,31
351,0
381,45
47,36
517,47
437,17
183,34
622,14
527,23
400,56
184,15
335,31
361,0
437,45
47,36
476,47
399,17
190,34
434,14
498,23
476,56
157,15
351,31
312,0
345,45
52,36
460,47
480,17
184,34
591,14
495,23
436,56
164,15
404,31
327,0
334,45
55,36
579,47
453,17
213,34
507,14
595,23
490,56
222,15
374,31
327,0
451,45
56,36
716,47
349,17
198,34
359,14
594,23
420,56
176,15
332,31
334,0
406,45
54,36
587,47
374,17
177,34
450,14
585,23
416,56
148,15
344,31
353,0
370,45
42,36
539,47
381,17
316,34
410,14
497,23
403,56
213,15
370,31
314,0
333,45
51,36
484,47
401,17
206,34
1457,14
925,23
445,56
157,15
317,31
300,0
351,45
41,36
611,47
470,17
293,34
719,14
757,23
456,56
124,15
320,31
311,0
333,45
42,36
505,47
364,17
211,34
432,14
677,23
398,56
181,15
335,31
348,0
372,45
54,36
789,47
395,17
254,34
430,14
1017,23
540,56
179,15
294,31
670,0
415,45
51,36
640,47
402,17
161,34
945,14
505,23
403,56
138,15
330,31
480,0
330,45
57,36
556,47
365,17
183,34
366,14
568,23
418,56
160,15
380,31
347,0
343,45
53,36
554,47
336,17
227,34
388,14
668,23
484,56
153,15
364,31
342,0
345,45
44,36
554,47
361,17
189,34
397,14
634,23
394,56
137,15
356,31
343,0
367,45
42,36
507,47
363,17
205,34
445,14
621,23
428,56
216,15
335,31
348,0
304,45
59,36
562,47
334,17
265,34
836,14
703,23
436,56
132,15
368,31
365,0
336,45
37,36
411,47
470,17
215,34
602,14
1235,23
402,56
116,15
370,31
297,0
320,45
53,36
207,47
932,17
200,34
1153,14
960,23
834,56
159,15
284,31
371,0
309,45
55,36
1450,47
573,17
210,34
645,14
860,23
673,56
218,15
435,31
470,0
406,45
44,36
1341,47
947,17
165,34
410,14
723,23
588,56
196,15
317,31
417,0
351,45
42,36
920,47
252,17
445,34
593,14
648,23
639,56
169,15
273,31
371,0
503,45
50,36
1464,47
942,17
193,34
844,14
490,23
525,56
150,15
343,31
352,0
400,45
49,36
582,47
274,17
390,34
467,14
508,23
630,56
298,15
477,31
621,0
355,45
53,36
1029,47
276,17
389,34
585,14
646,23
546,56
179,15
506,31
422,0
348,45
53,36
758,47
295,17
401,34
628,14
538,23
496,56
163,15
364,31
529,0
352,45
52,36
1305,47
445,17
216,34
567,14
759,23
614,56
181,15
357,31
382,0
375,45
33,36
391,47
375,17
249,34
582,14
807,23
564,56
154,15
316,31
331,0
354,45
49,36
509,47
301,17
326,34
553,14
697,23
451,56
140,15
388,31
385,0
330,45
48,36
495,47
310,17
377,34
472,14
667,23
477,56
155,15
401,31
327,0
316,45
52,36
457,47
287,17
339,34
450,14
595,23
434,56
234,15
431,31
398,0
420,45
30,36
717,47
240,17
387,34
532,14
654,23
508,56
227,15
556,31
372,0
427,45
45,36
609,47
312,17
284,34
565,14
572,23
406,56
150,15
389,31
368,0
375,45
49,36
403,47
248,17
353,34
436,14
643,23
517,56
149,15
380,31
334,0
321,45
55,36
303,47
229,17
338,34
461,14
552,23
421,56
168,15
410,31
333,0
340,45
54,36
666,47
344,17
243,34
388,14
539,23
474,56
142,15
345,31
341,0
337,45
42,36
744,47
394,17
256,34
941,14
1036,23
471,56
112,15
367,31
365,0
404,45
46,36
344,47
263,17
416,34
378,14
508,23
673,56
181,15
344,31
340,0
497,45
49,36
456,47
235,17
380,34
440,14
566,23
599,56
167,15
264,31
375,0
394,45
47,36
428,47
217,17
747,34
1011,14
682,23
451,56
103,15
340,31
312,0
382,45
44,36
523,47
249,17
497,34
799,14
568,23
436,56
112,15
367,31
339,0
296,45
54,36
304,47
231,17
298,34
408,14
695,23
482,56
127,15
371,31
331,0
316,45
49,36
443,47
247,17
345,34
499,14
579,23
400,56
142,15
344,31
324,0
314,45
51,36
412,47
224,17
367,34
568,14
557,23
435,56
143,15
374,31
327,0
349,45
48,36
378,47
259,17
315,34
398,14
651,23
455,56
140,15
366,31
327,0
322,45
50,36
12560,47
250,17
752,34
690,14
1162,23
1084,56
181,15
272,31
361,0
474,45
63,36
318,47
278,17
345,34
493,14
953,23
459,56
122,15
333,31
318,0
337,45
45,36
494,47
250,17
382,34
492,14
587,23
431,56
110,15
400,31
319,0
343,45
52,36
445,47
238,17
358,34
480,14
578,23
730,56
225,15
447,31
374,0
381,45
44,36
449,47
285,17
306,34
402,14
658,23
428,56
149,15
340,31
319,0
537,45
54,36
383,47
243,17
396,34
479,14
742,23
609,56
236,15
431,31
418,0
614,45
53,36
241,47
594,17
314,34
777,14
504,23
561,56
141,15
432,31
336,0
311,45
49,36
366,47
227,17
297,34
485,14
653,23
443,56
137,15
342,31
309,0
323,45
53,36
258,47
238,17
271,34
608,14
668,23
496,56
164,15
382,31
599,0
539,45
50,36
536,47
268,17
444,34
685,14
1090,23
471,56
154,15
331,31
322,0
305,45
48,36
592,47
299,17
432,34
480,14
548,23
501,56
121,15
409,31
331,0
306,45
48,36
389,47
240,17
311,34
2070,14
537,23
442,56
152,15
311,31
304,0
354,45
47,36
192,47
279,17
299,34
520,14
541,23
568,56
173,15
332,31
354,0
394,45
46,36
286,47
261,17
313,34
429,14
645,23
482,56
144,15
459,31
369,0
304,45
37,36
341,47
232,17
343,34
545,14
569,23
441,56
144,15
394,31
331,0
311,45
53,36
428,47
229,17
342,34
474,14
553,23
454,56
213,15
374,31
333,0
327,45
49,36
299,47
244,17
351,34
432,14
538,23
523,56
162,15
406,31
345,0
315,45
49,36
360,47
248,17
324,34
419,14
665,23
474,56
145,15
387,31
330,0
359,45
48,36
202,47
272,17
293,34
741,14
661,23
610,56
119,15
490,31
343,0
374,45
45,36
403,47
240,17
375,34
671,14
604,23
660,56
155,15
279,31
334,0
369,45
42,36
300,47
246,17
385,34
784,14
679,23
934,56
233,15
1027,31
373,0
331,45
39,36
227,47
295,17
749,34
438,14
607,23
447,56
103,15
360,31
321,0
357,45
45,36
367,47
299,17
334,34
581,14
454,23
427,56
96,15
420,31
296,0
308,45
56,36
196,47
555,17
315,34
614,14
951,23
722,56
203,15
315,31
339,0
336,45
41,36
173,47
375,17
399,34
543,14
790,23
841,56
165,15
365,31
393,0
359,45
44,36
636,47
283,17
477,34
541,14
743,23
826,56
174,15
348,31
358,0
463,45
42,36
540,47
334,17
408,34
760,14
670,23
562,56
245,15
522,31
366,0
525,45
45,36
617,47
303,17
388,34
699,14
826,23
533,56
146,15
412,31
341,0
486,45
59,36
729,47
291,17
331,34
501,14
710,23
645,56
139,15
349,31
343,0
358,45
39,36
487,47
275,17
400,34
491,14
592,23
492,56
159,15
399,31
357,0
407,45
35,36
571,47
283,17
342,34
440,14
655,23
533,56
148,15
380,31
344,0
383,45
48,36
382,47
321,17
365,34
504,14
530,23
513,56
171,15
422,31
360,0
399,45
33,36
484,47
266,17
476,34
491,14
620,23
635,56
211,15
336,31
347,0
383,45
38,36
617,47
329,17
322,34
526,14
592,23
460,56
171,15
370,31
386,0
403,45
51,36
367,47
320,17
369,34
919,14
885,23
566,56
183,15
316,31
343,0
339,45
36,36
525,47
334,17
307,34
620,14
532,23
427,56
176,15
370,31
366,0
358,45
42,36
315,47
266,17
348,34
424,14
525,23
501,56
238,15
168,31
351,0
397,45
34,36
603,47
303,17
403,34
476,14
597,23
539,56
197,15
353,31
367,0
367,45
47,36
318,47
255,17
414,34
512,14
514,23
448,56
154,15
424,31
404,0
407,45
37,36
528,47
263,17
393,34
460,14
1276,23
646,56
196,15
329,31
426,0
345,45
40,36
616,47
274,17
298,34
452,14
720,23
612,56
173,15
320,31
365,0
483,45
50,36
563,47
316,17
309,34
456,14
626,23
510,56
163,15
351,31
366,0
416,45
45,36
364,47
284,17
306,34
422,14
898,23
555,56
144,15
394,31
337,0
400,45
35,36
331,47
286,17
300,34
485,14
594,23
484,56
164,15
389,31
333,0
353,45
39,36
366,47
273,17
337,34
445,14
646,23
498,56
164,15
395,31
362,0
430,45
27,36
384,47
282,17
360,34
524,14
601,23
486,56
127,15
405,31
400,0
492,45
38,36
334,47
295,17
293,34
492,14
625,23
512,56
153,15
357,31
354,0
358,45
50,36
670,47
307,17
386,34
532,14
580,23
490,56
176,15
383,31
350,0
365,45
48,36
303,47
282,17
340,34
511,14
573,23
441,56
132,15
368,31
359,0
493,45
41,36
437,47
308,17
268,34
419,14
620,23
526,56
164,15
360,31
342,0
536,45
44,36
409,47
271,17
269,34
466,14
632,23
481,56
151,15
368,31
381,0
454,45
48,36
465,47
277,17
330,34
563,14
612,23
508,56
177,15
331,31
349,0
447,45
50,36
393,47
279,17
337,34
546,14
644,23
524,56
226,15
365,31
349,0
426,45
43,36
303,47
253,17
286,34
519,14
632,23
497,56
128,15
360,31
352,0
404,45
38,36
287,47
268,17
290,34
513,14
556,23
467,56
147,15
388,31
349,0
337,45
38,36
393,47
314,17
291,34
505,14
1938,23
506,56
99,15
392,31
349,0
373,45
30,36
370,47
395,17
238,34
573,14
553,23
442,56
157,15
345,31
346,0
339,45
37,36
252,47
314,17
237,34
485,14
502,23
485,56
166,15
352,31
340,0
374,45
39,36
308,47
280,17
489,34
1033,14
621,23
494,56
140,15
329,31
315,0
395,45
49,36
233,47
294,17
264,34
498,14
653,23
487,56
134,15
481,31
668,0
367,45
52,36
421,47
286,17
373,34
468,14
594,23
456,56
132,15
323,31
319,0
335,45
55,36
309,47
271,17
299,34
572,14
594,23
441,56
105,15
356,31
328,0
354,45
39,36
311,47
314,17
327,34
472,14
656,23
533,56
176,15
330,31
303,0
346,45
43,36
406,47
273,17
376,34
724,14
621,23
520,56
159,15
466,31
363,0
346,45
44,36
266,47
281,17
275,34
468,14
590,23
457,56
194,15
280,31
334,0
350,45
36,36
262,47
305,17
292,34
727,14
539,23
469,56
136,15
289,31
327,0
351,45
48,36
336,47
267,17
321,34
486,14
644,23
870,56
253,15
355,31
349,0
362,45
34,36
276,47
323,17
348,34
534,14
649,23
485,56
151,15
296,31
362,0
394,45
33,36
253,47
292,17
315,34
436,14
582,23
506,56
126,15
308,31
331,0
338,45
46,36
285,47
292,17
313,34
549,14
890,23
531,56
198,15
292,31
527,0
478,45
37,36
297,47
264,17
289,34
456,14
585,23
460,56
142,15
348,31
335,0
359,45
51,36
399,47
282,17
307,34
451,14
565,23
453,56
162,15
331,31
332,0
329,45
49,36
323,47
287,17
288,34
409,14
587,23
499,56
172,15
319,31
322,0
340,45
46,36
201,47
455,17
387,34
1067,14
656,23
537,56
184,15
356,31
340,0
447,45
61,36
185,47
382,17
336,34
740,14
719,23
497,56
221,15
428,31
556,0
538,45
50,36
340,47
385,17
453,34
507,14
625,23
490,56
214,15
627,31
379,0
584,45
38,36
451,47
295,17
437,34
514,14
594,23
520,56
153,15
410,31
420,0
516,45
41,36
245,47
318,17
553,34
629,14
622,23
475,56
282,15
422,31
486,0
350,45
38,36
234,47
311,17
335,34
724,14
515,23
458,56
144,15
399,31
338,0
357,45
49,36
208,47
327,17
395,34
668,14
621,23
476,56
142,15
372,31
334,0
394,45
49,36
149,47
427,17
493,34
940,14
661,23
465,56
115,15
396,31
321,0
404,45
45,36
165,47
345,17
305,34
493,14
585,23
448,56
145,15
353,31
345,0
581,45
49,36
206,47
347,17
357,34
629,14
573,23
453,56
127,15
422,31
346,0
449,45
48,36
195,47
329,17
430,34
728,14
531,23
420,56
123,15
371,31
344,0
321,45
45,36
161,47
392,17
300,34
459,14
568,23
483,56
141,15
356,31
335,0
347,45
54,36
136,47
312,17
308,34
557,14
514,23
520,56
158,15
416,31
405,0
466,45
57,36
328,47
344,17
324,34
450,14
564,23
710,56
242,15
445,31
610,0
403,45
58,36
619,47
232,17
461,34
641,14
1115,23
463,56
116,15
324,31
321,0
334,45
37,36
271,47
252,17
327,34
432,14
541,23
442,56
174,15
325,31
344,0
337,45
34,36
689,47
284,17
316,34
439,14
544,23
449,56
163,15
363,31
323,0
373,45
56,36
389,47
270,17
400,34
503,14
606,23
443,56
156,15
318,31
340,0
334,45
50,36
235,47
279,17
474,34
890,14
617,23
532,56
246,15
286,31
335,0
330,45
58,36
114,47
428,17
424,34
1041,14
593,23
450,56
162,15
332,31
316,0
954,45
42,36
258,47
313,17
341,34
562,14
591,23
430,56
136,15
408,31
322,0
497,45
43,36
191,47
304,17
287,34
436,14
635,23
487,56
121,15
335,31
342,0
340,45
44,36
219,47
294,17
308,34
465,14
583,23
427,56
131,15
317,31
366,0
350,45
41,36
407,47
324,17
346,34
489,14
704,23
460,56
125,15
336,31
316,0
336,45
53,36
232,47
364,17
287,34
462,14
578,23
435,56
170,15
320,31
338,0
349,45
42,36
326,47
325,17
442,34
591,14
645,23
451,56
123,15
343,31
340,0
340,45
53,36
328,47
321,17
439,34
514,14
514,23
465,56
252,15
304,31
402,0
357,45
43,36
301,47
284,17
344,34
467,14
685,23
492,56
170,15
343,31
363,0
364,45
35,36
308,47
320,17
337,34
413,14
561,23
470,56
157,15
310,31
327,0
349,45
42,36
136,47
347,17
624,34
946,14
538,23
447,56
124,15
321,31
348,0
370,45
53,36
215,47
310,17
398,34
556,14
637,23
414,56
138,15
336,31
326,0
356,45
46,36
194,47
355,17
245,34
462,14
565,23
455,56
146,15
320,31
379,0
388,45
35,36
199,47
296,17
324,34
498,14
533,23
432,56
155,15
314,31
331,0
351,45
61,36
468,47
328,17
319,34
746,14
567,23
440,56
147,15
337,31
334,0
303,45
46,36
275,47
331,17
315,34
486,14
660,23
445,56
162,15
343,31
340,0
332,45
38,36
214,47
328,17
296,34
644,14
581,23
454,56
139,15
399,31
317,0
334,45
43,36
219,47
283,17
310,34
532,14
517,23
457,56
185,15
326,31
363,0
411,45
48,36
287,47
362,17
295,34
559,14
604,23
627,56
238,15
440,31
365,0
313,45
49,36
319,47
299,17
294,34
420,14
683,23
469,56
181,15
342,31
337,0
331,45
45,36
276,47
322,17
271,34
467,14
587,23
463,56
149,15
361,31
331,0
335,45
41,36
212,47
328,17
269,34
453,14
643,23
549,56
163,15
337,31
333,0
376,45
42,36
273,47
1139,17
300,34
511,14
562,23
424,56
134,15
317,31
318,0
348,45
52,36
365,47
280,17
591,34
996,14
850,23
473,56
153,15
299,31
491,0
395,45
37,36
199,47
301,17
295,34
449,14
604,23
453,56
159,15
328,31
324,0
336,45
40,36
219,47
304,17
305,34
585,14
943,23
697,56
167,15
318,31
340,0
325,45
54,36
245,47
329,17
293,34
543,14
609,23
424,56
171,15
294,31
318,0
324,45
34,36
292,47
262,17
324,34
458,14
560,23
436,56
143,15
355,31
360,0
313,45
57,36
252,47
260,17
322,34
420,14
567,23
471,56
169,15
316,31
326,0
317,45
42,36
252,47
300,17
264,34
505,14
630,23
433,56
197,15
339,31
329,0
327,45
44,36
274,47
295,17
374,34
599,14
671,23
465,56
156,15
306,31
318,0
319,45
39,36
182,47
371,17
382,34
467,14
559,23
542,56
252,15
376,31
425,0
455,45
55,36
180,47
320,17
314,34
415,14
687,23
509,56
212,15
406,31
482,0
398,45
34,36
367,47
312,17
334,34
486,14
572,23
492,56
202,15
350,31
373,0
347,45
53,36
360,47
333,17
392,34
532,14
559,23
488,56
156,15
416,31
350,0
357,45
52,36
474,47
255,17
352,34
414,14
607,23
530,56
153,15
360,31
361,0
384,45
42,36
364,47
305,17
368,34
615,14
664,23
460,56
212,15
319,31
753,0
423,45
41,36
481,47
269,17
349,34
457,14
637,23
469,56
182,15
296,31
350,0
350,45
42,36
216,47
258,17
292,34
501,14
454,23
483,56
138,15
398,31
335,0
362,45
52,36
276,47
263,17
308,34
452,14
557,23
665,56
183,15
352,31
463,0
441,45
37,36
374,47
281,17
413,34
738,14
625,23
466,56
123,15
339,31
343,0
477,45
56,36
273,47
356,17
270,34
563,14
507,23
477,56
186,15
268,31
333,0
382,45
47,36
285,47
302,17
293,34
547,14
602,23
479,56
158,15
319,31
342,0
392,45
35,36
187,47
301,17
380,34
525,14
624,23
510,56
169,15
319,31
522,0
400,45
43,36
282,47
247,17
293,34
422,14
458,23
468,56
207,15
297,31
383,0
346,45
51,36
336,47
289,17
430,34
493,14
522,23
472,56
153,15
295,31
332,0
390,45
37,36
241,47
277,17
283,34
468,14
468,23
440,56
178,15
296,31
329,0
359,45
44,36
231,47
325,17
348,34
468,14
489,23
460,56
157,15
312,31
325,0
330,45
45,36
341,47
287,17
316,34
414,14
450,23
446,56
163,15
305,31
355,0
335,45
51,36
686,47
324,17
349,34
475,14
622,23
441,56
154,15
278,31
579,0
391,45
43,36
393,47
258,17
334,34
455,14
814,23
473,56
144,15
282,31
343,0
418,45
41,36
259,47
261,17
315,34
479,14
865,23
503,56
178,15
272,31
332,0
404,45
33,36
245,47
261,17
282,34
408,14
512,23
456,56
170,15
316,31
311,0
375,45
23,36
271,47
321,17
282,34
425,14
792,23
670,56
235,15
311,31
356,0
341,45
41,36
218,47
319,17
265,34
511,14
609,23
449,56
171,15
289,31
335,0
342,45
35,36
232,47
319,17
215,34
433,14
491,23
448,56
161,15
307,31
368,0
486,45
52,36
186,47
275,17
258,34
403,14
502,23
487,56
152,15
364,31
348,0
324,45
34,36
231,47
266,17
319,34
420,14
491,23
429,56
159,15
278,31
392,0
332,45
42,36
284,47
267,17
298,34
414,14
493,23
417,56
183,15
287,31
346,0
375,45
40,36
322,47
245,17
382,34
905,14
676,23
421,56
160,15
292,31
319,0
307,45
38,36
241,47
306,17
263,34
486,14
572,23
484,56
189,15
284,31
325,0
351,45
41,36
253,47
256,17
261,34
454,14
530,23
421,56
168,15
286,31
333,0
337,45
35,36
263,47
284,17
254,34
542,14
554,23
400,56
164,15
264,31
354,0
305,45
45,36
523,47
275,17
280,34
421,14
607,23
490,56
166,15
321,31
341,0
317,45
46,36
280,47
280,17
304,34
500,14
551,23
424,56
93,15
403,31
334,0
375,45
33,36
314,47
299,17
307,34
469,14
606,23
431,56
174,15
281,31
339,0
318,45
43,36
259,47
336,17
273,34
743,14
572,23
438,56
156,15
296,31
326,0
325,45
41,36
212,47
312,17
231,34
506,14
771,23
534,56
157,15
314,31
325,0
339,45
30,36
213,47
300,17
219,34
414,14
537,23
446,56
146,15
311,31
342,0
335,45
44,36
254,47
287,17
219,34
502,14
571,23
412,56
149,15
286,31
325,0
330,45
34,36
219,47
307,17
272,34
622,14
538,23
415,56
164,15
511,31
348,0
331,45
34,36
200,47
323,17
225,34
515,14
1145,23
509,56
135,15
329,31
316,0
335,45
36,36
204,47
284,17
228,34
433,14
515,23
478,56
149,15
318,31
376,0
369,45
34,36
528,47
281,17
310,34
470,14
509,23
413,56
176,15
292,31
345,0
323,45
41,36
207,47
295,17
247,34
459,14
494,23
410,56
174,15
309,31
456,0
391,45
47,36
314,47
278,17
271,34
462,14
480,23
403,56
191,15
274,31
361,0
340,45
24,36
267,47
288,17
247,34
401,14
519,23
413,56
166,15
325,31
355,0
330,45
36,36
232,47
273,17
322,34
484,14
772,23
430,56
241,15
263,31
346,0
325,45
39,36
220,47
300,17
224,34
460,14
517,23
417,56
145,15
324,31
334,0
299,45
45,36
352,47
291,17
277,34
481,14
845,23
447,56
162,15
284,31
350,0
304,45
41,36
338,47
332,17
259,34
439,14
576,23
465,56
213,15
279,31
346,0
314,45
40,36
187,47
362,17
352,34
525,14
919,23
573,56
156,15
378,31
350,0
372,45
45,36
178,47
302,17
258,34
552,14
652,23
542,56
172,15
427,31
763,0
391,45
29,36
210,47
318,17
296,34
491,14
565,23
490,56
191,15
341,31
343,0
312,45
55,36
284,47
308,17
306,34
680,14
562,23
478,56
182,15
392,31
339,0
325,45
48,36
397,47
276,17
305,34
510,14
660,23
659,56
161,15
444,31
370,0
342,45
37,36
449,47
285,17
395,34
488,14
758,23
821,56
182,15
404,31
516,0
364,45
33,36
378,47
282,17
353,34
564,14
592,23
475,56
168,15
349,31
334,0
349,45
25,36
286,47
320,17
332,34
767,14
615,23
485,56
135,15
346,31
330,0
322,45
37,36
270,47
297,17
301,34
490,14
617,23
488,56
165,15
318,31
328,0
319,45
40,36
319,47
356,17
292,34
476,14
574,23
458,56
138,15
311,31
359,0
318,45
51,36
277,47
323,17
300,34
456,14
601,23
486,56
162,15
287,31
328,0
328,45
41,36
139,47
334,17
296,34
1838,14
517,23
429,56
143,15
312,31
328,0
313,45
31,36
245,47
302,17
280,34
511,14
540,23
440,56
153,15
284,31
323,0
300,45
40,36
284,47
278,17
326,34
421,14
546,23
497,56
179,15
275,31
347,0
329,45
30,36
252,47
257,17
265,34
477,14
487,23
402,56
153,15
273,31
323,0
358,45
43,36
399,47
276,17
308,34
455,14
500,23
453,56
130,15
296,31
354,0
310,45
37,36
262,47
321,17
280,34
491,14
716,23
530,56
172,15
296,31
321,0
312,45
43,36
262,47
280,17
245,34
484,14
484,23
432,56
154,15
280,31
334,0
284,45
44,36
276,47
293,17
283,34
425,14
524,23
471,56
207,15
262,31
313,0
301,45
40,36
211,47
362,17
199,34
1698,14
559,23
507,56
172,15
272,31
310,0
305,45
52,36
188,47
290,17
201,34
437,14
567,23
445,56
205,15
244,31
348,0
314,45
35,36
245,47
275,17
230,34
455,14
676,23
452,56
153,15
278,31
344,0
319,45
32,36
269,47
279,17
241,34
656,14
545,23
428,56
174,15
290,31
347,0
301,45
36,36
237,47
300,17
902,34
784,14
545,23
451,56
163,15
259,31
330,0
453,45
49,36
561,47
266,17
303,34
480,14
673,23
420,56
144,15
297,31
305,0
335,45
42,36
340,47
307,17
251,34
523,14
545,23
446,56
157,15
348,31
327,0
309,45
51,36
309,47
285,17
277,34
470,14
499,23
440,56
194,15
291,31
332,0
312,45
41,36
299,47
297,17
277,34
520,14
546,23
418,56
155,15
320,31
319,0
317,45
36,36
314,47
318,17
301,34
473,14
515,23
432,56
161,15
299,31
329,0
319,45
41,36
309,47
324,17
283,34
500,14
611,23
467,56
163,15
279,31
332,0
300,45
50,36
287,47
297,17
290,34
435,14
653,23
493,56
197,15
325,31
331,0
328,45
38,36
268,47
286,17
340,34
481,14
538,23
421,56
193,15
264,31
348,0
309,45
46,36
280,47
315,17
252,34
433,14
513,23
424,56
190,15
287,31
338,0
339,45
51,36
397,47
330,17
266,34
694,14
945,23
432,56
162,15
294,31
287,0
291,45
54,36
201,47
357,17
248,34
538,14
569,23
1337,56
260,15
347,31
346,0
445,45
48,36
276,47
1006,17
1142,34
415,14
897,23
414,56
192,15
271,31
318,0
311,45
38,36
185,47
315,17
207,34
438,14
490,23
396,56
157,15
283,31
329,0
292,45
44,36
254,47
374,17
192,34
529,14
1152,23
471,56
144,15
338,31
318,0
297,45
50,36
306,47
345,17
273,34
460,14
1262,23
478,56
163,15
295,31
329,0
388,45
52,36
614,47
330,17
264,34
543,14
1607,23
475,56
123,15
293,31
300,0
291,45
34,36
590,47
381,17
375,34
478,14
562,23
421,56
119,15
318,31
303,0
299,45
53,36
380,47
320,17
258,34
563,14
565,23
392,56
166,15
301,31
310,0
314,45
39,36
343,47
261,17
309,34
464,14
493,23
432,56
170,15
340,31
366,0
324,45
40,36
406,47
295,17
314,34
611,14
558,23
403,56
140,15
338,31
316,0
307,45
36,36
225,47
315,17
272,34
1398,14
630,23
536,56
143,15
305,31
306,0
293,45
42,36
317,47
315,17
239,34
547,14
572,23
415,56
162,15
311,31
341,0
316,45
39,36
303,47
331,17
244,34
533,14
547,23
408,56
175,15
305,31
324,0
288,45
55,36
356,47
273,17
297,34
547,14
554,23
415,56
142,15
301,31
332,0
293,45
45,36
226,47
308,17
258,34
512,14
489,23
417,56
170,15
290,31
342,0
308,45
47,36
391,47
368,17
257,34
513,14
501,23
433,56
136,15
315,31
304,0
320,45
31,36
193,47
346,17
315,34
666,14
577,23
487,56
168,15
393,31
350,0
348,45
48,36
395,47
728,17
194,34
384,14
950,23
515,56
114,15
418,31
360,0
337,45
53,36
479,47
270,17
269,34
446,14
651,23
736,56
169,15
342,31
356,0
605,45
58,36
428,47
289,17
264,34
493,14
597,23
494,56
147,15
355,31
345,0
447,45
59,36
315,47
239,17
329,34
485,14
619,23
530,56
162,15
319,31
318,0
327,45
48,36
431,47
326,17
355,34
482,14
543,23
499,56
172,15
309,31
333,0
318,45
42,36
378,47
326,17
298,34
605,14
571,23
690,56
147,15
343,31
358,0
400,45
38,36
558,47
298,17
465,34
596,14
561,23
477,56
162,15
305,31
326,0
569,45
56,36
371,47
286,17
285,34
532,14
632,23
567,56
170,15
306,31
357,0
516,45
45,36
321,47
298,17
293,34
524,14
578,23
460,56
152,15
320,31
333,0
353,45
48,36
175,47
282,17
868,34
941,14
519,23
506,56
114,15
324,31
339,0
363,45
37,36
262,47
298,17
355,34
548,14
448,23
457,56
108,15
332,31
359,0
367,45
51,36
172,47
327,17
236,34
601,14
539,23
499,56
144,15
338,31
324,0
505,45
53,36
332,47
288,17
263,34
522,14
645,23
510,56
156,15
306,31
330,0
321,45
45,36
234,47
311,17
238,34
508,14
1573,23
868,56
173,15
245,31
329,0
352,45
30,36
390,47
307,17
299,34
462,14
753,23
443,56
192,15
276,31
324,0
328,45
32,36
323,47
287,17
278,34
535,14
531,23
432,56
183,15
260,31
336,0
554,45
45,36
1431,47
304,17
605,34
510,14
481,23
435,56
160,15
298,31
371,0
354,45
47,36
590,47
268,17
343,34
477,14
496,23
418,56
141,15
274,31
321,0
317,45
40,36
302,47
311,17
249,34
493,14
473,23
415,56
165,15
318,31
334,0
318,45
31,36
337,47
329,17
241,34
431,14
489,23
465,56
168,15
300,31
323,0
318,45
44,36
265,47
304,17
314,34
929,14
739,23
511,56
124,15
330,31
335,0
455,45
48,36
355,47
330,17
211,34
752,14
435,23
471,56
212,15
271,31
392,0
361,45
37,36
213,47
379,17
237,34
498,14
462,23
430,56
152,15
341,31
349,0
394,45
42,36
365,47
345,17
232,34
443,14
445,23
398,56
104,15
396,31
313,0
334,45
45,36
487,47
314,17
297,34
431,14
1038,23
463,56
123,15
314,31
322,0
355,45
43,36
293,47
331,17
227,34
578,14
687,23
632,56
186,15
2285,31
328,0
325,45
44,36
644,47
272,17
255,34
492,14
736,23
551,56
193,15
294,31
362,0
384,45
48,36
451,47
265,17
261,34
403,14
467,23
447,56
177,15
282,31
342,0
326,45
39,36
291,47
300,17
270,34
522,14
495,23
436,56
181,15
298,31
322,0
298,45
41,36
308,47
331,17
287,34
435,14
494,23
422,56
186,15
258,31
328,0
317,45
51,36
299,47
342,17
256,34
456,14
498,23
419,56
136,15
312,31
331,0
307,45
51,36
273,47
334,17
291,34
436,14
574,23
644,56
296,15
380,31
348,0
316,45
39,36
300,47
347,17
235,34
440,14
521,23
444,56
144,15
302,31
336,0
318,45
61,36
322,47
297,17
284,34
490,14
565,23
412,56
140,15
280,31
296,0
281,45
54,36
298,47
320,17
285,34
618,14
627,23
448,56
126,15
347,31
328,0
286,45
51,36
305,47
334,17
252,34
485,14
534,23
433,56
152,15
353,31
332,0
409,45
51,36
382,47
321,17
253,34
530,14
1055,23
1040,56
184,15
301,31
308,0
293,45
53,36
309,47
310,17
261,34
492,14
522,23
433,56
176,15
308,31
311,0
321,45
50,36
352,47
316,17
244,34
509,14
464,23
471,56
154,15
340,31
332,0
305,45
53,36
235,47
327,17
272,34
463,14
469,23
430,56
223,15
284,31
356,0
351,45
36,36
303,47
346,17
297,34
542,14
756,23
507,56
208,15
308,31
336,0
413,45
52,36
229,47
320,17
544,34
489,14
478,23
502,56
192,15
291,31
331,0
365,45
46,36
324,47
373,17
250,34
412,14
524,23
477,56
183,15
273,31
356,0
321,45
47,36
302,47
327,17
278,34
425,14
505,23
438,56
241,15
232,31
333,0
319,45
44,36
324,47
341,17
301,34
504,14
872,23
471,56
186,15
238,31
322,0
310,45
40,36
266,47
300,17
264,34
399,14
720,23
508,56
211,15
288,31
345,0
305,45
57,36
368,47
372,17
424,34
584,14
705,23
436,56
166,15
295,31
325,0
318,45
50,36
393,47
337,17
245,34
438,14
502,23
454,56
231,15
263,31
336,0
311,45
46,36
244,47
353,17
212,34
1048,14
529,23
425,56
188,15
267,31
323,0
313,45
43,36
