330,47
818,17
252,34
1269,14
1270,23
1706,56
245,15
211,31
580,0
1639,45
58,36
1047,47
182,17
414,34
1128,14
634,23
1054,56
679,15
311,31
296,0
1250,45
87,36
534,47
161,17
620,34
1312,14
1199,23
1321,56
215,15
843,31
1139,0
417,45
71,36
440,47
210,17
530,34
938,14
504,23
856,56
232,15
252,31
320,0
303,45
83,36
1483,47
170,17
515,34
1286,14
778,23
849,56
183,15
206,31
727,0
727,45
82,36
488,47
174,17
829,34
1008,14
546,23
1037,56
185,15
237,31
333,0
379,45
66,36
502,47
175,17
781,34
916,14
601,23
905,56
209,15
191,31
339,0
387,45
73,36
490,47
172,17
372,34
1109,14
593,23
725,56
182,15
174,31
327,0
648,45
52,36
562,47
195,17
316,34
656,14
477,23
608,56
223,15
123,31
398,0
402,45
73,36
805,47
178,17
287,34
519,14
576,23
565,56
225,15
251,31
349,0
691,45
84,36
717,47
249,17
674,34
510,14
454,23
573,56
252,15
679,31
367,0
501,45
83,36
438,47
228,17
427,34
476,14
447,23
486,56
199,15
191,31
348,0
288,45
93,36
442,47
226,17
389,34
529,14
545,23
411,56
210,15
219,31
328,0
379,45
74,36
540,47
150,17
274,34
551,14
534,23
439,56
208,15
264,31
298,0
352,45
26,36
444,47
185,17
224,34
711,14
561,23
377,56
693,15
375,31
265,0
463,45
74,36
419,47
216,17
254,34
359,14
467,23
427,56
184,15
234,31
311,0
438,45
60,36
369,47
214,17
239,34
803,14
474,23
451,56
204,15
185,31
272,0
340,45
50,36
372,47
204,17
259,34
1145,14
530,23
401,56
641,15
311,31
281,0
422,45
66,36
314,47
237,17
239,34
337,14
630,23
623,56
533,15
423,31
287,0
932,45
57,36
364,47
245,17
325,34
464,14
438,23
1723,56
191,15
461,31
453,0
830,45
67,36
398,47
206,17
365,34
778,14
496,23
421,56
190,15
271,31
334,0
343,45
47,36
367,47
223,17
260,34
383,14
625,23
514,56
189,15
243,31
304,0
279,45
83,36
367,47
197,17
238,34
358,14
440,23
522,56
210,15
223,31
312,0
348,45
30,36
384,47
203,17
253,34
358,14
440,23
343,56
161,15
306,31
323,0
392,45
64,36
355,47
210,17
216,34
837,14
569,23
312,56
177,15
252,31
278,0
443,45
63,36
236,47
210,17
220,34
381,14
404,23
418,56
156,15
244,31
253,0
305,45
66,36
368,47
191,17
260,34
357,14
425,23
530,56
172,15
245,31
267,0
339,45
42,36
329,47
197,17
216,34
395,14
2281,23
359,56
166,15
241,31
286,0
300,45
68,36
439,47
217,17
331,34
526,14
484,23
492,56
195,15
234,31
260,0
273,45
84,36
352,47
195,17
271,34
326,14
676,23
363,56
184,15
253,31
239,0
345,45
32,36
361,47
189,17
221,34
331,14
565,23
504,56
172,15
205,31
267,0
347,45
64,36
308,47
219,17
207,34
674,14
468,23
351,56
162,15
247,31
255,0
279,45
89,36
343,47
187,17
218,34
452,14
565,23
346,56
183,15
254,31
267,0
290,45
63,36
369,47
552,17
268,34
388,14
458,23
1996,56
167,15
239,31
222,0
289,45
78,36
331,47
184,17
262,34
461,14
415,23
351,56
131,15
266,31
238,0
307,45
64,36
373,47
222,17
226,34
484,14
454,23
326,56
167,15
234,31
230,0
296,45
74,36
410,47
213,17
224,34
1089,14
492,23
338,56
163,15
200,31
227,0
312,45
55,36
354,47
185,17
265,34
448,14
435,23
343,56
132,15
239,31
270,0
375,45
63,36
284,47
180,17
195,34
443,14
470,23
366,56
172,15
204,31
272,0
341,45
63,36
279,47
177,17
230,34
351,14
444,23
377,56
170,15
262,31
287,0
536,45
72,36
312,47
164,17
235,34
537,14
443,23
356,56
184,15
292,31
255,0
330,45
74,36
350,47
203,17
186,34
1092,14
450,23
320,56
149,15
260,31
232,0
315,45
56,36
310,47
193,17
221,34
341,14
827,23
1679,56
167,15
265,31
232,0
286,45
72,36
348,47
194,17
221,34
379,14
456,23
419,56
167,15
229,31
251,0
406,45
64,36
237,47
189,17
224,34
311,14
632,23
392,56
143,15
257,31
272,0
632,45
68,36
299,47
211,17
249,34
297,14
443,23
1737,56
194,15
235,31
257,0
457,45
73,36
2047,47
187,17
200,34
565,14
457,23
380,56
157,15
230,31
249,0
327,45
59,36
349,47
222,17
536,34
366,14
441,23
512,56
146,15
193,31
253,0
329,45
61,36
395,47
208,17
216,34
294,14
533,23
357,56
147,15
227,31
249,0
416,45
66,36
1470,47
687,17
259,34
332,14
409,23
1044,56
165,15
216,31
253,0
378,45
61,36
446,47
196,17
370,34
624,14
453,23
516,56
192,15
257,31
302,0
313,45
54,36
393,47
209,17
336,34
479,14
501,23
425,56
169,15
281,31
323,0
395,45
72,36
414,47
236,17
413,34
490,14
456,23
461,56
190,15
278,31
399,0
423,45
78,36
431,47
233,17
313,34
435,14
604,23
444,56
178,15
216,31
301,0
439,45
70,36
327,47
209,17
272,34
458,14
420,23
633,56
199,15
175,31
302,0
336,45
70,36
360,47
193,17
236,34
382,14
444,23
410,56
572,15
278,31
338,0
429,45
69,36
331,47
221,17
227,34
354,14
720,23
771,56
190,15
194,31
298,0
407,45
50,36
328,47
215,17
271,34
429,14
526,23
438,56
179,15
262,31
321,0
339,45
97,36
392,47
245,17
277,34
367,14
637,23
462,56
223,15
262,31
366,0
408,45
64,36
369,47
196,17
224,34
340,14
607,23
513,56
186,15
248,31
346,0
444,45
65,36
360,47
199,17
245,34
336,14
529,23
1547,56
195,15
195,31
313,0
492,45
73,36
298,47
221,17
241,34
356,14
516,23
486,56
198,15
241,31
285,0
350,45
58,36
313,47
222,17
230,34
369,14
569,23
391,56
167,15
274,31
307,0
378,45
35,36
337,47
200,17
257,34
420,14
446,23
346,56
463,15
334,31
264,0
403,45
61,36
285,47
202,17
219,34
425,14
592,23
344,56
150,15
261,31
285,0
573,45
68,36
292,47
176,17
191,34
299,14
464,23
583,56
187,15
239,31
270,0
311,45
89,36
283,47
195,17
208,34
273,14
572,23
515,56
1231,15
223,31
303,0
452,45
57,36
952,47
228,17
190,34
336,14
401,23
1783,56
201,15
247,31
302,0
381,45
85,36
297,47
261,17
234,34
327,14
428,23
396,56
173,15
245,31
272,0
354,45
86,36
348,47
201,17
228,34
341,14
403,23
413,56
162,15
224,31
274,0
329,45
86,36
319,47
218,17
244,34
326,14
418,23
375,56
194,15
281,31
346,0
377,45
76,36
531,47
240,17
249,34
366,14
458,23
2236,56
183,15
258,31
874,0
345,45
78,36
300,47
218,17
205,34
319,14
600,23
395,56
145,15
227,31
276,0
301,45
70,36
334,47
212,17
204,34
337,14
488,23
949,56
195,15
191,31
317,0
382,45
62,36
312,47
216,17
201,34
298,14
490,23
825,56
192,15
220,31
681,0
381,45
87,36
348,47
206,17
232,34
272,14
1225,23
807,56
249,15
280,31
987,0
435,45
57,36
367,47
224,17
203,34
311,14
514,23
353,56
177,15
193,31
341,0
648,45
79,36
395,47
211,17
241,34
985,14
957,23
799,56
228,15
190,31
341,0
507,45
64,36
483,47
187,17
197,34
350,14
851,23
1264,56
201,15
239,31
354,0
419,45
49,36
347,47
191,17
198,34
346,14
503,23
673,56
198,15
183,31
259,0
703,45
77,36
365,47
249,17
227,34
368,14
820,23
832,56
185,15
161,31
290,0
462,45
53,36
313,47
165,17
210,34
341,14
960,23
1358,56
184,15
208,31
344,0
499,45
65,36
359,47
194,17
215,34
314,14
420,23
827,56
201,15
183,31
280,0
579,45
81,36
364,47
189,17
236,34
341,14
540,23
812,56
188,15
221,31
301,0
526,45
54,36
1973,47
218,17
216,34
352,14
522,23
430,56
173,15
187,31
242,0
329,45
81,36
328,47
175,17
200,34
283,14
529,23
553,56
168,15
214,31
225,0
346,45
47,36
1491,47
157,17
201,34
610,14
515,23
454,56
165,15
181,31
240,0
276,45
67,36
755,47
243,17
178,34
345,14
1141,23
390,56
165,15
187,31
251,0
614,45
79,36
314,47
191,17
216,34
335,14
668,23
677,56
173,15
164,31
269,0
379,45
43,36
1180,47
212,17
226,34
477,14
972,23
487,56
154,15
183,31
296,0
653,45
54,36
611,47
165,17
195,34
1127,14
654,23
606,56
220,15
195,31
257,0
384,45
55,36
362,47
207,17
197,34
473,14
511,23
433,56
178,15
182,31
269,0
417,45
59,36
2001,47
168,17
1071,34
1141,14
714,23
725,56
216,15
154,31
255,0
994,45
66,36
740,47
212,17
565,34
455,14
437,23
414,56
172,15
175,31
292,0
336,45
62,36
376,47
160,17
279,34
442,14
1039,23
917,56
192,15
206,31
258,0
367,45
69,36
347,47
196,17
232,34
308,14
582,23
521,56
218,15
177,31
277,0
413,45
28,36
354,47
157,17
258,34
411,14
516,23
705,56
208,15
199,31
263,0
431,45
63,36
330,47
200,17
303,34
2649,14
730,23
881,56
279,15
345,31
308,0
355,45
65,36
418,47
193,17
767,34
419,14
450,23
442,56
201,15
181,31
253,0
358,45
71,36
609,47
175,17
222,34
311,14
431,23
403,56
180,15
193,31
236,0
338,45
62,36
448,47
184,17
409,34
1327,14
642,23
489,56
220,15
559,31
285,0
459,45
51,36
492,47
210,17
281,34
537,14
461,23
541,56
208,15
300,31
292,0
404,45
54,36
439,47
206,17
242,34
409,14
434,23
522,56
190,15
212,31
296,0
302,45
49,36
444,47
184,17
208,34
924,14
648,23
1037,56
187,15
315,31
370,0
434,45
58,36
400,47
189,17
214,34
345,14
740,23
592,56
201,15
347,31
317,0
280,45
44,36
391,47
163,17
209,34
344,14
419,23
1199,56
189,15
295,31
330,0
349,45
61,36
371,47
174,17
192,34
338,14
676,23
883,56
148,15
317,31
302,0
334,45
63,36
345,47
188,17
191,34
321,14
705,23
577,56
157,15
291,31
262,0
305,45
59,36
382,47
209,17
190,34
323,14
680,23
472,56
146,15
280,31
263,0
333,45
66,36
361,47
216,17
225,34
484,14
1189,23
404,56
157,15
263,31
254,0
367,45
32,36
379,47
198,17
201,34
378,14
1052,23
443,56
182,15
255,31
262,0
356,45
50,36
396,47
184,17
209,34
412,14
541,23
460,56
171,15
290,31
261,0
347,45
56,36
367,47
198,17
226,34
358,14
521,23
390,56
143,15
272,31
280,0
315,45
66,36
341,47
186,17
209,34
358,14
937,23
381,56
151,15
292,31
263,0
657,45
98,36
357,47
211,17
217,34
367,14
680,23
341,56
144,15
297,31
264,0
346,45
98,36
352,47
204,17
248,34
382,14
727,23
388,56
141,15
276,31
265,0
315,45
74,36
374,47
222,17
219,34
351,14
670,23
380,56
197,15
271,31
252,0
348,45
65,36
425,47
194,17
242,34
320,14
550,23
1229,56
164,15
286,31
292,0
393,45
50,36
394,47
195,17
238,34
349,14
610,23
344,56
156,15
258,31
249,0
318,45
83,36
423,47
273,17
542,34
1770,14
437,23
299,56
163,15
242,31
259,0
318,45
62,36
367,47
209,17
246,34
363,14
710,23
329,56
172,15
246,31
275,0
335,45
81,36
388,47
213,17
211,34
339,14
490,23
1098,56
185,15
257,31
275,0
379,45
89,36
404,47
190,17
240,34
371,14
556,23
368,56
581,15
356,31
273,0
419,45
74,36
369,47
211,17
232,34
417,14
529,23
343,56
143,15
290,31
271,0
350,45
82,36
337,47
187,17
204,34
324,14
523,23
359,56
143,15
257,31
259,0
321,45
119,36
327,47
185,17
216,34
292,14
500,23
333,56
122,15
293,31
239,0
289,45
87,36
344,47
200,17
190,34
339,14
662,23
321,56
150,15
274,31
265,0
315,45
62,36
422,47
188,17
206,34
363,14
1005,23
457,56
195,15
255,31
272,0
355,45
89,36
378,47
193,17
237,34
370,14
539,23
316,56
162,15
282,31
255,0
336,45
84,36
392,47
195,17
223,34
351,14
573,23
337,56
99,15
314,31
267,0
341,45
78,36
407,47
163,17
234,34
370,14
532,23
1161,56
233,15
326,31
289,0
311,45
95,36
384,47
211,17
244,34
334,14
510,23
341,56
155,15
275,31
254,0
342,45
99,36
395,47
188,17
238,34
386,14
500,23
314,56
143,15
285,31
235,0
299,45
84,36
338,47
164,17
201,34
306,14
453,23
304,56
167,15
249,31
233,0
318,45
95,36
375,47
185,17
181,34
291,14
514,23
339,56
181,15
258,31
259,0
342,45
83,36
404,47
186,17
197,34
313,14
498,23
342,56
161,15
233,31
248,0
297,45
88,36
344,47
161,17
175,34
318,14
478,23
265,56
153,15
259,31
251,0
301,45
68,36
401,47
204,17
213,34
635,14
530,23
292,56
133,15
277,31
273,0
348,45
96,36
619,47
224,17
546,34
1555,14
506,23
370,56
171,15
217,31
257,0
314,45
88,36
443,47
174,17
216,34
303,14
505,23
681,56
195,15
273,31
272,0
326,45
78,36
572,47
164,17
250,34
1272,14
368,23
273,56
187,15
236,31
265,0
296,45
70,36
342,47
157,17
209,34
309,14
484,23
293,56
140,15
234,31
272,0
349,45
82,36
364,47
158,17
215,34
298,14
746,23
584,56
186,15
244,31
253,0
301,45
86,36
497,47
156,17
246,34
294,14
494,23
361,56
137,15
261,31
245,0
309,45
97,36
374,47
178,17
206,34
301,14
614,23
399,56
181,15
262,31
268,0
318,45
85,36
359,47
145,17
241,34
354,14
514,23
321,56
186,15
281,31
293,0
309,45
83,36
307,47
173,17
228,34
306,14
518,23
309,56
126,15
245,31
265,0
307,45
90,36
419,47
165,17
229,34
317,14
678,23
784,56
159,15
273,31
291,0
334,45
91,36
373,47
160,17
220,34
324,14
455,23
277,56
157,15
241,31
268,0
342,45
83,36
391,47
152,17
252,34
303,14
784,23
362,56
159,15
261,31
272,0
320,45
71,36
447,47
189,17
627,34
2115,14
428,23
483,56
501,15
326,31
447,0
305,45
27,36
430,47
183,17
254,34
408,14
422,23
1198,56
175,15
282,31
274,0
298,45
69,36
406,47
208,17
881,34
1293,14
529,23
436,56
225,15
204,31
280,0
337,45
59,36
462,47
178,17
287,34
526,14
472,23
356,56
176,15
248,31
262,0
275,45
77,36
361,47
166,17
284,34
400,14
403,23
291,56
517,15
281,31
319,0
421,45
69,36
449,47
182,17
233,34
365,14
415,23
346,56
202,15
346,31
282,0
342,45
67,36
379,47
187,17
241,34
345,14
401,23
323,56
156,15
253,31
243,0
273,45
78,36
315,47
196,17
199,34
895,14
884,23
524,56
220,15
317,31
296,0
350,45
63,36
501,47
190,17
251,34
309,14
421,23
342,56
121,15
298,31
232,0
349,45
5,36
367,47
173,17
174,34
294,14
408,23
370,56
162,15
286,31
280,0
542,45
78,36
384,47
186,17
233,34
356,14
447,23
309,56
129,15
313,31
268,0
321,45
59,36
300,47
216,17
182,34
297,14
438,23
388,56
133,15
293,31
286,0
295,45
55,36
320,47
195,17
184,34
313,14
396,23
302,56
160,15
266,31
227,0
276,45
81,36
362,47
161,17
211,34
332,14
422,23
308,56
143,15
316,31
226,0
332,45
62,36
313,47
170,17
193,34
309,14
445,23
314,56
163,15
316,31
244,0
471,45
86,36
301,47
197,17
192,34
394,14
475,23
320,56
119,15
307,31
219,0
311,45
66,36
301,47
163,17
183,34
304,14
405,23
665,56
164,15
267,31
254,0
327,45
78,36
324,47
211,17
177,34
293,14
380,23
512,56
175,15
278,31
261,0
319,45
70,36
326,47
196,17
180,34
301,14
470,23
433,56
262,15
321,31
257,0
371,45
79,36
298,47
185,17
186,34
281,14
516,23
315,56
164,15
271,31
211,0
320,45
83,36
323,47
198,17
185,34
283,14
445,23
321,56
155,15
265,31
245,0
328,45
94,36
287,47
168,17
189,34
321,14
498,23
282,56
146,15
304,31
247,0
402,45
78,36
335,47
197,17
188,34
292,14
431,23
304,56
157,15
254,31
244,0
359,45
71,36
273,47
218,17
192,34
316,14
447,23
311,56
145,15
288,31
231,0
304,45
72,36
287,47
174,17
188,34
287,14
431,23
272,56
157,15
303,31
231,0
319,45
84,36
334,47
177,17
183,34
323,14
427,23
253,56
135,15
291,31
228,0
332,45
69,36
309,47
193,17
186,34
307,14
408,23
273,56
155,15
274,31
233,0
303,45
77,36
334,47
187,17
193,34
327,14
547,23
300,56
112,15
303,31
256,0
337,45
84,36
358,47
143,17
189,34
367,14
835,23
313,56
148,15
270,31
217,0
525,45
62,36
278,47
198,17
184,34
321,14
376,23
297,56
66,15
421,31
225,0
315,45
53,36
306,47
180,17
203,34
315,14
451,23
249,56
128,15
298,31
226,0
543,45
80,36
316,47
229,17
238,34
325,14
548,23
327,56
135,15
340,31
217,0
346,45
63,36
395,47
223,17
209,34
345,14
471,23
331,56
106,15
331,31
238,0
281,45
63,36
350,47
197,17
202,34
669,14
470,23
790,56
159,15
289,31
281,0
401,45
58,36
345,47
250,17
231,34
425,14
579,23
705,56
194,15
270,31
265,0
339,45
59,36
329,47
161,17
258,34
492,14
482,23
311,56
172,15
279,31
269,0
413,45
92,36
392,47
311,17
207,34
525,14
587,23
304,56
144,15
334,31
284,0
295,45
71,36
466,47
240,17
303,34
471,14
565,23
316,56
173,15
318,31
266,0
386,45
66,36
397,47
170,17
235,34
401,14
547,23
315,56
169,15
292,31
245,0
343,45
72,36
359,47
172,17
222,34
331,14
465,23
332,56
179,15
285,31
260,0
396,45
69,36
354,47
206,17
241,34
349,14
553,23
323,56
161,15
297,31
253,0
308,45
78,36
295,47
184,17
229,34
695,14
490,23
300,56
163,15
282,31
263,0
355,45
63,36
321,47
191,17
238,34
451,14
489,23
312,56
132,15
289,31
262,0
367,45
72,36
362,47
189,17
260,34
780,14
599,23
579,56
188,15
280,31
263,0
312,45
76,36
347,47
180,17
201,34
353,14
524,23
279,56
158,15
270,31
237,0
278,45
68,36
360,47
194,17
201,34
365,14
826,23
328,56
173,15
273,31
252,0
340,45
86,36
298,47
185,17
198,34
332,14
487,23
362,56
173,15
298,31
245,0
359,45
80,36
300,47
197,17
199,34
355,14
532,23
331,56
137,15
278,31
255,0
342,45
64,36
255,47
182,17
197,34
310,14
457,23
310,56
141,15
277,31
237,0
351,45
66,36
305,47
182,17
184,34
333,14
531,23
292,56
161,15
281,31
226,0
257,45
58,36
327,47
170,17
425,34
1743,14
447,23
349,56
200,15
359,31
310,0
307,45
81,36
345,47
183,17
224,34
359,14
427,23
350,56
550,15
327,31
324,0
318,45
71,36
383,47
187,17
216,34
357,14
427,23
423,56
170,15
257,31
269,0
306,45
60,36
520,47
184,17
683,34
474,14
452,23
327,56
499,15
321,31
308,0
362,45
62,36
689,47
198,17
250,34
392,14
474,23
335,56
123,15
309,31
273,0
332,45
58,36
315,47
180,17
206,34
363,14
410,23
341,56
166,15
284,31
275,0
293,45
82,36
331,47
192,17
169,34
328,14
455,23
1932,56
236,15
178,31
330,0
364,45
79,36
340,47
184,17
207,34
370,14
440,23
328,56
175,15
282,31
238,0
296,45
74,36
383,47
154,17
215,34
316,14
428,23
322,56
139,15
313,31
242,0
303,45
91,36
351,47
178,17
212,34
328,14
434,23
345,56
122,15
335,31
248,0
287,45
76,36
301,47
178,17
210,34
276,14
412,23
327,56
123,15
322,31
256,0
292,45
67,36
318,47
156,17
202,34
273,14
435,23
1028,56
185,15
302,31
266,0
325,45
9,36
284,47
161,17
199,34
305,14
460,23
687,56
153,15
328,31
264,0
318,45
69,36
1060,47
188,17
217,34
337,14
471,23
323,56
115,15
328,31
231,0
291,45
82,36
394,47
165,17
214,34
304,14
445,23
322,56
46,15
349,31
269,0
302,45
59,36
389,47
207,17
186,34
310,14
451,23
717,56
176,15
310,31
229,0
291,45
76,36
595,47
222,17
206,34
365,14
514,23
588,56
567,15
318,31
314,0
339,45
72,36
286,47
185,17
184,34
321,14
552,23
673,56
154,15
316,31
235,0
306,45
79,36
280,47
160,17
218,34
304,14
549,23
368,56
120,15
299,31
236,0
281,45
63,36
243,47
171,17
178,34
354,14
472,23
652,56
198,15
201,31
277,0
340,45
78,36
317,47
189,17
199,34
290,14
460,23
295,56
122,15
297,31
247,0
302,45
74,36
431,47
152,17
222,34
300,14
476,23
298,56
227,15
306,31
356,0
300,45
63,36
355,47
197,17
192,34
359,14
561,23
412,56
123,15
282,31
267,0
275,45
84,36
336,47
154,17
193,34
314,14
498,23
333,56
139,15
304,31
242,0
269,45
55,36
294,47
160,17
230,34
356,14
537,23
298,56
150,15
288,31
245,0
268,45
66,36
325,47
195,17
205,34
333,14
510,23
344,56
122,15
294,31
239,0
279,45
61,36
343,47
196,17
185,34
333,14
742,23
271,56
134,15
301,31
220,0
264,45
64,36
458,47
248,17
210,34
355,14
473,23
334,56
131,15
274,31
261,0
603,45
83,36
324,47
179,17
215,34
323,14
485,23
306,56
120,15
283,31
233,0
251,45
70,36
338,47
153,17
220,34
289,14
417,23
317,56
120,15
288,31
221,0
244,45
75,36
312,47
181,17
208,34
268,14
763,23
376,56
111,15
315,31
250,0
295,45
72,36
329,47
177,17
225,34
330,14
492,23
438,56
79,15
485,31
274,0
340,45
48,36
356,47
151,17
217,34
349,14
522,23
305,56
136,15
218,31
236,0
282,45
74,36
335,47
158,17
259,34
336,14
607,23
345,56
157,15
244,31
241,0
297,45
68,36
331,47
188,17
223,34
345,14
776,23
363,56
181,15
236,31
225,0
289,45
59,36
323,47
191,17
233,34
318,14
422,23
284,56
153,15
221,31
241,0
249,45
68,36
337,47
154,17
222,34
339,14
702,23
292,56
129,15
235,31
238,0
284,45
85,36
365,47
191,17
238,34
383,14
530,23
289,56
128,15
252,31
224,0
274,45
70,36
311,47
153,17
219,34
332,14
453,23
299,56
127,15
243,31
237,0
286,45
74,36
328,47
134,17
239,34
349,14
507,23
331,56
126,15
247,31
250,0
241,45
87,36
366,47
225,17
238,34
411,14
588,23
308,56
176,15
109,31
240,0
293,45
80,36
286,47
160,17
214,34
340,14
634,23
417,56
127,15
285,31
237,0
310,45
72,36
380,47
152,17
263,34
434,14
638,23
348,56
125,15
331,31
264,0
336,45
63,36
480,47
224,17
228,34
427,14
763,23
585,56
1318,15
90,31
368,0
515,45
69,36
276,47
181,17
261,34
366,14
588,23
1001,56
159,15
286,31
288,0
387,45
66,36
318,47
179,17
236,34
367,14
792,23
824,56
181,15
317,31
248,0
396,45
73,36
325,47
135,17
239,34
364,14
685,23
747,56
211,15
287,31
369,0
460,45
73,36
310,47
150,17
213,34
522,14
634,23
741,56
181,15
251,31
266,0
415,45
63,36
490,47
181,17
198,34
315,14
522,23
861,56
168,15
198,31
271,0
417,45
59,36
304,47
204,17
158,34
339,14
860,23
719,56
209,15
224,31
263,0
379,45
61,36
376,47
165,17
621,34
392,14
439,23
477,56
220,15
268,31
315,0
639,45
77,36
341,47
189,17
273,34
411,14
461,23
456,56
262,15
315,31
452,0
382,45
67,36
348,47
216,17
253,34
475,14
482,23
410,56
220,15
272,31
306,0
312,45
76,36
363,47
205,17
262,34
383,14
499,23
716,56
215,15
252,31
313,0
283,45
70,36
349,47
196,17
298,34
387,14
529,23
361,56
193,15
253,31
266,0
350,45
68,36
429,47
185,17
281,34
373,14
526,23
407,56
222,15
296,31
334,0
399,45
57,36
586,47
460,17
228,34
325,14
506,23
502,56
185,15
237,31
270,0
340,45
54,36
365,47
290,17
277,34
494,14
459,23
357,56
163,15
240,31
266,0
291,45
40,36
383,47
181,17
233,34
374,14
541,23
389,56
183,15
244,31
295,0
297,45
50,36
381,47
214,17
217,34
336,14
476,23
391,56
761,15
385,31
315,0
603,45
64,36
374,47
184,17
277,34
372,14
672,23
414,56
188,15
295,31
284,0
310,45
59,36
367,47
184,17
252,34
363,14
559,23
379,56
183,15
285,31
264,0
593,45
68,36
326,47
184,17
245,34
359,14
598,23
752,56
1289,15
297,31
449,0
499,45
60,36
357,47
175,17
220,34
328,14
580,23
394,56
181,15
301,31
260,0
335,45
52,36
310,47
226,17
217,34
326,14
563,23
363,56
193,15
311,31
281,0
333,45
62,36
415,47
203,17
229,34
343,14
655,23
812,56
199,15
300,31
253,0
611,45
68,36
350,47
186,17
255,34
365,14
585,23
319,56
166,15
327,31
259,0
347,45
72,36
311,47
183,17
238,34
318,14
459,23
312,56
171,15
311,31
273,0
302,45
64,36
334,47
173,17
235,34
283,14
465,23
355,56
154,15
308,31
277,0
280,45
72,36
339,47
194,17
240,34
371,14
561,23
343,56
187,15
284,31
259,0
297,45
64,36
370,47
212,17
242,34
394,14
878,23
347,56
194,15
247,31
251,0
318,45
78,36
382,47
189,17
242,34
322,14
560,23
405,56
176,15
275,31
258,0
309,45
62,36
344,47
175,17
264,34
324,14
568,23
393,56
171,15
268,31
245,0
294,45
70,36
373,47
213,17
232,34
356,14
1044,23
456,56
164,15
307,31
267,0
262,45
72,36
598,47
196,17
222,34
353,14
518,23
380,56
159,15
277,31
239,0
281,45
82,36
370,47
157,17
234,34
319,14
538,23
377,56
507,15
355,31
248,0
428,45
71,36
580,47
203,17
250,34
377,14
606,23
390,56
166,15
296,31
278,0
358,45
74,36
321,47
199,17
217,34
313,14
562,23
382,56
178,15
288,31
248,0
289,45
59,36
380,47
226,17
270,34
369,14
613,23
353,56
164,15
291,31
245,0
256,45
72,36
321,47
182,17
242,34
358,14
715,23
340,56
161,15
279,31
265,0
267,45
88,36
344,47
191,17
241,34
298,14
498,23
400,56
163,15
313,31
261,0
358,45
65,36
375,47
183,17
263,34
350,14
586,23
443,56
149,15
268,31
243,0
282,45
71,36
402,47
193,17
240,34
298,14
594,23
424,56
161,15
296,31
295,0
319,45
72,36
337,47
166,17
238,34
296,14
477,23
324,56
164,15
248,31
229,0
252,45
76,36
355,47
185,17
228,34
304,14
604,23
365,56
145,15
283,31
247,0
265,45
63,36
346,47
165,17
225,34
267,14
428,23
355,56
163,15
287,31
224,0
275,45
73,36
452,47
170,17
233,34
302,14
472,23
355,56
141,15
280,31
222,0
256,45
66,36
449,47
185,17
226,34
288,14
486,23
338,56
161,15
297,31
239,0
273,45
74,36
386,47
171,17
247,34
299,14
523,23
361,56
161,15
276,31
218,0
274,45
64,36
428,47
147,17
256,34
302,14
445,23
339,56
135,15
269,31
213,0
292,45
72,36
393,47
170,17
250,34
362,14
597,23
333,56
506,15
329,31
236,0
324,45
75,36
376,47
162,17
226,34
341,14
535,23
340,56
149,15
330,31
254,0
374,45
58,36
454,47
218,17
222,34
415,14
652,23
347,56
171,15
281,31
231,0
315,45
55,36
438,47
187,17
254,34
434,14
690,23
923,56
232,15
261,31
301,0
616,45
89,36
490,47
230,17
250,34
356,14
617,23
395,56
176,15
331,31
267,0
413,45
92,36
398,47
222,17
232,34
379,14
649,23
701,56
177,15
268,31
256,0
297,45
67,36
427,47
204,17
221,34
338,14
624,23
585,56
211,15
272,31
270,0
630,45
93,36
494,47
220,17
245,34
374,14
603,23
380,56
193,15
280,31
242,0
578,45
96,36
331,47
197,17
216,34
349,14
593,23
346,56
206,15
196,31
290,0
432,45
69,36
399,47
199,17
253,34
367,14
655,23
511,56
188,15
312,31
261,0
398,45
68,36
431,47
161,17
598,34
329,14
526,23
567,56
216,15
210,31
286,0
288,45
58,36
393,47
188,17
241,34
438,14
573,23
347,56
198,15
237,31
410,0
742,45
67,36
359,47
196,17
257,34
397,14
521,23
373,56
156,15
256,31
304,0
294,45
58,36
292,47
200,17
223,34
336,14
482,23
350,56
150,15
261,31
280,0
253,45
59,36
343,47
192,17
208,34
317,14
493,23
390,56
158,15
258,31
248,0
240,45
74,36
294,47
217,17
190,34
329,14
498,23
303,56
173,15
250,31
255,0
282,45
69,36
349,47
175,17
203,34
318,14
456,23
339,56
229,15
215,31
382,0
383,45
76,36
457,47
202,17
215,34
348,14
572,23
365,56
129,15
288,31
255,0
275,45
73,36
404,47
200,17
174,34
334,14
1244,23
387,56
163,15
349,31
256,0
292,45
76,36
975,47
117,17
347,34
930,14
1083,23
774,56
197,15
203,31
272,0
267,45
77,36
382,47
178,17
216,34
323,14
1269,23
472,56
189,15
192,31
247,0
290,45
78,36
375,47
197,17
217,34
352,14
791,23
557,56
990,15
270,31
336,0
464,45
70,36
308,47
184,17
195,34
268,14
1152,23
538,56
261,15
247,31
318,0
369,45
72,36
242,47
211,17
189,34
344,14
1097,23
410,56
179,15
272,31
247,0
267,45
83,36
341,47
199,17
233,34
289,14
783,23
382,56
191,15
209,31
274,0
278,45
84,36
345,47
206,17
184,34
310,14
653,23
384,56
151,15
238,31
235,0
248,45
71,36
314,47
196,17
257,34
295,14
599,23
388,56
173,15
239,31
243,0
267,45
84,36
341,47
158,17
244,34
296,14
699,23
354,56
240,15
260,31
268,0
771,45
80,36
336,47
186,17
219,34
336,14
573,23
374,56
158,15
238,31
245,0
282,45
73,36
409,47
208,17
222,34
355,14
662,23
406,56
157,15
299,31
244,0
268,45
76,36
387,47
187,17
262,34
340,14
567,23
364,56
191,15
219,31
272,0
264,45
71,36
349,47
162,17
236,34
298,14
1011,23
500,56
220,15
267,31
262,0
272,45
77,36
327,47
185,17
222,34
316,14
993,23
387,56
196,15
230,31
329,0
402,45
71,36
712,47
172,17
229,34
326,14
605,23
350,56
156,15
275,31
255,0
273,45
80,36
448,47
217,17
242,34
366,14
659,23
355,56
197,15
231,31
254,0
270,45
79,36
362,47
181,17
231,34
318,14
525,23
357,56
171,15
254,31
241,0
258,45
79,36
393,47
169,17
238,34
291,14
541,23
338,56
224,15
151,31
233,0
295,45
72,36
304,47
169,17
212,34
271,14
473,23
321,56
204,15
206,31
215,0
261,45
55,36
349,47
203,17
199,34
283,14
462,23
370,56
169,15
264,31
254,0
272,45
56,36
422,47
207,17
220,34
335,14
559,23
288,56
164,15
244,31
240,0
269,45
74,36
371,47
192,17
231,34
305,14
620,23
319,56
150,15
265,31
222,0
234,45
63,36
302,47
180,17
219,34
279,14
471,23
321,56
159,15
228,31
207,0
240,45
46,36
349,47
179,17
190,34
296,14
455,23
324,56
181,15
244,31
208,0
249,45
49,36
296,47
171,17
185,34
278,14
501,23
347,56
182,15
254,31
234,0
693,45
73,36
365,47
168,17
235,34
327,14
691,23
685,56
182,15
185,31
256,0
659,45
87,36
416,47
201,17
243,34
376,14
675,23
657,56
606,15
216,31
230,0
324,45
64,36
322,47
195,17
191,34
325,14
617,23
351,56
149,15
279,31
215,0
602,45
91,36
337,47
180,17
217,34
788,14
521,23
377,56
113,15
380,31
232,0
242,45
74,36
350,47
243,17
293,34
330,14
569,23
683,56
180,15
259,31
233,0
296,45
71,36
371,47
198,17
257,34
603,14
541,23
809,56
224,15
216,31
209,0
270,45
75,36
356,47
215,17
224,34
414,14
604,23
361,56
159,15
257,31
229,0
258,45
81,36
335,47
164,17
234,34
313,14
571,23
367,56
213,15
288,31
264,0
368,45
61,36
288,47
152,17
217,34
289,14
443,23
359,56
138,15
251,31
208,0
253,45
69,36
338,47
195,17
200,34
288,14
465,23
353,56
138,15
283,31
220,0
230,45
73,36
326,47
174,17
187,34
292,14
755,23
590,56
164,15
246,31
228,0
270,45
66,36
321,47
180,17
228,34
277,14
480,23
321,56
148,15
252,31
205,0
225,45
76,36
384,47
196,17
265,34
1055,14
384,23
364,56
155,15
244,31
235,0
241,45
67,36
378,47
390,17
450,34
1378,14
474,23
323,56
130,15
257,31
207,0
232,45
69,36
324,47
152,17
205,34
324,14
471,23
340,56
122,15
277,31
202,0
256,45
83,36
470,47
195,17
237,34
358,14
576,23
325,56
149,15
239,31
228,0
251,45
56,36
439,47
124,17
256,34
451,14
475,23
383,56
170,15
209,31
252,0
278,45
65,36
398,47
152,17
225,34
327,14
475,23
376,56
514,15
274,31
245,0
393,45
67,36
350,47
163,17
242,34
313,14
542,23
405,56
1291,15
703,31
225,0
295,45
78,36
321,47
177,17
228,34
347,14
764,23
384,56
201,15
283,31
268,0
317,45
71,36
370,47
182,17
207,34
342,14
655,23
435,56
186,15
259,31
257,0
309,45
52,36
455,47
185,17
256,34
364,14
731,23
445,56
161,15
335,31
291,0
423,45
74,36
402,47
189,17
226,34
332,14
771,23
356,56
153,15
306,31
243,0
310,45
61,36
441,47
167,17
263,34
372,14
762,23
475,56
621,15
282,31
263,0
308,45
74,36
385,47
186,17
252,34
349,14
825,23
470,56
302,15
405,31
318,0
349,45
59,36
428,47
197,17
256,34
377,14
581,23
405,56
165,15
373,31
282,0
698,45
95,36
344,47
180,17
232,34
339,14
549,23
630,56
199,15
317,31
251,0
296,45
68,36
358,47
191,17
207,34
311,14
483,23
401,56
153,15
374,31
297,0
407,45
54,36
321,47
175,17
235,34
318,14
480,23
349,56
172,15
321,31
232,0
299,45
67,36
358,47
156,17
232,34
310,14
1028,23
398,56
159,15
329,31
239,0
294,45
55,36
390,47
182,17
203,34
318,14
658,23
389,56
170,15
587,31
387,0
429,45
74,36
355,47
154,17
223,34
315,14
589,23
382,56
173,15
275,31
235,0
287,45
83,36
393,47
146,17
247,34
291,14
502,23
359,56
149,15
331,31
250,0
282,45
69,36
367,47
191,17
240,34
337,14
541,23
391,56
172,15
309,31
232,0
304,45
71,36
470,47
184,17
249,34
307,14
546,23
351,56
180,15
285,31
246,0
348,45
64,36
376,47
160,17
183,34
326,14
600,23
383,56
289,15
333,31
262,0
612,45
74,36
367,47
169,17
225,34
334,14
621,23
786,56
188,15
303,31
235,0
306,45
64,36
306,47
160,17
196,34
297,14
583,23
389,56
171,15
284,31
201,0
268,45
64,36
379,47
235,17
223,34
404,14
583,23
353,56
134,15
326,31
228,0
300,45
60,36
414,47
212,17
208,34
295,14
500,23
331,56
177,15
281,31
236,0
291,45
62,36
345,47
155,17
214,34
294,14
563,23
365,56
140,15
301,31
231,0
263,45
68,36
366,47
176,17
168,34
295,14
617,23
836,56
174,15
247,31
246,0
310,45
53,36
413,47
142,17
234,34
310,14
500,23
337,56
144,15
271,31
228,0
288,45
67,36
351,47
181,17
197,34
305,14
553,23
367,56
156,15
286,31
233,0
274,45
61,36
356,47
150,17
214,34
299,14
497,23
394,56
259,15
281,31
239,0
283,45
55,36
306,47
174,17
194,34
292,14
534,23
357,56
186,15
285,31
273,0
309,45
61,36
355,47
152,17
205,34
286,14
530,23
344,56
136,15
318,31
215,0
251,45
63,36
350,47
168,17
182,34
274,14
477,23
344,56
118,15
294,31
238,0
285,45
56,36
397,47
176,17
207,34
296,14
529,23
792,56
188,15
243,31
244,0
299,45
67,36
358,47
151,17
199,34
302,14
540,23
386,56
566,15
298,31
307,0
406,45
56,36
325,47
145,17
211,34
267,14
483,23
439,56
509,15
253,31
265,0
599,45
66,36
354,47
156,17
204,34
308,14
615,23
793,56
171,15
290,31
287,0
595,45
78,36
375,47
165,17
194,34
328,14
595,23
658,56
178,15
306,31
286,0
621,45
67,36
378,47
157,17
216,34
327,14
606,23
630,56
179,15
330,31
254,0
353,45
74,36
403,47
168,17
211,34
303,14
535,23
791,56
193,15
290,31
271,0
606,45
79,36
312,47
153,17
204,34
294,14
568,23
450,56
161,15
272,31
247,0
586,45
77,36
334,47
167,17
191,34
281,14
548,23
534,56
176,15
285,31
251,0
278,45
68,36
343,47
132,17
213,34
282,14
579,23
439,56
169,15
273,31
236,0
270,45
74,36
376,47
141,17
184,34
270,14
546,23
510,56
222,15
270,31
251,0
290,45
70,36
358,47
151,17
208,34
331,14
525,23
564,56
175,15
283,31
246,0
285,45
71,36
434,47
145,17
214,34
279,14
487,23
416,56
165,15
272,31
257,0
295,45
66,36
361,47
149,17
194,34
287,14
525,23
660,56
194,15
281,31
257,0
301,45
61,36
329,47
151,17
205,34
302,14
603,23
699,56
195,15
216,31
270,0
287,45
46,36
336,47
153,17
186,34
300,14
451,23
439,56
174,15
254,31
221,0
277,45
63,36
375,47
134,17
240,34
292,14
427,23
487,56
159,15
258,31
242,0
273,45
69,36
361,47
152,17
197,34
291,14
509,23
512,56
173,15
295,31
247,0
656,45
65,36
