984,47
431,17
898,34
461,14
1329,23
432,56
201,15
193,31
417,0
859,45
69,36
857,47
269,17
478,34
609,14
922,23
232,56
242,15
278,31
1492,0
444,45
60,36
450,47
214,17
376,34
552,14
1523,23
858,56
335,15
252,31
460,0
574,45
87,36
953,47
326,17
303,34
360,14
799,23
384,56
1040,15
304,31
425,0
659,45
101,36
908,47
296,17
292,34
429,14
1292,23
798,56
279,15
195,31
307,0
413,45
97,36
492,47
294,17
325,34
379,14
737,23
354,56
605,15
357,31
371,0
408,45
63,36
494,47
254,17
816,34
857,14
662,23
431,56
765,15
312,31
381,0
384,45
81,36
1424,47
322,17
974,34
364,14
722,23
438,56
728,15
371,31
322,0
542,45
82,36
515,47
1745,17
327,34
553,14
672,23
721,56
575,15
396,31
369,0
465,45
100,36
1430,47
327,17
360,34
454,14
1096,23
638,56
357,15
285,31
475,0
661,45
68,36
1482,47
256,17
1102,34
319,14
639,23
434,56
489,15
320,31
1075,0
497,45
128,36
470,47
239,17
261,34
664,14
793,23
358,56
290,15
268,31
318,0
402,45
86,36
1227,47
290,17
612,34
347,14
1097,23
431,56
240,15
248,31
308,0
351,45
87,36
1370,47
262,17
537,34
340,14
672,23
323,56
341,15
282,31
341,0
374,45
99,36
743,47
235,17
466,34
328,14
720,23
327,56
204,15
221,31
305,0
380,45
84,36
1413,47
223,17
342,34
355,14
558,23
286,56
245,15
235,31
381,0
386,45
90,36
569,47
246,17
206,34
568,14
640,23
310,56
197,15
232,31
328,0
360,45
97,36
821,47
255,17
732,34
418,14
608,23
327,56
212,15
272,31
292,0
324,45
88,36
562,47
328,17
1077,34
382,14
648,23
491,56
286,15
244,31
353,0
451,45
80,36
655,47
210,17
312,34
418,14
594,23
280,56
232,15
148,31
474,0
380,45
94,36
444,47
280,17
327,34
404,14
718,23
401,56
252,15
386,31
687,0
478,45
103,36
1015,47
280,17
1513,34
350,14
1006,23
374,56
459,15
444,31
371,0
313,45
92,36
720,47
377,17
478,34
411,14
895,23
2231,56
361,15
323,31
285,0
334,45
93,36
1258,47
287,17
341,34
847,14
877,23
412,56
309,15
256,31
376,0
325,45
93,36
480,47
305,17
404,34
1117,14
595,23
451,56
354,15
264,31
329,0
325,45
89,36
604,47
277,17
838,34
535,14
743,23
326,56
216,15
220,31
335,0
475,45
83,36
587,47
307,17
282,34
719,14
772,23
343,56
255,15
228,31
322,0
328,45
75,36
906,47
263,17
263,34
371,14
588,23
316,56
266,15
288,31
302,0
308,45
77,36
493,47
292,17
262,34
386,14
1081,23
251,56
199,15
308,31
243,0
355,45
90,36
445,47
234,17
264,34
373,14
618,23
288,56
237,15
263,31
278,0
440,45
82,36
694,47
281,17
209,34
1287,14
628,23
901,56
698,15
317,31
401,0
418,45
89,36
626,47
287,17
271,34
341,14
656,23
346,56
255,15
255,31
296,0
311,45
76,36
572,47
254,17
264,34
323,14
696,23
372,56
281,15
209,31
305,0
341,45
96,36
735,47
254,17
210,34
412,14
631,23
268,56
240,15
225,31
830,0
326,45
86,36
531,47
321,17
293,34
370,14
925,23
323,56
229,15
249,31
710,0
413,45
76,36
521,47
353,17
369,34
657,14
650,23
286,56
305,15
700,31
1267,0
391,45
72,36
474,47
315,17
307,34
658,14
1169,23
342,56
239,15
226,31
582,0
419,45
64,36
734,47
366,17
341,34
437,14
816,23
267,56
197,15
320,31
1002,0
646,45
116,36
406,47
240,17
350,34
383,14
710,23
1052,56
351,15
1086,31
300,0
371,45
72,36
459,47
280,17
396,34
523,14
966,23
308,56
521,15
427,31
635,0
387,45
58,36
1796,47
292,17
259,34
382,14
822,23
358,56
257,15
249,31
1216,0
371,45
74,36
861,47
229,17
778,34
389,14
634,23
884,56
476,15
270,31
512,0
319,45
86,36
515,47
209,17
282,34
443,14
995,23
320,56
383,15
1001,31
304,0
393,45
88,36
592,47
1453,17
382,34
472,14
1097,23
632,56
261,15
356,31
607,0
443,45
90,36
618,47
299,17
354,34
422,14
934,23
644,56
314,15
1186,31
361,0
323,45
87,36
470,47
191,17
283,34
420,14
1043,23
248,56
256,15
245,31
319,0
454,45
86,36
1656,47
226,17
262,34
328,14
645,23
274,56
353,15
305,31
693,0
305,45
84,36
2763,47
205,17
476,34
294,14
1200,23
216,56
225,15
187,31
269,0
470,45
83,36
1931,47
412,17
346,34
319,14
668,23
380,56
297,15
181,31
279,0
284,45
84,36
540,47
1452,17
436,34
398,14
1023,23
328,56
247,15
210,31
293,0
346,45
74,36
520,47
228,17
299,34
385,14
1080,23
356,56
355,15
403,31
577,0
509,45
93,36
433,47
366,17
290,34
399,14
739,23
473,56
406,15
321,31
456,0
542,45
91,36
756,47
338,17
691,34
336,14
660,23
377,56
283,15
273,31
653,0
543,45
112,36
433,47
284,17
279,34
406,14
599,23
371,56
286,15
309,31
323,0
498,45
87,36
444,47
280,17
245,34
393,14
1294,23
360,56
254,15
340,31
348,0
432,45
81,36
592,47
355,17
303,34
371,14
1101,23
367,56
244,15
286,31
381,0
337,45
70,36
564,47
324,17
870,34
428,14
718,23
396,56
235,15
276,31
331,0
399,45
68,36
512,47
300,17
742,34
373,14
630,23
408,56
307,15
325,31
378,0
417,45
40,36
960,47
395,17
680,34
375,14
632,23
338,56
259,15
255,31
608,0
392,45
84,36
567,47
345,17
891,34
329,14
588,23
357,56
295,15
256,31
388,0
392,45
80,36
470,47
366,17
1454,34
755,14
957,23
352,56
445,15
148,31
417,0
486,45
109,36
475,47
332,17
281,34
438,14
633,23
391,56
345,15
273,31
385,0
362,45
98,36
639,47
335,17
380,34
421,14
667,23
388,56
335,15
237,31
427,0
302,45
90,36
514,47
282,17
267,34
387,14
851,23
357,56
322,15
286,31
386,0
388,45
90,36
451,47
298,17
289,34
435,14
716,23
408,56
365,15
284,31
449,0
440,45
92,36
574,47
366,17
310,34
458,14
636,23
397,56
267,15
291,31
356,0
425,45
89,36
463,47
232,17
244,34
453,14
758,23
383,56
357,15
327,31
371,0
435,45
88,36
483,47
337,17
307,34
417,14
623,23
420,56
331,15
359,31
366,0
385,45
97,36
511,47
323,17
1279,34
461,14
805,23
393,56
415,15
328,31
333,0
376,45
89,36
429,47
264,17
290,34
970,14
627,23
295,56
300,15
341,31
420,0
402,45
72,36
465,47
315,17
315,34
336,14
631,23
335,56
289,15
323,31
384,0
397,45
84,36
453,47
357,17
280,34
346,14
655,23
354,56
265,15
314,31
324,0
355,45
74,36
408,47
314,17
300,34
418,14
645,23
355,56
262,15
308,31
307,0
376,45
90,36
484,47
334,17
321,34
437,14
579,23
387,56
355,15
348,31
452,0
372,45
95,36
580,47
351,17
876,34
349,14
656,23
384,56
276,15
253,31
355,0
985,45
106,36
678,47
346,17
304,34
363,14
625,23
354,56
322,15
323,31
395,0
408,45
85,36
1262,47
286,17
285,34
351,14
729,23
334,56
277,15
307,31
359,0
395,45
83,36
491,47
289,17
333,34
578,14
1313,23
411,56
205,15
317,31
344,0
365,45
83,36
511,47
324,17
283,34
1418,14
960,23
383,56
243,15
258,31
725,0
387,45
81,36
412,47
498,17
433,34
383,14
657,23
455,56
492,15
421,31
511,0
470,45
72,36
466,47
388,17
685,34
388,14
674,23
548,56
461,15
518,31
752,0
468,45
95,36
465,47
368,17
806,34
374,14
686,23
425,56
322,15
394,31
443,0
388,45
73,36
791,47
312,17
872,34
364,14
637,23
375,56
331,15
376,31
703,0
428,45
88,36
528,47
317,17
1029,34
401,14
994,23
325,56
252,15
253,31
371,0
370,45
86,36
484,47
327,17
294,34
331,14
718,23
386,56
255,15
307,31
412,0
332,45
95,36
503,47
302,17
322,34
360,14
542,23
360,56
1020,15
309,31
360,0
433,45
89,36
623,47
694,17
345,34
281,14
552,23
313,56
257,15
256,31
415,0
444,45
72,36
613,47
328,17
313,34
354,14
576,23
436,56
300,15
398,31
391,0
381,45
83,36
420,47
320,17
325,34
351,14
584,23
407,56
251,15
354,31
983,0
395,45
90,36
459,47
316,17
312,34
341,14
594,23
361,56
978,15
374,31
366,0
366,45
100,36
451,47
322,17
321,34
333,14
641,23
355,56
349,15
294,31
391,0
376,45
81,36
580,47
261,17
316,34
331,14
584,23
325,56
984,15
366,31
387,0
427,45
99,36
492,47
314,17
323,34
310,14
581,23
358,56
296,15
309,31
318,0
388,45
80,36
439,47
314,17
328,34
331,14
716,23
310,56
249,15
281,31
387,0
346,45
87,36
546,47
288,17
350,34
420,14
680,23
338,56
283,15
274,31
311,0
374,45
66,36
720,47
284,17
692,34
298,14
682,23
315,56
260,15
307,31
353,0
438,45
82,36
576,47
295,17
323,34
341,14
576,23
328,56
253,15
279,31
341,0
542,45
79,36
507,47
293,17
801,34
279,14
573,23
417,56
340,15
289,31
319,0
401,45
82,36
655,47
271,17
405,34
370,14
539,23
369,56
310,15
249,31
359,0
340,45
84,36
504,47
314,17
785,34
282,14
584,23
284,56
290,15
261,31
294,0
428,45
79,36
460,47
267,17
268,34
437,14
653,23
392,56
461,15
350,31
457,0
454,45
108,36
465,47
285,17
259,34
350,14
631,23
336,56
255,15
218,31
290,0
440,45
95,36
374,47
256,17
200,34
515,14
778,23
347,56
236,15
363,31
1524,0
870,45
80,36
400,47
254,17
194,34
371,14
589,23
330,56
336,15
327,31
417,0
363,45
73,36
464,47
322,17
292,34
373,14
954,23
391,56
271,15
308,31
461,0
395,45
56,36
454,47
288,17
652,34
382,14
681,23
312,56
207,15
277,31
386,0
365,45
63,36
453,47
271,17
624,34
342,14
699,23
321,56
514,15
423,31
495,0
415,45
68,36
494,47
298,17
413,34
390,14
697,23
380,56
337,15
311,31
441,0
397,45
78,36
417,47
345,17
286,34
320,14
584,23
352,56
264,15
337,31
323,0
433,45
84,36
522,47
316,17
329,34
352,14
517,23
332,56
307,15
345,31
373,0
382,45
95,36
523,47
324,17
634,34
427,14
693,23
394,56
382,15
339,31
409,0
404,45
98,36
433,47
305,17
299,34
351,14
602,23
320,56
290,15
425,31
368,0
387,45
88,36
979,47
311,17
298,34
329,14
578,23
311,56
275,15
284,31
331,0
449,45
75,36
929,47
328,17
676,34
253,14
541,23
263,56
255,15
295,31
302,0
437,45
70,36
461,47
275,17
259,34
386,14
565,23
261,56
287,15
268,31
322,0
461,45
94,36
458,47
301,17
263,34
384,14
573,23
249,56
263,15
321,31
317,0
432,45
88,36
644,47
272,17
281,34
339,14
470,23
250,56
218,15
249,31
334,0
419,45
88,36
481,47
293,17
276,34
340,14
597,23
246,56
328,15
234,31
350,0
347,45
85,36
524,47
336,17
267,34
346,14
496,23
278,56
237,15
228,31
296,0
385,45
78,36
481,47
262,17
266,34
318,14
515,23
251,56
220,15
223,31
279,0
325,45
87,36
395,47
209,17
249,34
333,14
513,23
211,56
245,15
181,31
292,0
341,45
85,36
396,47
268,17
218,34
322,14
512,23
240,56
204,15
228,31
286,0
329,45
78,36
393,47
222,17
198,34
270,14
567,23
208,56
208,15
216,31
301,0
334,45
58,36
747,47
221,17
226,34
283,14
532,23
248,56
300,15
264,31
959,0
395,45
75,36
395,47
240,17
165,34
302,14
510,23
236,56
218,15
235,31
289,0
373,45
87,36
412,47
205,17
232,34
314,14
534,23
208,56
190,15
227,31
288,0
341,45
85,36
396,47
196,17
198,34
308,14
489,23
204,56
200,15
215,31
257,0
329,45
94,36
380,47
233,17
471,34
303,14
517,23
210,56
212,15
247,31
290,0
333,45
90,36
328,47
248,17
651,34
305,14
526,23
220,56
312,15
26,31
328,0
371,45
85,36
439,47
257,17
285,34
350,14
539,23
300,56
287,15
361,31
306,0
363,45
88,36
405,47
215,17
249,34
410,14
549,23
253,56
249,15
293,31
272,0
327,45
85,36
368,47
215,17
214,34
293,14
556,23
262,56
968,15
245,31
369,0
406,45
86,36
568,47
277,17
253,34
303,14
579,23
265,56
228,15
273,31
375,0
342,45
74,36
447,47
232,17
224,34
306,14
559,23
293,56
204,15
239,31
309,0
329,45
91,36
647,47
215,17
625,34
325,14
560,23
294,56
192,15
241,31
391,0
399,45
92,36
436,47
298,17
247,34
293,14
579,23
285,56
248,15
299,31
331,0
310,45
87,36
548,47
235,17
680,34
504,14
1025,23
455,56
260,15
208,31
302,0
341,45
65,36
700,47
271,17
285,34
635,14
615,23
505,56
334,15
184,31
300,0
351,45
87,36
485,47
320,17
270,34
311,14
626,23
302,56
207,15
247,31
399,0
387,45
82,36
775,47
267,17
395,34
343,14
584,23
323,56
438,15
399,31
368,0
348,45
88,36
429,47
257,17
280,34
385,14
614,23
362,56
292,15
284,31
785,0
413,45
78,36
438,47
331,17
300,34
291,14
528,23
295,56
227,15
268,31
189,0
331,45
86,36
469,47
229,17
208,34
262,14
543,23
202,56
216,15
213,31
287,0
390,45
75,36
1130,47
213,17
324,34
293,14
551,23
229,56
216,15
213,31
265,0
309,45
95,36
1387,47
258,17
308,34
320,14
552,23
300,56
269,15
234,31
495,0
449,45
93,36
560,47
277,17
295,34
350,14
645,23
292,56
241,15
238,31
410,0
508,45
80,36
620,47
273,17
299,34
344,14
623,23
316,56
305,15
265,31
323,0
377,45
84,36
626,47
253,17
273,34
1058,14
698,23
293,56
260,15
230,31
346,0
434,45
83,36
501,47
248,17
399,34
379,14
627,23
287,56
253,15
240,31
352,0
368,45
75,36
531,47
237,17
405,34
329,14
564,23
292,56
276,15
44,31
288,0
682,45
79,36
491,47
297,17
384,34
366,14
771,23
302,56
189,15
257,31
294,0
960,45
72,36
433,47
318,17
266,34
345,14
551,23
298,56
245,15
279,31
302,0
1040,45
85,36
532,47
335,17
295,34
472,14
640,23
388,56
345,15
318,31
335,0
424,45
132,36
514,47
355,17
299,34
353,14
558,23
363,56
257,15
331,31
361,0
377,45
112,36
507,47
321,17
245,34
356,14
555,23
338,56
275,15
262,31
343,0
386,45
118,36
422,47
338,17
293,34
361,14
552,23
316,56
258,15
302,31
321,0
405,45
107,36
441,47
326,17
210,34
295,14
514,23
298,56
212,15
263,31
269,0
343,45
98,36
367,47
229,17
204,34
336,14
730,23
287,56
202,15
246,31
311,0
390,45
99,36
404,47
279,17
249,34
322,14
566,23
259,56
204,15
253,31
265,0
416,45
85,36
363,47
344,17
232,34
295,14
650,23
421,56
259,15
229,31
246,0
359,45
78,36
453,47
260,17
228,34
291,14
532,23
223,56
221,15
247,31
277,0
342,45
95,36
371,47
293,17
228,34
286,14
777,23
224,56
210,15
224,31
243,0
330,45
88,36
362,47
248,17
322,34
329,14
565,23
271,56
256,15
227,31
352,0
404,45
90,36
376,47
285,17
233,34
337,14
524,23
286,56
260,15
239,31
329,0
395,45
82,36
469,47
285,17
203,34
286,14
485,23
252,56
228,15
207,31
311,0
475,45
98,36
336,47
270,17
242,34
332,14
496,23
251,56
180,15
272,31
324,0
350,45
100,36
394,47
240,17
128,34
274,14
485,23
224,56
191,15
242,31
297,0
433,45
74,36
385,47
228,17
188,34
289,14
601,23
283,56
159,15
240,31
237,0
316,45
90,36
299,47
236,17
197,34
284,14
469,23
233,56
249,15
269,31
322,0
439,45
47,36
304,47
290,17
465,34
284,14
739,23
235,56
208,15
214,31
260,0
312,45
95,36
389,47
254,17
216,34
734,14
529,23
224,56
276,15
243,31
354,0
320,45
86,36
561,47
249,17
230,34
278,14
521,23
206,56
225,15
231,31
244,0
318,45
90,36
401,47
229,17
229,34
393,14
559,23
327,56
330,15
233,31
252,0
364,45
102,36
493,47
236,17
236,34
322,14
558,23
261,56
470,15
265,31
282,0
474,45
90,36
435,47
272,17
249,34
267,14
534,23
266,56
264,15
206,31
287,0
317,45
94,36
382,47
262,17
242,34
282,14
545,23
288,56
377,15
294,31
286,0
680,45
89,36
476,47
235,17
220,34
340,14
1129,23
343,56
204,15
218,31
296,0
437,45
91,36
407,47
266,17
274,34
289,14
514,23
272,56
290,15
262,31
372,0
423,45
72,36
471,47
317,17
325,34
296,14
684,23
292,56
291,15
264,31
315,0
415,45
92,36
519,47
310,17
290,34
291,14
551,23
282,56
241,15
250,31
321,0
376,45
89,36
433,47
276,17
286,34
763,14
517,23
264,56
209,15
208,31
276,0
380,45
66,36
402,47
233,17
313,34
300,14
1028,23
346,56
262,15
245,31
277,0
333,45
102,36
487,47
247,17
274,34
328,14
537,23
328,56
289,15
240,31
299,0
321,45
93,36
388,47
227,17
229,34
634,14
814,23
224,56
220,15
256,31
343,0
393,45
87,36
891,47
216,17
253,34
282,14
550,23
288,56
253,15
224,31
333,0
882,45
95,36
650,47
247,17
926,34
292,14
589,23
278,56
250,15
234,31
337,0
706,45
88,36
525,47
241,17
255,34
260,14
552,23
237,56
249,15
212,31
273,0
352,45
104,36
433,47
243,17
266,34
262,14
549,23
223,56
190,15
239,31
282,0
360,45
89,36
566,47
239,17
259,34
284,14
529,23
244,56
240,15
197,31
301,0
376,45
105,36
401,47
245,17
236,34
242,14
524,23
232,56
228,15
193,31
320,0
341,45
91,36
437,47
202,17
252,34
262,14
488,23
228,56
241,15
204,31
298,0
312,45
103,36
574,47
231,17
149,34
432,14
561,23
240,56
254,15
221,31
312,0
378,45
117,36
411,47
237,17
305,34
359,14
574,23
251,56
263,15
182,31
301,0
349,45
66,36
391,47
193,17
240,34
1038,14
683,23
211,56
229,15
190,31
275,0
373,45
98,36
417,47
271,17
268,34
366,14
572,23
264,56
241,15
232,31
309,0
370,45
105,36
753,47
221,17
271,34
281,14
1394,23
205,56
206,15
207,31
234,0
330,45
101,36
442,47
252,17
971,34
365,14
512,23
211,56
460,15
251,31
281,0
596,45
91,36
457,47
195,17
249,34
371,14
530,23
200,56
194,15
209,31
282,0
604,45
84,36
467,47
220,17
244,34
345,14
554,23
259,56
260,15
163,31
315,0
399,45
105,36
534,47
210,17
233,34
423,14
608,23
219,56
236,15
195,31
250,0
338,45
93,36
588,47
260,17
230,34
353,14
626,23
367,56
285,15
394,31
434,0
433,45
102,36
438,47
294,17
291,34
391,14
561,23
411,56
376,15
326,31
358,0
439,45
102,36
412,47
357,17
350,34
351,14
594,23
352,56
362,15
312,31
366,0
428,45
63,36
437,47
321,17
278,34
410,14
738,23
338,56
311,15
286,31
293,0
791,45
96,36
486,47
357,17
322,34
385,14
566,23
371,56
324,15
253,31
291,0
386,45
87,36
451,47
380,17
277,34
358,14
545,23
331,56
361,15
388,31
328,0
367,45
96,36
503,47
302,17
284,34
655,14
695,23
365,56
302,15
237,31
320,0
457,45
79,36
418,47
351,17
244,34
357,14
572,23
299,56
296,15
248,31
295,0
400,45
72,36
438,47
327,17
296,34
295,14
565,23
327,56
201,15
273,31
332,0
411,45
94,36
388,47
321,17
288,34
374,14
1184,23
284,56
265,15
605,31
455,0
347,45
123,36
358,47
379,17
317,34
326,14
516,23
258,56
335,15
225,31
320,0
400,45
98,36
530,47
288,17
237,34
317,14
571,23
261,56
233,15
313,31
327,0
352,45
91,36
393,47
275,17
240,34
364,14
511,23
276,56
237,15
219,31
279,0
415,45
91,36
430,47
283,17
256,34
267,14
542,23
274,56
215,15
225,31
280,0
958,45
98,36
730,47
244,17
220,34
284,14
607,23
216,56
242,15
230,31
322,0
365,45
98,36
329,47
373,17
727,34
549,14
518,23
254,56
545,15
206,31
321,0
393,45
96,36
570,47
299,17
271,34
303,14
550,23
299,56
241,15
257,31
279,0
439,45
101,36
383,47
271,17
244,34
300,14
516,23
267,56
246,15
210,31
252,0
412,45
4,36
376,47
252,17
258,34
292,14
453,23
238,56
297,15
158,31
287,0
353,45
100,36
480,47
314,17
260,34
259,14
555,23
196,56
211,15
216,31
285,0
374,45
95,36
344,47
307,17
214,34
264,14
507,23
230,56
256,15
240,31
287,0
363,45
92,36
683,47
222,17
241,34
275,14
502,23
293,56
193,15
238,31
281,0
383,45
92,36
647,47
221,17
255,34
267,14
483,23
228,56
244,15
291,31
320,0
343,45
85,36
746,47
217,17
236,34
267,14
527,23
437,56
276,15
207,31
267,0
338,45
78,36
384,47
274,17
225,34
271,14
738,23
435,56
277,15
224,31
249,0
336,45
88,36
1108,47
240,17
279,34
274,14
526,23
272,56
238,15
211,31
269,0
429,45
78,36
631,47
246,17
250,34
294,14
508,23
281,56
202,15
247,31
294,0
375,45
85,36
421,47
248,17
211,34
286,14
1514,23
262,56
235,15
242,31
333,0
687,45
90,36
415,47
274,17
240,34
283,14
582,23
214,56
189,15
251,31
256,0
520,45
122,36
421,47
258,17
241,34
213,14
493,23
240,56
257,15
240,31
277,0
354,45
119,36
382,47
251,17
234,34
238,14
489,23
238,56
240,15
156,31
304,0
581,45
96,36
354,47
240,17
219,34
255,14
538,23
270,56
251,15
221,31
281,0
457,45
82,36
478,47
242,17
234,34
243,14
619,23
339,56
227,15
195,31
274,0
317,45
93,36
390,47
252,17
234,34
258,14
638,23
253,56
208,15
196,31
310,0
404,45
90,36
423,47
195,17
205,34
279,14
530,23
213,56
194,15
204,31
271,0
362,45
109,36
385,47
224,17
236,34
239,14
489,23
194,56
245,15
202,31
267,0
322,45
91,36
344,47
213,17
217,34
233,14
440,23
212,56
181,15
186,31
285,0
637,45
74,36
380,47
239,17
227,34
298,14
510,23
242,56
233,15
201,31
274,0
350,45
97,36
415,47
227,17
219,34
263,14
550,23
437,56
233,15
187,31
294,0
289,45
87,36
844,47
228,17
211,34
996,14
686,23
212,56
207,15
185,31
247,0
316,45
87,36
451,47
236,17
179,34
240,14
473,23
243,56
259,15
198,31
279,0
290,45
90,36
391,47
255,17
247,34
166,14
483,23
219,56
283,15
227,31
267,0
328,45
85,36
471,47
245,17
218,34
262,14
836,23
188,56
207,15
175,31
263,0
306,45
88,36
345,47
214,17
218,34
270,14
499,23
247,56
197,15
207,31
275,0
345,45
115,36
587,47
236,17
203,34
276,14
504,23
260,56
227,15
187,31
316,0
367,45
97,36
388,47
211,17
229,34
231,14
563,23
291,56
247,15
239,31
286,0
382,45
89,36
617,47
211,17
223,34
249,14
613,23
199,56
228,15
154,31
298,0
335,45
84,36
430,47
201,17
214,34
255,14
509,23
237,56
159,15
204,31
260,0
317,45
88,36
597,47
182,17
182,34
267,14
1579,23
217,56
121,15
196,31
252,0
328,45
94,36
406,47
202,17
203,34
297,14
521,23
236,56
144,15
323,31
807,0
289,45
88,36
366,47
224,17
349,34
297,14
504,23
244,56
199,15
227,31
252,0
371,45
76,36
381,47
253,17
260,34
338,14
482,23
228,56
204,15
214,31
291,0
376,45
72,36
356,47
237,17
262,34
378,14
466,23
212,56
161,15
238,31
221,0
1362,45
82,36
341,47
267,17
229,34
297,14
505,23
267,56
272,15
269,31
306,0
383,45
61,36
385,47
257,17
211,34
294,14
485,23
290,56
488,15
228,31
332,0
1034,45
92,36
432,47
248,17
208,34
281,14
506,23
269,56
246,15
243,31
278,0
346,45
99,36
325,47
258,17
239,34
286,14
495,23
275,56
223,15
214,31
276,0
350,45
67,36
372,47
226,17
188,34
314,14
463,23
259,56
211,15
167,31
297,0
354,45
73,36
438,47
240,17
200,34
297,14
464,23
236,56
173,15
229,31
250,0
333,45
82,36
590,47
209,17
241,34
316,14
734,23
230,56
213,15
223,31
246,0
362,45
64,36
297,47
215,17
205,34
299,14
460,23
225,56
238,15
226,31
302,0
444,45
76,36
316,47
257,17
247,34
293,14
505,23
264,56
261,15
150,31
319,0
328,45
52,36
347,47
273,17
182,34
271,14
445,23
293,56
194,15
263,31
316,0
702,45
76,36
1296,47
233,17
210,34
244,14
439,23
229,56
196,15
197,31
279,0
330,45
92,36
371,47
231,17
192,34
253,14
438,23
270,56
218,15
232,31
265,0
338,45
83,36
305,47
218,17
163,34
268,14
439,23
448,56
389,15
196,31
276,0
316,45
78,36
376,47
221,17
244,34
256,14
1073,23
213,56
192,15
186,31
261,0
328,45
79,36
313,47
221,17
200,34
258,14
431,23
239,56
255,15
224,31
235,0
319,45
72,36
363,47
227,17
163,34
274,14
468,23
199,56
219,15
205,31
250,0
340,45
78,36
338,47
224,17
177,34
231,14
430,23
201,56
211,15
207,31
208,0
310,45
72,36
371,47
225,17
151,34
255,14
436,23
220,56
225,15
175,31
332,0
353,45
81,36
415,47
196,17
172,34
249,14
435,23
230,56
269,15
303,31
293,0
316,45
66,36
1146,47
167,17
850,34
787,14
560,23
174,56
238,15
217,31
254,0
301,45
83,36
381,47
215,17
189,34
260,14
561,23
250,56
199,15
215,31
271,0
383,45
14,36
462,47
189,17
199,34
274,14
423,23
215,56
201,15
208,31
263,0
341,45
86,36
384,47
203,17
191,34
257,14
504,23
204,56
185,15
231,31
224,0
303,45
81,36
352,47
226,17
193,34
277,14
477,23
223,56
194,15
212,31
252,0
347,45
64,36
774,47
249,17
564,34
454,14
1013,23
289,56
179,15
202,31
234,0
317,45
83,36
392,47
247,17
179,34
244,14
485,23
278,56
260,15
221,31
255,0
378,45
20,36
397,47
216,17
185,34
258,14
480,23
198,56
235,15
205,31
251,0
599,45
76,36
373,47
216,17
172,34
265,14
442,23
221,56
236,15
219,31
269,0
337,45
76,36
410,47
197,17
432,34
286,14
807,23
223,56
203,15
160,31
250,0
284,45
84,36
405,47
229,17
220,34
249,14
443,23
274,56
354,15
194,31
274,0
307,45
77,36
485,47
191,17
249,34
279,14
542,23
195,56
176,15
188,31
234,0
309,45
76,36
282,47
173,17
160,34
252,14
425,23
227,56
176,15
210,31
262,0
335,45
73,36
409,47
196,17
199,34
243,14
469,23
206,56
225,15
204,31
310,0
440,45
73,36
387,47
168,17
207,34
272,14
492,23
199,56
210,15
208,31
268,0
317,45
79,36
408,47
175,17
215,34
272,14
445,23
232,56
229,15
201,31
253,0
313,45
77,36
492,47
184,17
362,34
288,14
499,23
200,56
234,15
220,31
295,0
323,45
85,36
350,47
173,17
210,34
285,14
431,23
189,56
520,15
214,31
297,0
241,45
94,36
391,47
166,17
176,34
266,14
457,23
200,56
211,15
201,31
280,0
315,45
74,36
406,47
206,17
182,34
266,14
443,23
177,56
249,15
172,31
261,0
320,45
78,36
326,47
242,17
215,34
270,14
485,23
173,56
206,15
170,31
262,0
327,45
79,36
900,47
162,17
278,34
220,14
411,23
186,56
195,15
186,31
219,0
384,45
68,36
441,47
164,17
220,34
257,14
381,23
194,56
231,15
193,31
247,0
302,45
74,36
397,47
178,17
175,34
228,14
427,23
211,56
210,15
189,31
234,0
336,45
85,36
535,47
217,17
204,34
255,14
508,23
222,56
165,15
196,31
247,0
306,45
82,36
402,47
215,17
169,34
241,14
445,23
204,56
184,15
214,31
240,0
303,45
76,36
543,47
173,17
203,34
263,14
438,23
194,56
184,15
208,31
240,0
291,45
83,36
344,47
157,17
198,34
235,14
491,23
197,56
181,15
153,31
253,0
309,45
66,36
371,47
289,17
255,34
337,14
553,23
328,56
245,15
260,31
283,0
375,45
96,36
480,47
299,17
261,34
328,14
578,23
299,56
389,15
307,31
325,0
430,45
68,36
287,47
269,17
243,34
302,14
528,23
329,56
297,15
180,31
324,0
450,45
75,36
362,47
342,17
273,34
363,14
551,23
337,56
288,15
301,31
345,0
477,45
68,36
382,47
303,17
275,34
305,14
539,23
230,56
220,15
236,31
284,0
391,45
91,36
461,47
266,17
283,34
316,14
562,23
378,56
327,15
247,31
310,0
456,45
76,36
454,47
304,17
306,34
331,14
529,23
271,56
228,15
261,31
271,0
447,45
92,36
442,47
294,17
266,34
320,14
598,23
301,56
473,15
601,31
321,0
413,45
87,36
371,47
266,17
245,34
295,14
615,23
351,56
249,15
297,31
324,0
473,45
81,36
411,47
343,17
304,34
335,14
788,23
357,56
222,15
277,31
281,0
398,45
88,36
374,47
263,17
243,34
357,14
613,23
369,56
245,15
342,31
357,0
541,45
116,36
374,47
330,17
283,34
341,14
575,23
284,56
253,15
292,31
329,0
404,45
75,36
383,47
290,17
253,34
502,14
655,23
322,56
250,15
438,31
504,0
433,45
74,36
369,47
294,17
257,34
306,14
681,23
357,56
631,15
299,31
358,0
442,45
85,36
490,47
240,17
264,34
303,14
583,23
285,56
220,15
310,31
323,0
820,45
121,36
492,47
281,17
299,34
374,14
733,23
292,56
279,15
237,31
316,0
382,45
99,36
441,47
253,17
280,34
405,14
730,23
291,56
201,15
270,31
281,0
398,45
88,36
390,47
245,17
266,34
340,14
618,23
288,56
237,15
345,31
345,0
441,45
83,36
349,47
300,17
279,34
329,14
552,23
287,56
238,15
257,31
318,0
426,45
86,36
403,47
283,17
266,34
298,14
582,23
286,56
247,15
427,31
471,0
519,45
108,36
415,47
309,17
317,34
307,14
604,23
334,56
273,15
255,31
338,0
499,45
99,36
331,47
269,17
281,34
333,14
558,23
265,56
237,15
254,31
337,0
454,45
98,36
410,47
284,17
269,34
569,14
575,23
261,56
264,15
289,31
321,0
421,45
99,36
442,47
277,17
267,34
311,14
586,23
286,56
236,15
277,31
343,0
496,45
105,36
394,47
289,17
255,34
297,14
575,23
239,56
254,15
322,31
321,0
436,45
100,36
426,47
242,17
251,34
294,14
566,23
241,56
245,15
233,31
320,0
475,45
95,36
418,47
268,17
242,34
283,14
519,23
238,56
204,15
235,31
310,0
396,45
97,36
424,47
234,17
208,34
269,14
519,23
254,56
305,15
250,31
294,0
375,45
96,36
426,47
249,17
249,34
264,14
745,23
304,56
245,15
244,31
563,0
390,45
93,36
370,47
254,17
226,34
298,14
518,23
271,56
260,15
267,31
324,0
406,45
101,36
429,47
299,17
247,34
310,14
727,23
233,56
235,15
271,31
300,0
319,45
100,36
390,47
260,17
208,34
290,14
492,23
255,56
295,15
315,31
328,0
397,45
108,36
402,47
240,17
241,34
263,14
524,23
273,56
217,15
244,31
286,0
408,45
97,36
424,47
237,17
205,34
296,14
587,23
213,56
236,15
262,31
340,0
390,45
109,36
383,47
234,17
228,34
273,14
505,23
216,56
271,15
269,31
289,0
396,45
88,36
427,47
193,17
215,34
557,14
574,23
288,56
278,15
252,31
316,0
462,45
101,36
408,47
243,17
212,34
280,14
505,23
222,56
251,15
261,31
287,0
368,45
92,36
400,47
247,17
291,34
301,14
550,23
246,56
230,15
252,31
285,0
373,45
82,36
369,47
246,17
249,34
290,14
643,23
386,56
246,15
282,31
337,0
350,45
103,36
370,47
257,17
265,34
349,14
557,23
273,56
219,15
248,31
287,0
413,45
76,36
416,47
250,17
234,34
239,14
489,23
240,56
197,15
279,31
813,0
618,45
68,36
345,47
249,17
181,34
269,14
534,23
217,56
223,15
259,31
302,0
971,45
103,36
412,47
216,17
222,34
255,14
663,23
255,56
216,15
276,31
317,0
438,45
91,36
450,47
248,17
224,34
279,14
541,23
290,56
234,15
224,31
370,0
343,45
97,36
409,47
236,17
232,34
271,14
608,23
301,56
231,15
247,31
292,0
395,45
62,36
432,47
228,17
213,34
262,14
617,23
274,56
228,15
227,31
279,0
383,45
78,36
411,47
229,17
228,34
253,14
570,23
252,56
232,15
256,31
284,0
323,45
99,36
998,47
205,17
285,34
346,14
558,23
283,56
240,15
259,31
410,0
411,45
97,36
404,47
303,17
315,34
310,14
540,23
257,56
246,15
251,31
297,0
399,45
84,36
450,47
270,17
252,34
301,14
509,23
279,56
226,15
258,31
308,0
395,45
90,36
308,47
174,17
274,34
409,14
856,23
266,56
236,15
238,31
295,0
358,45
115,36
419,47
208,17
214,34
284,14
506,23
318,56
238,15
243,31
323,0
456,45
77,36
226,47
293,17
676,34
260,14
513,23
291,56
217,15
217,31
309,0
379,45
111,36
419,47
257,17
222,34
280,14
480,23
277,56
282,15
206,31
310,0
410,45
47,36
1150,47
202,17
225,34
302,14
541,23
246,56
219,15
206,31
301,0
392,45
92,36
375,47
270,17
210,34
328,14
479,23
285,56
214,15
220,31
247,0
330,45
91,36
353,47
222,17
236,34
307,14
533,23
334,56
272,15
291,31
816,0
489,45
81,36
381,47
259,17
216,34
298,14
450,23
260,56
285,15
232,31
317,0
877,45
106,36
463,47
647,17
258,34
511,14
694,23
297,56
222,15
183,31
283,0
364,45
99,36
415,47
194,17
316,34
346,14
927,23
222,56
258,15
211,31
307,0
626,45
96,36
389,47
226,17
215,34
322,14
550,23
211,56
172,15
222,31
288,0
360,45
91,36
392,47
255,17
217,34
232,14
472,23
261,56
169,15
218,31
495,0
745,45
117,36
457,47
276,17
231,34
271,14
539,23
232,56
217,15
237,31
279,0
363,45
104,36
461,47
216,17
235,34
327,14
444,23
226,56
221,15
222,31
278,0
359,45
107,36
393,47
190,17
206,34
311,14
464,23
231,56
201,15
219,31
332,0
358,45
89,36
610,47
185,17
210,34
312,14
454,23
209,56
201,15
214,31
253,0
377,45
96,36
462,47
199,17
208,34
299,14
447,23
246,56
243,15
256,31
340,0
470,45
93,36
270,47
262,17
221,34
279,14
458,23
256,56
207,15
218,31
281,0
357,45
91,36
372,47
194,17
212,34
262,14
569,23
339,56
204,15
262,31
251,0
364,45
103,36
395,47
280,17
300,34
287,14
539,23
364,56
223,15
250,31
273,0
385,45
114,36
361,47
369,17
244,34
321,14
1807,23
276,56
229,15
275,31
293,0
398,45
103,36
419,47
311,17
236,34
329,14
543,23
274,56
244,15
239,31
315,0
377,45
121,36
461,47
256,17
246,34
335,14
525,23
440,56
237,15
251,31
268,0
396,45
117,36
408,47
224,17
203,34
285,14
474,23
269,56
186,15
260,31
276,0
382,45
100,36
468,47
195,17
246,34
314,14
558,23
279,56
231,15
262,31
252,0
414,45
92,36
433,47
256,17
242,34
321,14
502,23
293,56
180,15
239,31
274,0
363,45
108,36
395,47
237,17
218,34
318,14
571,23
283,56
279,15
234,31
290,0
328,45
108,36
457,47
296,17
214,34
336,14
603,23
299,56
273,15
285,31
322,0
404,45
114,36
351,47
283,17
227,34
289,14
586,23
294,56
218,15
251,31
355,0
448,45
23,36
442,47
275,17
207,34
273,14
518,23
271,56
228,15
245,31
314,0
880,45
146,36
378,47
252,17
212,34
246,14
530,23
335,56
199,15
229,31
279,0
350,45
121,36
431,47
256,17
223,34
271,14
521,23
264,56
199,15
264,31
265,0
408,45
108,36
409,47
225,17
189,34
290,14
671,23
336,56
295,15
364,31
336,0
361,45
102,36
377,47
250,17
203,34
280,14
505,23
259,56
210,15
202,31
274,0
339,45
103,36
348,47
228,17
211,34
298,14
508,23
258,56
222,15
212,31
260,0
364,45
106,36
360,47
245,17
210,34
475,14
526,23
223,56
192,15
223,31
253,0
305,45
88,36
297,47
214,17
235,34
258,14
495,23
311,56
232,15
272,31
310,0
400,45
107,36
491,47
295,17
236,34
284,14
859,23
321,56
218,15
246,31
273,0
391,45
118,36
403,47
269,17
231,34
282,14
1249,23
230,56
205,15
239,31
275,0
317,45
91,36
348,47
272,17
246,34
276,14
521,23
339,56
224,15
297,31
337,0
387,45
103,36
445,47
278,17
221,34
304,14
603,23
269,56
193,15
217,31
284,0
358,45
102,36
540,47
210,17
231,34
269,14
768,23
235,56
251,15
232,31
286,0
345,45
107,36
426,47
226,17
226,34
275,14
528,23
291,56
247,15
268,31
313,0
379,45
87,36
460,47
219,17
230,34
259,14
528,23
225,56
168,15
228,31
233,0
332,45
102,36
428,47
1036,17
712,34
270,14
436,23
332,56
340,15
277,31
285,0
361,45
92,36
412,47
252,17
251,34
284,14
519,23
283,56
224,15
224,31
276,0
323,45
92,36
324,47
257,17
219,34
246,14
507,23
236,56
217,15
182,31
270,0
334,45
95,36
462,47
251,17
199,34
288,14
548,23
222,56
206,15
212,31
267,0
343,45
98,36
626,47
220,17
214,34
249,14
472,23
424,56
234,15
241,31
245,0
327,45
88,36
491,47
207,17
216,34
338,14
603,23
221,56
185,15
225,31
234,0
322,45
92,36
