1353,47
736,17
780,34
1681,14
2078,23
2005,56
888,15
960,31
2054,0
2570,45
95,36
837,47
522,17
843,34
2697,14
2615,23
1113,56
518,15
1086,31
1243,0
1629,45
88,36
1417,47
352,17
1343,34
3146,14
1458,23
1052,56
863,15
686,31
1148,0
892,45
83,36
698,47
430,17
779,34
1133,14
1824,23
1011,56
354,15
475,31
531,0
965,45
88,36
2121,47
332,17
939,34
1545,14
2303,23
1045,56
258,15
753,31
1243,0
2245,45
67,36
634,47
662,17
726,34
856,14
2818,23
1549,56
720,15
490,31
575,0
904,45
73,36
2120,47
403,17
698,34
3068,14
8449,23
2743,56
443,15
587,31
792,0
2007,45
81,36
3573,47
1116,17
26058,34
1214,14
1721,23
1140,56
333,15
411,31
512,0
811,45
80,36
3637,47
368,17
535,34
979,14
2184,23
1163,56
327,15
443,31
536,0
1359,45
69,36
1590,47
337,17
482,34
1626,14
1937,23
1530,56
562,15
474,31
629,0
968,45
75,36
1170,47
388,17
773,34
1285,14
1273,23
921,56
302,15
422,31
471,0
740,45
77,36
1050,47
341,17
726,34
1139,14
2015,23
1251,56
305,15
395,31
608,0
1168,45
88,36
594,47
332,17
772,34
1071,14
1443,23
965,56
280,15
345,31
561,0
1153,45
70,36
540,47
341,17
425,34
1281,14
2909,23
722,56
1864,15
669,31
680,0
1341,45
72,36
950,47
330,17
359,34
4779,14
5211,23
1222,56
244,15
394,31
504,0
1044,45
67,36
499,47
387,17
786,34
1325,14
3201,23
1328,56
313,15
286,31
480,0
1137,45
79,36
1281,47
312,17
393,34
2748,14
1194,23
1250,56
282,15
372,31
574,0
1005,45
74,36
578,47
306,17
386,34
2234,14
1897,23
1275,56
266,15
426,31
509,0
1636,45
64,36
684,47
310,17
334,34
1401,14
1072,23
1325,56
266,15
396,31
457,0
1416,45
67,36
423,47
371,17
855,34
1111,14
1254,23
734,56
300,15
556,31
582,0
1359,45
83,36
478,47
294,17
369,34
1528,14
1708,23
1110,56
276,15
402,31
590,0
1187,45
73,36
657,47
347,17
479,34
813,14
1367,23
1138,56
247,15
347,31
454,0
776,45
92,36
525,47
359,17
799,34
1546,14
1482,23
1085,56
274,15
410,31
665,0
1504,45
84,36
526,47
396,17
653,34
1349,14
2820,23
1188,56
255,15
378,31
596,0
1421,45
90,36
624,47
345,17
378,34
2239,14
1799,23
990,56
270,15
369,31
542,0
770,45
92,36
905,47
368,17
389,34
1150,14
3926,23
1229,56
252,15
365,31
518,0
1074,45
60,36
596,47
330,17
406,34
1318,14
1475,23
1327,56
1284,15
388,31
977,0
847,45
79,36
1371,47
300,17
424,34
1288,14
3837,23
1268,56
284,15
375,31
509,0
1284,45
90,36
1410,47
294,17
320,34
1673,14
1932,23
1646,56
293,15
2838,31
850,0
1258,45
84,36
495,47
450,17
776,34
1394,14
1415,23
1569,56
632,15
445,31
681,0
1873,45
81,36
795,47
398,17
404,34
1833,14
7296,23
1673,56
261,15
341,31
478,0
1069,45
76,36
478,47
414,17
578,34
1257,14
1585,23
1404,56
322,15
475,31
574,0
1219,45
71,36
923,47
950,17
287,34
1063,14
1523,23
1252,56
254,15
388,31
476,0
1260,45
68,36
1405,47
320,17
342,34
1603,14
4261,23
1836,56
317,15
418,31
471,0
1087,45
105,36
445,47
381,17
425,34
1170,14
1527,23
1114,56
239,15
353,31
513,0
1065,45
69,36
1808,47
387,17
501,34
3039,14
3172,23
1477,56
301,15
366,31
524,0
994,45
88,36
1838,47
326,17
332,34
3585,14
1885,23
2032,56
265,15
372,31
506,0
1466,45
69,36
495,47
333,17
304,34
2061,14
1534,23
1501,56
798,15
401,31
1247,0
735,45
98,36
469,47
384,17
707,34
1430,14
1964,23
1671,56
257,15
1501,31
906,0
835,45
84,36
427,47
377,17
378,34
1625,14
1703,23
1332,56
234,15
362,31
483,0
1316,45
91,36
478,47
355,17
306,34
2696,14
1849,23
1232,56
308,15
507,31
1423,0
2616,45
89,36
446,47
332,17
313,34
1340,14
2490,23
1205,56
237,15
487,31
672,0
1095,45
68,36
1291,47
414,17
466,34
1301,14
1325,23
1516,56
284,15
403,31
662,0
1346,45
63,36
461,47
355,17
391,34
1542,14
2520,23
1319,56
1405,15
403,31
1131,0
3250,45
85,36
1102,47
1405,17
291,34
4856,14
1565,23
1250,56
236,15
382,31
526,0
1307,45
86,36
448,47
337,17
342,34
1689,14
1426,23
1694,56
274,15
380,31
535,0
901,45
83,36
497,47
353,17
297,34
2700,14
3574,23
1484,56
249,15
378,31
539,0
1136,45
73,36
521,47
359,17
431,34
1887,14
4041,23
1115,56
270,15
339,31
475,0
1175,45
87,36
1755,47
368,17
769,34
1803,14
5512,23
1361,56
2133,15
427,31
1006,0
1459,45
63,36
441,47
342,17
367,34
2554,14
848,23
839,56
246,15
444,31
547,0
2589,45
79,36
529,47
661,17
865,34
2032,14
1121,23
1153,56
369,15
800,31
731,0
942,45
84,36
1036,47
735,17
625,34
1356,14
1572,23
1198,56
430,15
432,31
533,0
898,45
91,36
545,47
460,17
441,34
1429,14
1724,23
1424,56
302,15
485,31
489,0
1331,45
71,36
530,47
364,17
522,34
3108,14
1529,23
1234,56
291,15
360,31
527,0
814,45
70,36
1573,47
347,17
438,34
1708,14
1407,23
2440,56
385,15
327,31
472,0
810,45
78,36
497,47
381,17
624,34
832,14
2258,23
1285,56
295,15
385,31
497,0
844,45
81,36
473,47
351,17
595,34
1392,14
1556,23
1333,56
263,15
349,31
547,0
2163,45
72,36
1660,47
314,17
395,34
1001,14
1152,23
1051,56
249,15
366,31
443,0
1348,45
72,36
596,47
329,17
442,34
1792,14
1281,23
1032,56
260,15
411,31
505,0
1096,45
64,36
690,47
327,17
397,34
2719,14
1316,23
1091,56
306,15
312,31
523,0
1123,45
88,36
492,47
353,17
477,34
1099,14
846,23
801,56
337,15
354,31
437,0
693,45
78,36
510,47
423,17
618,34
715,14
1111,23
911,56
393,15
396,31
463,0
829,45
108,36
521,47
362,17
810,34
721,14
854,23
556,56
359,15
381,31
431,0
919,45
101,36
367,47
397,17
405,34
1787,14
1439,23
600,56
315,15
324,31
414,0
569,45
71,36
521,47
466,17
490,34
1110,14
708,23
427,56
797,15
369,31
505,0
797,45
106,36
450,47
343,17
752,34
1146,14
824,23
480,56
301,15
371,31
426,0
628,45
79,36
716,47
5039,17
1192,34
824,14
762,23
468,56
337,15
405,31
434,0
884,45
81,36
587,47
338,17
453,34
1345,14
736,23
564,56
598,15
400,31
507,0
736,45
106,36
478,47
425,17
500,34
983,14
1266,23
417,56
339,15
373,31
466,0
978,45
83,36
453,47
345,17
610,34
1728,14
680,23
545,56
326,15
336,31
407,0
896,45
99,36
498,47
367,17
358,34
661,14
728,23
470,56
285,15
353,31
411,0
942,45
98,36
500,47
359,17
319,34
597,14
846,23
415,56
265,15
367,31
433,0
729,45
87,36
891,47
335,17
283,34
1028,14
813,23
419,56
255,15
373,31
422,0
527,45
77,36
667,47
306,17
328,34
932,14
644,23
422,56
259,15
355,31
613,0
611,45
62,36
852,47
300,17
404,34
640,14
814,23
713,56
659,15
384,31
495,0
969,45
115,36
1405,47
362,17
467,34
820,14
725,23
522,56
301,15
412,31
533,0
1158,45
81,36
371,47
1465,17
486,34
1268,14
2580,23
2244,56
303,15
359,31
485,0
1199,45
73,36
469,47
355,17
384,34
804,14
690,23
402,56
298,15
380,31
568,0
795,45
103,36
487,47
368,17
361,34
488,14
705,23
405,56
335,15
395,31
456,0
787,45
93,36
588,47
210,17
394,34
579,14
732,23
300,56
267,15
372,31
722,0
537,45
81,36
427,47
328,17
308,34
462,14
630,23
343,56
260,15
385,31
1052,0
604,45
83,36
487,47
599,17
390,34
659,14
697,23
445,56
275,15
391,31
1203,0
1253,45
75,36
496,47
323,17
317,34
485,14
732,23
451,56
284,15
342,31
429,0
807,45
82,36
492,47
312,17
390,34
1102,14
1601,23
1198,56
492,15
372,31
553,0
797,45
90,36
840,47
431,17
405,34
474,14
650,23
360,56
327,15
388,31
670,0
1234,45
62,36
975,47
387,17
362,34
1364,14
1344,23
570,56
2205,15
1004,31
523,0
999,45
81,36
1009,47
347,17
342,34
908,14
750,23
453,56
261,15
389,31
822,0
1163,45
90,36
441,47
320,17
299,34
841,14
731,23
394,56
259,15
452,31
815,0
1547,45
99,36
422,47
353,17
414,34
532,14
674,23
381,56
268,15
387,31
501,0
695,45
71,36
566,47
294,17
527,34
573,14
1433,23
633,56
285,15
379,31
827,0
691,45
87,36
596,47
315,17
379,34
1083,14
689,23
363,56
266,15
388,31
545,0
583,45
70,36
472,47
297,17
354,34
706,14
700,23
478,56
304,15
665,31
1711,0
947,45
81,36
2495,47
407,17
883,34
743,14
670,23
398,56
269,15
395,31
483,0
584,45
62,36
471,47
287,17
289,34
459,14
639,23
346,56
249,15
414,31
640,0
578,45
83,36
415,47
326,17
325,34
480,14
595,23
416,56
585,15
456,31
1249,0
998,45
62,36
1138,47
314,17
351,34
653,14
1107,23
361,56
266,15
370,31
425,0
560,45
78,36
547,47
452,17
853,34
678,14
1261,23
941,56
571,15
415,31
456,0
611,45
72,36
421,47
332,17
352,34
733,14
710,23
368,56
256,15
404,31
475,0
597,45
81,36
521,47
383,17
329,34
652,14
624,23
442,56
349,15
506,31
814,0
1038,45
75,36
387,47
411,17
316,34
709,14
652,23
454,56
314,15
474,31
558,0
777,45
78,36
654,47
501,17
474,34
990,14
840,23
1491,56
321,15
606,31
687,0
853,45
74,36
889,47
578,17
648,34
823,14
949,23
1433,56
398,15
625,31
716,0
967,45
59,36
695,47
547,17
706,34
1034,14
1039,23
1243,56
347,15
427,31
452,0
1004,45
64,36
520,47
447,17
558,34
1025,14
865,23
552,56
306,15
472,31
452,0
728,45
71,36
797,47
447,17
744,34
871,14
891,23
572,56
283,15
570,31
520,0
843,45
69,36
546,47
382,17
494,34
707,14
735,23
465,56
263,15
572,31
524,0
867,45
67,36
577,47
461,17
481,34
636,14
841,23
499,56
341,15
536,31
480,0
696,45
63,36
476,47
385,17
496,34
623,14
1198,23
494,56
313,15
501,31
516,0
1378,45
75,36
460,47
529,17
497,34
802,14
745,23
572,56
310,15
484,31
429,0
921,45
81,36
486,47
435,17
418,34
644,14
1048,23
765,56
391,15
537,31
516,0
694,45
74,36
599,47
362,17
383,34
552,14
618,23
536,56
328,15
465,31
420,0
737,45
81,36
502,47
448,17
458,34
867,14
655,23
433,56
281,15
426,31
522,0
939,45
92,36
507,47
364,17
401,34
577,14
654,23
395,56
523,15
1024,31
693,0
1253,45
59,36
637,47
390,17
309,34
452,14
682,23
666,56
1295,15
556,31
602,0
790,45
59,36
932,47
522,17
562,34
512,14
692,23
487,56
275,15
507,31
454,0
598,45
70,36
489,47
336,17
249,34
437,14
689,23
367,56
299,15
553,31
456,0
1048,45
70,36
491,47
398,17
313,34
464,14
641,23
401,56
301,15
1121,31
642,0
834,45
71,36
524,47
421,17
378,34
563,14
729,23
480,56
305,15
447,31
413,0
715,45
67,36
617,47
379,17
380,34
1560,14
597,23
339,56
272,15
421,31
381,0
867,45
74,36
425,47
304,17
262,34
429,14
638,23
351,56
304,15
806,31
543,0
681,45
58,36
516,47
362,17
273,34
444,14
576,23
430,56
567,15
487,31
456,0
819,45
56,36
584,47
360,17
501,34
926,14
659,23
439,56
330,15
524,31
1115,0
855,45
73,36
560,47
424,17
287,34
442,14
597,23
413,56
264,15
405,31
418,0
534,45
68,36
429,47
302,17
863,34
696,14
763,23
551,56
272,15
442,31
475,0
1567,45
65,36
992,47
484,17
350,34
663,14
856,23
574,56
1634,15
930,31
727,0
688,45
69,36
1476,47
347,17
371,34
553,14
665,23
402,56
321,15
440,31
349,0
852,45
77,36
541,47
349,17
267,34
1370,14
844,23
684,56
273,15
434,31
449,0
876,45
70,36
472,47
364,17
298,34
546,14
791,23
481,56
240,15
414,31
419,0
799,45
71,36
543,47
340,17
1269,34
730,14
774,23
483,56
285,15
434,31
482,0
710,45
82,36
594,47
372,17
289,34
532,14
609,23
452,56
366,15
486,31
368,0
609,45
76,36
807,47
469,17
420,34
466,14
1539,23
1431,56
354,15
496,31
1504,0
969,45
90,36
609,47
472,17
252,34
522,14
1654,23
992,56
548,15
530,31
527,0
1136,45
65,36
1252,47
527,17
459,34
879,14
923,23
561,56
408,15
571,31
540,0
1388,45
64,36
481,47
341,17
266,34
612,14
762,23
499,56
283,15
446,31
390,0
943,45
78,36
558,47
591,17
502,34
564,14
829,23
575,56
1398,15
1031,31
817,0
845,45
70,36
781,47
602,17
1161,34
744,14
1244,23
777,56
628,15
530,31
499,0
1143,45
95,36
654,47
569,17
572,34
675,14
1166,23
609,56
452,15
5363,31
937,0
1275,45
87,36
611,47
480,17
508,34
526,14
1210,23
1315,56
998,15
1466,31
837,0
2641,45
78,36
494,47
384,17
285,34
558,14
2242,23
996,56
951,15
2092,31
638,0
701,45
70,36
493,47
342,17
577,34
1048,14
1508,23
1006,56
696,15
741,31
768,0
1048,45
62,36
476,47
360,17
242,34
452,14
932,23
477,56
261,15
455,31
420,0
1681,45
42,36
550,47
337,17
281,34
473,14
1120,23
549,56
820,15
406,31
589,0
744,45
69,36
882,47
341,17
261,34
604,14
1687,23
949,56
530,15
783,31
620,0
1578,45
72,36
497,47
410,17
779,34
2045,14
2107,23
453,56
431,15
1723,31
1196,0
1637,45
116,36
1149,47
395,17
456,34
541,14
910,23
478,56
697,15
420,31
688,0
694,45
75,36
1608,47
340,17
272,34
774,14
1106,23
519,56
587,15
496,31
938,0
1387,45
63,36
580,47
399,17
316,34
497,14
1133,23
446,56
821,15
426,31
737,0
808,45
76,36
546,47
336,17
315,34
473,14
809,23
460,56
477,15
345,31
503,0
619,45
74,36
458,47
330,17
303,34
481,14
782,23
634,56
321,15
432,31
407,0
771,45
72,36
843,47
409,17
274,34
1083,14
815,23
386,56
680,15
386,31
585,0
614,45
72,36
822,47
1129,17
735,34
1072,14
1205,23
1282,56
520,15
644,31
661,0
1631,45
81,36
618,47
667,17
694,34
688,14
1079,23
643,56
440,15
575,31
607,0
1290,45
72,36
719,47
458,17
753,34
1559,14
3965,23
1286,56
436,15
466,31
767,0
1174,45
83,36
924,47
552,17
628,34
731,14
914,23
525,56
364,15
562,31
537,0
740,45
79,36
629,47
375,17
518,34
539,14
743,23
431,56
404,15
478,31
511,0
701,45
73,36
494,47
306,17
319,34
487,14
688,23
393,56
426,15
439,31
426,0
714,45
79,36
673,47
314,17
352,34
542,14
720,23
416,56
301,15
518,31
421,0
865,45
79,36
807,47
392,17
549,34
804,14
810,23
472,56
308,15
492,31
502,0
703,45
62,36
512,47
343,17
285,34
645,14
679,23
408,56
259,15
420,31
436,0
904,45
79,36
2404,47
338,17
335,34
469,14
728,23
456,56
586,15
512,31
584,0
1651,45
122,36
827,47
495,17
468,34
695,14
682,23
503,56
305,15
542,31
472,0
652,45
61,36
616,47
340,17
270,34
441,14
688,23
460,56
280,15
427,31
380,0
657,45
88,36
456,47
375,17
289,34
518,14
579,23
345,56
269,15
393,31
416,0
713,45
92,36
458,47
373,17
272,34
511,14
1991,23
472,56
320,15
419,31
529,0
1141,45
88,36
515,47
312,17
186,34
458,14
813,23
1816,56
369,15
491,31
486,0
695,45
73,36
416,47
368,17
276,34
591,14
3540,23
1361,56
278,15
367,31
382,0
750,45
69,36
420,47
302,17
221,34
435,14
648,23
377,56
339,15
413,31
462,0
587,45
73,36
458,47
306,17
245,34
464,14
633,23
385,56
270,15
358,31
422,0
931,45
68,36
432,47
293,17
232,34
449,14
645,23
381,56
245,15
404,31
517,0
531,45
69,36
398,47
339,17
227,34
378,14
607,23
358,56
222,15
402,31
372,0
617,45
97,36
468,47
328,17
297,34
380,14
534,23
368,56
282,15
537,31
502,0
610,45
83,36
483,47
384,17
177,34
435,14
2619,23
585,56
309,15
382,31
421,0
598,45
65,36
473,47
271,17
197,34
367,14
731,23
404,56
289,15
353,31
377,0
868,45
72,36
437,47
279,17
238,34
426,14
1207,23
409,56
285,15
430,31
452,0
540,45
67,36
486,47
291,17
208,34
420,14
675,23
420,56
239,15
379,31
380,0
719,45
69,36
382,47
328,17
226,34
587,14
731,23
435,56
249,15
421,31
510,0
1299,45
73,36
2802,47
423,17
262,34
537,14
773,23
369,56
247,15
426,31
388,0
622,45
73,36
415,47
291,17
205,34
514,14
658,23
1021,56
269,15
356,31
409,0
949,45
82,36
591,47
291,17
194,34
353,14
626,23
321,56
244,15
321,31
375,0
548,45
84,36
350,47
338,17
257,34
438,14
592,23
357,56
224,15
358,31
347,0
688,45
101,36
389,47
342,17
231,34
511,14
2002,23
1309,56
559,15
533,31
795,0
887,45
82,36
432,47
257,17
219,34
346,14
596,23
367,56
227,15
344,31
343,0
587,45
99,36
392,47
293,17
207,34
343,14
581,23
430,56
281,15
354,31
338,0
608,45
77,36
484,47
305,17
205,34
338,14
635,23
359,56
253,15
348,31
337,0
610,45
79,36
1049,47
327,17
251,34
926,14
587,23
327,56
250,15
317,31
404,0
764,45
71,36
612,47
288,17
268,34
419,14
1605,23
556,56
274,15
383,31
343,0
662,45
81,36
405,47
351,17
181,34
339,14
645,23
391,56
257,15
361,31
350,0
614,45
75,36
516,47
274,17
229,34
366,14
617,23
381,56
304,15
364,31
534,0
669,45
105,36
578,47
272,17
199,34
342,14
651,23
365,56
258,15
378,31
388,0
806,45
88,36
886,47
295,17
246,34
353,14
747,23
427,56
221,15
372,31
339,0
628,45
70,36
508,47
411,17
287,34
459,14
837,23
392,56
250,15
361,31
590,0
685,45
76,36
537,47
417,17
275,34
381,14
741,23
353,56
564,15
3713,31
946,0
923,45
82,36
487,47
315,17
219,34
401,14
773,23
402,56
258,15
382,31
324,0
623,45
78,36
424,47
291,17
192,34
410,14
632,23
310,56
238,15
336,31
337,0
593,45
71,36
484,47
235,17
1615,34
1139,14
823,23
456,56
287,15
392,31
390,0
759,45
69,36
517,47
316,17
208,34
356,14
597,23
341,56
234,15
384,31
422,0
647,45
81,36
444,47
295,17
197,34
376,14
610,23
351,56
309,15
354,31
425,0
684,45
79,36
485,47
275,17
209,34
371,14
589,23
340,56
252,15
391,31
383,0
4165,45
73,36
486,47
311,17
232,34
378,14
713,23
313,56
240,15
352,31
347,0
616,45
80,36
716,47
340,17
303,34
463,14
640,23
319,56
240,15
466,31
438,0
623,45
61,36
556,47
343,17
317,34
828,14
750,23
345,56
396,15
457,31
528,0
1102,45
72,36
491,47
321,17
262,34
502,14
692,23
396,56
305,15
376,31
357,0
718,45
75,36
474,47
308,17
214,34
537,14
595,23
343,56
284,15
318,31
388,0
688,45
78,36
458,47
310,17
201,34
373,14
944,23
708,56
835,15
349,31
499,0
526,45
66,36
495,47
289,17
232,34
379,14
923,23
426,56
303,15
417,31
415,0
654,45
76,36
651,47
299,17
1030,34
529,14
739,23
482,56
305,15
446,31
420,0
892,45
77,36
538,47
291,17
241,34
461,14
672,23
323,56
259,15
348,31
372,0
585,45
72,36
498,47
303,17
571,34
1123,14
667,23
405,56
307,15
474,31
566,0
666,45
71,36
419,47
298,17
217,34
364,14
711,23
370,56
291,15
354,31
359,0
589,45
86,36
524,47
318,17
212,34
494,14
684,23
321,56
269,15
378,31
389,0
530,45
77,36
435,47
290,17
384,34
1354,14
712,23
364,56
258,15
381,31
349,0
670,45
87,36
462,47
283,17
218,34
389,14
822,23
3307,56
724,15
345,31
577,0
548,45
69,36
421,47
285,17
214,34
399,14
683,23
332,56
229,15
374,31
358,0
540,45
87,36
444,47
439,17
254,34
437,14
635,23
347,56
242,15
347,31
370,0
708,45
59,36
472,47
292,17
241,34
442,14
690,23
302,56
250,15
313,31
603,0
529,45
70,36
470,47
489,17
267,34
447,14
681,23
306,56
249,15
379,31
398,0
694,45
77,36
420,47
323,17
236,34
568,14
719,23
282,56
256,15
350,31
371,0
588,45
66,36
431,47
337,17
220,34
422,14
633,23
289,56
252,15
341,31
326,0
506,45
76,36
376,47
341,17
233,34
450,14
675,23
324,56
260,15
395,31
368,0
609,45
86,36
533,47
996,17
636,34
560,14
697,23
339,56
275,15
394,31
356,0
553,45
72,36
459,47
323,17
226,34
430,14
673,23
255,56
258,15
366,31
376,0
671,45
77,36
394,47
452,17
267,34
441,14
717,23
311,56
262,15
350,31
419,0
542,45
75,36
482,47
269,17
249,34
416,14
675,23
279,56
249,15
389,31
465,0
514,45
68,36
418,47
310,17
246,34
369,14
667,23
291,56
240,15
343,31
364,0
727,45
81,36
458,47
310,17
221,34
392,14
689,23
1208,56
670,15
386,31
509,0
869,45
64,36
447,47
282,17
220,34
434,14
697,23
302,56
247,15
363,31
425,0
609,45
63,36
660,47
361,17
210,34
355,14
728,23
326,56
271,15
369,31
336,0
546,45
74,36
615,47
287,17
261,34
466,14
789,23
306,56
259,15
328,31
334,0
490,45
80,36
610,47
529,17
323,34
442,14
778,23
356,56
259,15
399,31
333,0
542,45
94,36
460,47
341,17
228,34
474,14
1275,23
436,56
313,15
419,31
583,0
576,45
80,36
481,47
303,17
243,34
479,14
697,23
308,56
233,15
448,31
393,0
508,45
85,36
477,47
261,17
243,34
427,14
868,23
1666,56
336,15
318,31
419,0
489,45
68,36
520,47
264,17
283,34
362,14
626,23
323,56
240,15
334,31
327,0
452,45
72,36
460,47
302,17
225,34
443,14
656,23
353,56
236,15
370,31
341,0
544,45
82,36
474,47
329,17
302,34
779,14
693,23
340,56
247,15
372,31
385,0
492,45
78,36
930,47
293,17
242,34
399,14
620,23
324,56
238,15
357,31
578,0
632,45
66,36
489,47
265,17
252,34
447,14
616,23
293,56
236,15
336,31
349,0
484,45
84,36
479,47
353,17
326,34
743,14
667,23
397,56
287,15
410,31
352,0
636,45
92,36
428,47
347,17
294,34
339,14
655,23
336,56
252,15
323,31
362,0
546,45
68,36
434,47
465,17
299,34
411,14
664,23
285,56
241,15
395,31
368,0
511,45
61,36
469,47
295,17
222,34
428,14
649,23
328,56
232,15
352,31
386,0
611,45
81,36
502,47
368,17
272,34
457,14
741,23
622,56
496,15
513,31
509,0
754,45
73,36
507,47
375,17
205,34
432,14
925,23
365,56
203,15
451,31
543,0
659,45
75,36
497,47
350,17
250,34
471,14
627,23
293,56
264,15
371,31
346,0
547,45
62,36
590,47
292,17
259,34
441,14
2477,23
693,56
258,15
277,31
307,0
620,45
59,36
660,47
212,17
269,34
409,14
816,23
442,56
281,15
355,31
382,0
693,45
70,36
1506,47
280,17
677,34
548,14
1264,23
394,56
324,15
644,31
2679,0
1277,45
74,36
494,47
374,17
280,34
514,14
1379,23
454,56
325,15
385,31
379,0
728,45
88,36
556,47
311,17
278,34
382,14
685,23
325,56
250,15
336,31
366,0
546,45
76,36
402,47
304,17
222,34
419,14
743,23
320,56
262,15
352,31
395,0
1090,45
62,36
550,47
391,17
368,34
647,14
1812,23
877,56
674,15
494,31
652,0
906,45
73,36
552,47
512,17
454,34
689,14
917,23
435,56
341,15
419,31
417,0
1337,45
71,36
501,47
397,17
272,34
490,14
1301,23
529,56
302,15
373,31
429,0
1271,45
73,36
447,47
516,17
292,34
538,14
681,23
312,56
271,15
361,31
399,0
697,45
73,36
751,47
362,17
295,34
431,14
693,23
437,56
318,15
335,31
371,0
720,45
76,36
457,47
285,17
252,34
390,14
689,23
289,56
281,15
345,31
499,0
793,45
71,36
487,47
285,17
280,34
428,14
692,23
291,56
263,15
349,31
413,0
576,45
69,36
439,47
304,17
244,34
375,14
854,23
469,56
264,15
322,31
369,0
612,45
68,36
481,47
289,17
277,34
438,14
596,23
317,56
272,15
336,31
353,0
516,45
63,36
585,47
276,17
242,34
404,14
720,23
333,56
328,15
355,31
366,0
1241,45
67,36
756,47
277,17
853,34
512,14
690,23
333,56
245,15
403,31
414,0
576,45
58,36
500,47
279,17
244,34
362,14
615,23
306,56
248,15
318,31
365,0
613,45
78,36
459,47
282,17
250,34
344,14
579,23
296,56
237,15
1132,31
404,0
911,45
68,36
534,47
319,17
182,34
413,14
660,23
664,56
238,15
316,31
338,0
2053,45
55,36
459,47
307,17
229,34
404,14
605,23
314,56
265,15
320,31
337,0
626,45
77,36
442,47
277,17
240,34
372,14
655,23
346,56
273,15
342,31
426,0
714,45
74,36
502,47
286,17
277,34
419,14
668,23
341,56
232,15
347,31
386,0
550,45
89,36
447,47
278,17
260,34
361,14
583,23
315,56
281,15
306,31
365,0
577,45
78,36
453,47
266,17
242,34
385,14
594,23
329,56
258,15
327,31
370,0
742,45
83,36
480,47
482,17
343,34
423,14
657,23
453,56
282,15
364,31
427,0
670,45
77,36
442,47
299,17
366,34
946,14
714,23
382,56
259,15
339,31
414,0
677,45
74,36
450,47
330,17
246,34
375,14
759,23
435,56
277,15
321,31
1449,0
1075,45
77,36
532,47
428,17
298,34
607,14
848,23
466,56
1730,15
627,31
1161,0
927,45
57,36
1144,47
466,17
284,34
488,14
702,23
322,56
298,15
341,31
1017,0
769,45
75,36
529,47
329,17
251,34
417,14
685,23
327,56
262,15
345,31
428,0
665,45
67,36
432,47
328,17
423,34
1188,14
768,23
346,56
250,15
340,31
362,0
1679,45
64,36
567,47
485,17
348,34
501,14
672,23
299,56
272,15
384,31
761,0
599,45
76,36
507,47
303,17
215,34
396,14
625,23
345,56
243,15
380,31
852,0
612,45
67,36
442,47
313,17
207,34
405,14
619,23
304,56
271,15
374,31
402,0
640,45
58,36
449,47
552,17
408,34
572,14
766,23
933,56
343,15
373,31
405,0
542,45
64,36
500,47
297,17
224,34
357,14
629,23
329,56
272,15
375,31
407,0
518,45
69,36
465,47
307,17
195,34
390,14
611,23
345,56
248,15
357,31
362,0
561,45
75,36
429,47
300,17
207,34
368,14
630,23
342,56
257,15
365,31
410,0
755,45
82,36
486,47
296,17
247,34
430,14
656,23
358,56
264,15
365,31
430,0
599,45
72,36
381,47
315,17
251,34
351,14
661,23
414,56
236,15
390,31
360,0
521,45
76,36
961,47
309,17
210,34
366,14
784,23
1677,56
480,15
463,31
539,0
861,45
90,36
575,47
403,17
282,34
423,14
716,23
367,56
288,15
391,31
666,0
572,45
71,36
416,47
309,17
266,34
424,14
595,23
353,56
258,15
353,31
382,0
628,45
72,36
514,47
407,17
324,34
416,14
601,23
336,56
275,15
390,31
380,0
533,45
79,36
409,47
311,17
201,34
345,14
1759,23
575,56
253,15
316,31
392,0
1280,45
74,36
471,47
291,17
219,34
379,14
665,23
325,56
255,15
419,31
369,0
503,45
74,36
505,47
365,17
304,34
394,14
1101,23
497,56
314,15
418,31
457,0
723,45
68,36
421,47
312,17
353,34
795,14
688,23
370,56
227,15
350,31
372,0
456,45
67,36
444,47
278,17
268,34
410,14
578,23
343,56
259,15
360,31
393,0
762,45
70,36
462,47
302,17
232,34
333,14
662,23
356,56
242,15
326,31
385,0
464,45
76,36
385,47
322,17
839,34
502,14
1077,23
433,56
235,15
347,31
363,0
699,45
78,36
463,47
330,17
208,34
396,14
1024,23
386,56
236,15
332,31
366,0
732,45
60,36
541,47
322,17
238,34
383,14
676,23
376,56
259,15
372,31
476,0
761,45
72,36
1058,47
395,17
304,34
472,14
691,23
389,56
266,15
377,31
740,0
845,45
71,36
427,47
371,17
282,34
429,14
593,23
314,56
247,15
352,31
398,0
515,45
71,36
441,47
368,17
288,34
442,14
776,23
476,56
283,15
415,31
436,0
726,45
76,36
468,47
270,17
259,34
458,14
685,23
382,56
309,15
323,31
376,0
601,45
68,36
461,47
303,17
211,34
380,14
605,23
306,56
277,15
366,31
407,0
600,45
72,36
418,47
301,17
244,34
342,14
570,23
320,56
276,15
342,31
360,0
520,45
77,36
398,47
268,17
223,34
339,14
560,23
290,56
282,15
364,31
474,0
535,45
74,36
486,47
329,17
272,34
345,14
575,23
417,56
296,15
351,31
645,0
579,45
73,36
1935,47
644,17
333,34
394,14
548,23
332,56
278,15
336,31
384,0
525,45
77,36
432,47
264,17
229,34
354,14
572,23
511,56
474,15
1324,31
825,0
530,45
72,36
435,47
311,17
218,34
354,14
538,23
335,56
267,15
392,31
743,0
591,45
69,36
468,47
280,17
229,34
588,14
654,23
285,56
257,15
335,31
354,0
526,45
76,36
504,47
255,17
252,34
424,14
660,23
347,56
228,15
397,31
2656,0
645,45
72,36
718,47
250,17
264,34
364,14
735,23
4292,56
260,15
360,31
363,0
666,45
89,36
1064,47
299,17
312,34
1132,14
681,23
445,56
267,15
1554,31
1291,0
1058,45
67,36
414,47
332,17
223,34
399,14
733,23
461,56
224,15
401,31
373,0
597,45
71,36
427,47
289,17
212,34
411,14
720,23
343,56
259,15
443,31
485,0
558,45
77,36
424,47
341,17
207,34
389,14
697,23
367,56
229,15
375,31
347,0
570,45
69,36
432,47
325,17
246,34
372,14
645,23
416,56
257,15
413,31
585,0
661,45
88,36
980,47
346,17
229,34
412,14
639,23
354,56
210,15
394,31
373,0
633,45
77,36
407,47
333,17
242,34
435,14
726,23
357,56
225,15
427,31
570,0
600,45
80,36
427,47
322,17
168,34
376,14
675,23
399,56
237,15
431,31
634,0
668,45
79,36
450,47
318,17
243,34
361,14
605,23
396,56
228,15
409,31
359,0
462,45
81,36
426,47
303,17
211,34
384,14
596,23
321,56
220,15
383,31
362,0
498,45
72,36
398,47
296,17
245,34
364,14
5234,23
570,56
266,15
382,31
371,0
2492,45
91,36
472,47
313,17
212,34
370,14
735,23
395,56
212,15
413,31
407,0
519,45
78,36
365,47
324,17
228,34
333,14
662,23
673,56
252,15
334,31
349,0
597,45
71,36
368,47
303,17
252,34
404,14
744,23
540,56
233,15
401,31
385,0
739,45
80,36
501,47
306,17
245,34
430,14
693,23
451,56
229,15
413,31
574,0
549,45
66,36
443,47
334,17
209,34
359,14
720,23
430,56
204,15
438,31
393,0
536,45
72,36
440,47
304,17
279,34
500,14
580,23
272,56
229,15
365,31
345,0
663,45
78,36
566,47
309,17
221,34
397,14
639,23
331,56
207,15
422,31
429,0
897,45
93,36
442,47
273,17
261,34
327,14
1410,23
345,56
254,15
433,31
479,0
886,45
56,36
531,47
278,17
445,34
1488,14
689,23
636,56
241,15
336,31
384,0
829,45
77,36
415,47
305,17
276,34
371,14
629,23
298,56
221,15
369,31
338,0
639,45
73,36
459,47
309,17
234,34
363,14
660,23
365,56
233,15
339,31
357,0
602,45
70,36
454,47
319,17
265,34
378,14
701,23
439,56
248,15
379,31
395,0
439,45
69,36
415,47
294,17
239,34
324,14
584,23
319,56
236,15
342,31
362,0
440,45
68,36
422,47
306,17
355,34
375,14
656,23
377,56
220,15
378,31
326,0
554,45
62,36
412,47
278,17
242,34
346,14
655,23
354,56
234,15
377,31
387,0
668,45
78,36
469,47
334,17
261,34
357,14
578,23
330,56
262,15
375,31
377,0
449,45
76,36
494,47
291,17
250,34
342,14
696,23
356,56
224,15
407,31
251,0
788,45
77,36
1104,47
321,17
237,34
364,14
673,23
560,56
275,15
417,31
334,0
674,45
74,36
1243,47
305,17
241,34
325,14
645,23
312,56
213,15
375,31
378,0
435,45
90,36
341,47
308,17
225,34
389,14
690,23
356,56
205,15
401,31
349,0
451,45
65,36
330,47
282,17
246,34
368,14
618,23
314,56
225,15
367,31
456,0
451,45
59,36
592,47
282,17
191,34
358,14
671,23
1787,56
2607,15
391,31
540,0
524,45
66,36
1504,47
257,17
832,34
653,14
956,23
503,56
242,15
374,31
360,0
621,45
73,36
424,47
392,17
292,34
396,14
649,23
480,56
287,15
443,31
402,0
653,45
85,36
419,47
357,17
219,34
349,14
570,23
316,56
216,15
330,31
374,0
573,45
75,36
996,47
287,17
225,34
346,14
565,23
315,56
233,15
323,31
379,0
627,45
74,36
1218,47
277,17
242,34
375,14
597,23
295,56
236,15
321,31
380,0
543,45
86,36
676,47
592,17
604,34
700,14
1042,23
716,56
580,15
541,31
645,0
950,45
72,36
578,47
303,17
299,34
514,14
681,23
386,56
291,15
367,31
387,0
634,45
67,36
438,47
276,17
246,34
369,14
658,23
358,56
278,15
373,31
386,0
855,45
61,36
516,47
511,17
299,34
502,14
658,23
293,56
287,15
340,31
343,0
680,45
71,36
397,47
276,17
238,34
410,14
1068,23
327,56
252,15
348,31
343,0
635,45
66,36
518,47
259,17
229,34
386,14
1203,23
668,56
280,15
342,31
395,0
2362,45
57,36
417,47
279,17
250,34
370,14
738,23
293,56
271,15
372,31
379,0
578,45
58,36
415,47
244,17
243,34
369,14
679,23
315,56
255,15
346,31
361,0
668,45
84,36
422,47
351,17
164,34
372,14
675,23
273,56
249,15
357,31
364,0
990,45
77,36
617,47
469,17
365,34
561,14
742,23
430,56
335,15
410,31
432,0
980,45
86,36
646,47
310,17
274,34
379,14
744,23
325,56
296,15
347,31
501,0
669,45
78,36
646,47
325,17
300,34
429,14
676,23
296,56
265,15
992,31
390,0
516,45
75,36
449,47
304,17
270,34
363,14
609,23
293,56
245,15
368,31
395,0
511,45
78,36
624,47
427,17
336,34
469,14
715,23
367,56
293,15
385,31
400,0
624,45
77,36
418,47
309,17
258,34
351,14
591,23
255,56
262,15
323,31
402,0
554,45
68,36
386,47
319,17
253,34
356,14
642,23
247,56
241,15
325,31
400,0
820,45
70,36
423,47
273,17
278,34
344,14
586,23
261,56
259,15
353,31
361,0
1136,45
82,36
421,47
267,17
1061,34
431,14
902,23
320,56
271,15
347,31
370,0
548,45
71,36
443,47
278,17
242,34
391,14
584,23
281,56
234,15
312,31
349,0
460,45
63,36
410,47
277,17
230,34
333,14
1157,23
289,56
263,15
328,31
384,0
534,45
79,36
576,47
278,17
288,34
442,14
844,23
319,56
244,15
353,31
385,0
536,45
71,36
472,47
280,17
247,34
411,14
951,23
379,56
245,15
362,31
416,0
666,45
85,36
453,47
331,17
249,34
359,14
639,23
306,56
235,15
364,31
417,0
612,45
91,36
544,47
293,17
205,34
414,14
636,23
320,56
260,15
355,31
364,0
794,45
71,36
448,47
333,17
247,34
385,14
650,23
284,56
290,15
301,31
361,0
558,45
77,36
424,47
296,17
236,34
375,14
630,23
269,56
238,15
312,31
373,0
592,45
78,36
396,47
303,17
322,34
208,14
827,23
344,56
234,15
336,31
388,0
483,45
72,36
427,47
286,17
246,34
345,14
602,23
308,56
248,15
332,31
354,0
575,45
79,36
458,47
369,17
239,34
344,14
1392,23
534,56
282,15
382,31
324,0
695,45
77,36
459,47
299,17
245,34
449,14
600,23
292,56
272,15
362,31
340,0
543,45
83,36
419,47
286,17
887,34
397,14
844,23
441,56
248,15
353,31
333,0
665,45
81,36
506,47
306,17
273,34
321,14
664,23
326,56
258,15
334,31
369,0
540,45
87,36
507,47
292,17
249,34
326,14
652,23
315,56
251,15
339,31
341,0
557,45
95,36
473,47
279,17
250,34
517,14
720,23
291,56
272,15
368,31
734,0
789,45
66,36
603,47
284,17
264,34
382,14
5379,23
459,56
268,15
394,31
428,0
796,45
84,36
491,47
330,17
591,34
417,14
644,23
289,56
236,15
380,31
441,0
463,45
71,36
416,47
317,17
196,34
359,14
619,23
298,56
255,15
336,31
435,0
438,45
74,36
410,47
331,17
254,34
388,14
619,23
324,56
227,15
338,31
453,0
454,45
74,36
434,47
519,17
241,34
406,14
553,23
278,56
237,15
352,31
365,0
567,45
67,36
366,47
332,17
270,34
384,14
603,23
293,56
250,15
895,31
906,0
646,45
72,36
470,47
293,17
261,34
360,14
662,23
284,56
245,15
402,31
423,0
477,45
92,36
389,47
327,17
248,34
384,14
615,23
333,56
220,15
361,31
387,0
570,45
78,36
404,47
296,17
333,34
682,14
723,23
329,56
268,15
345,31
385,0
611,45
74,36
1807,47
294,17
242,34
349,14
636,23
315,56
338,15
354,31
384,0
467,45
77,36
1099,47
306,17
229,34
364,14
567,23
293,56
252,15
338,31
374,0
605,45
74,36
523,47
314,17
263,34
389,14
537,23
323,56
251,15
342,31
340,0
568,45
84,36
413,47
306,17
246,34
436,14
639,23
300,56
272,15
348,31
389,0
544,45
77,36
390,47
305,17
253,34
347,14
617,23
288,56
267,15
360,31
344,0
849,45
70,36
459,47
289,17
233,34
390,14
655,23
351,56
259,15
382,31
415,0
669,45
70,36
444,47
286,17
271,34
373,14
695,23
338,56
278,15
328,31
475,0
644,45
63,36
