752,47
178,17
234,34
1331,14
617,23
617,56
530,15
631,31
389,0
1015,45
100,36
1715,47
176,17
268,34
1448,14
514,23
341,56
750,15
999,31
150,0
1208,45
96,36
936,47
239,17
41,34
1396,14
449,23
358,56
180,15
507,31
185,0
762,45
80,36
1291,47
193,17
272,34
1192,14
516,23
382,56
182,15
387,31
131,0
472,45
71,36
661,47
123,17
201,34
856,14
434,23
306,56
199,15
387,31
130,0
737,45
76,36
928,47
148,17
187,34
465,14
570,23
448,56
229,15
477,31
137,0
636,45
71,36
678,47
161,17
197,34
979,14
469,23
345,56
198,15
382,31
115,0
524,45
68,36
664,47
131,17
249,34
785,14
588,23
335,56
211,15
379,31
128,0
513,45
50,36
642,47
103,17
251,34
554,14
543,23
313,56
171,15
420,31
68,0
826,45
85,36
741,47
152,17
185,34
793,14
543,23
373,56
165,15
365,31
110,0
1105,45
90,36
700,47
130,17
250,34
377,14
384,23
304,56
194,15
470,31
157,0
1220,45
77,36
731,47
132,17
583,34
409,14
547,23
371,56
205,15
370,31
121,0
688,45
71,36
774,47
127,17
246,34
868,14
637,23
384,56
228,15
374,31
117,0
601,45
72,36
684,47
224,17
79,34
878,14
491,23
349,56
208,15
355,31
131,0
939,45
81,36
759,47
138,17
247,34
864,14
518,23
344,56
201,15
360,31
122,0
897,45
73,36
671,47
122,17
237,34
801,14
484,23
375,56
199,15
351,31
133,0
826,45
70,36
728,47
144,17
259,34
899,14
546,23
341,56
225,15
349,31
160,0
758,45
83,36
822,47
171,17
295,34
707,14
697,23
327,56
257,15
288,31
170,0
1388,45
94,36
661,47
149,17
234,34
941,14
412,23
335,56
199,15
387,31
212,0
697,45
69,36
713,47
171,17
246,34
495,14
441,23
328,56
302,15
234,31
180,0
1079,45
73,36
611,47
160,17
209,34
399,14
544,23
371,56
230,15
360,31
140,0
1241,45
81,36
649,47
123,17
267,34
500,14
518,23
365,56
223,15
364,31
187,0
1259,45
66,36
1002,47
197,17
249,34
423,14
519,23
395,56
176,15
364,31
211,0
738,45
75,36
648,47
188,17
302,34
542,14
456,23
335,56
190,15
374,31
167,0
916,45
79,36
767,47
148,17
236,34
539,14
564,23
360,56
218,15
374,31
181,0
1107,45
68,36
711,47
164,17
258,34
794,14
506,23
368,56
209,15
383,31
193,0
1238,45
107,36
661,47
151,17
240,34
993,14
449,23
344,56
232,15
356,31
142,0
1017,45
92,36
1263,47
173,17
185,34
749,14
435,23
283,56
238,15
294,31
145,0
1052,45
123,36
942,47
171,17
219,34
707,14
424,23
328,56
221,15
336,31
155,0
791,45
93,36
699,47
144,17
233,34
414,14
341,23
322,56
212,15
414,31
217,0
709,45
80,36
653,47
144,17
262,34
730,14
413,23
300,56
222,15
362,31
199,0
757,45
87,36
706,47
141,17
270,34
402,14
377,23
353,56
342,15
458,31
174,0
623,45
68,36
683,47
158,17
389,34
589,14
419,23
323,56
202,15
459,31
244,0
833,45
85,36
703,47
150,17
270,34
677,14
480,23
326,56
206,15
406,31
158,0
605,45
71,36
654,47
123,17
242,34
664,14
638,23
397,56
314,15
484,31
223,0
1029,45
79,36
1189,47
206,17
111,34
707,14
915,23
543,56
278,15
425,31
162,0
830,45
106,36
759,47
181,17
282,34
586,14
978,23
498,56
287,15
545,31
201,0
720,45
65,36
709,47
157,17
156,34
802,14
1258,23
465,56
256,15
489,31
176,0
655,45
14,36
663,47
193,17
215,34
890,14
465,23
439,56
238,15
407,31
177,0
619,45
48,36
697,47
165,17
251,34
515,14
412,23
397,56
169,15
566,31
53,0
697,45
69,36
666,47
147,17
314,34
560,14
646,23
442,56
185,15
453,31
196,0
608,45
82,36
744,47
131,17
323,34
780,14
416,23
452,56
158,15
527,31
109,0
818,45
64,36
818,47
232,17
251,34
775,14
536,23
410,56
298,15
610,31
235,0
737,45
59,36
694,47
153,17
235,34
485,14
468,23
357,56
193,15
527,31
212,0
743,45
76,36
725,47
172,17
258,34
917,14
499,23
452,56
277,15
489,31
224,0
672,45
76,36
697,47
175,17
265,34
857,14
445,23
419,56
254,15
481,31
151,0
702,45
81,36
668,47
162,17
295,34
573,14
465,23
425,56
187,15
530,31
233,0
705,45
63,36
671,47
182,17
219,34
507,14
455,23
401,56
183,15
485,31
198,0
1045,45
80,36
743,47
151,17
255,34
893,14
419,23
394,56
204,15
478,31
169,0
1010,45
60,36
652,47
145,17
261,34
785,14
488,23
398,56
223,15
433,31
205,0
1632,45
126,36
1294,47
126,17
207,34
439,14
469,23
371,56
301,15
514,31
152,0
853,45
74,36
636,47
119,17
143,34
341,14
509,23
339,56
1016,15
273,31
192,0
422,45
72,36
925,47
134,17
193,34
512,14
440,23
336,56
197,15
413,31
182,0
627,45
85,36
731,47
144,17
200,34
531,14
407,23
410,56
442,15
433,31
181,0
618,45
79,36
752,47
168,17
216,34
484,14
512,23
414,56
190,15
526,31
158,0
601,45
71,36
710,47
152,17
190,34
550,14
578,23
372,56
183,15
471,31
139,0
496,45
56,36
690,47
131,17
228,34
725,14
580,23
398,56
450,15
578,31
159,0
676,45
66,36
694,47
135,17
193,34
449,14
393,23
356,56
245,15
474,31
133,0
551,45
88,36
661,47
150,17
407,34
964,14
442,23
459,56
179,15
454,31
140,0
744,45
96,36
688,47
161,17
224,34
337,14
370,23
326,56
261,15
532,31
136,0
615,45
61,36
640,47
142,17
212,34
345,14
372,23
359,56
233,15
455,31
151,0
950,45
68,36
876,47
156,17
222,34
422,14
437,23
369,56
241,15
422,31
201,0
709,45
98,36
861,47
134,17
223,34
409,14
388,23
354,56
181,15
383,31
151,0
614,45
62,36
621,47
141,17
231,34
274,14
333,23
309,56
199,15
369,31
141,0
657,45
79,36
633,47
133,17
252,34
308,14
325,23
307,56
358,15
204,31
105,0
817,45
89,36
651,47
128,17
333,34
353,14
357,23
330,56
461,15
172,31
150,0
461,45
73,36
882,47
135,17
170,34
308,14
403,23
490,56
520,15
146,31
130,0
556,45
79,36
681,47
119,17
246,34
523,14
349,23
470,56
513,15
163,31
84,0
723,45
67,36
763,47
148,17
229,34
389,14
442,23
392,56
253,15
463,31
149,0
586,45
88,36
803,47
192,17
199,34
1269,14
435,23
430,56
492,15
196,31
198,0
638,45
101,36
652,47
168,17
219,34
370,14
493,23
485,56
490,15
147,31
197,0
681,45
95,36
634,47
135,17
253,34
340,14
440,23
499,56
561,15
193,31
174,0
567,45
89,36
665,47
127,17
255,34
346,14
409,23
376,56
1007,15
181,31
138,0
506,45
90,36
618,47
147,17
271,34
465,14
450,23
317,56
236,15
449,31
160,0
514,45
114,36
1165,47
121,17
239,34
327,14
367,23
386,56
488,15
167,31
196,0
566,45
130,36
653,47
148,17
229,34
342,14
397,23
351,56
487,15
170,31
187,0
567,45
83,36
602,47
151,17
225,34
321,14
351,23
306,56
452,15
184,31
189,0
626,45
141,36
699,47
165,17
193,34
339,14
804,23
360,56
458,15
167,31
202,0
813,45
118,36
662,47
163,17
244,34
349,14
377,23
357,56
464,15
182,31
195,0
627,45
76,36
666,47
137,17
229,34
374,14
346,23
392,56
430,15
170,31
179,0
547,45
72,36
651,47
158,17
226,34
360,14
343,23
370,56
328,15
243,31
154,0
496,45
66,36
668,47
130,17
265,34
327,14
336,23
325,56
398,15
164,31
162,0
499,45
66,36
633,47
128,17
265,34
348,14
344,23
349,56
417,15
204,31
138,0
522,45
70,36
620,47
145,17
237,34
353,14
347,23
352,56
361,15
203,31
153,0
457,45
77,36
626,47
129,17
269,34
361,14
352,23
317,56
431,15
165,31
198,0
416,45
65,36
671,47
166,17
181,34
323,14
368,23
1019,56
434,15
191,31
167,0
483,45
82,36
702,47
115,17
260,34
366,14
360,23
377,56
456,15
164,31
157,0
499,45
69,36
671,47
123,17
282,34
389,14
744,23
671,56
207,15
372,31
118,0
449,45
56,36
678,47
135,17
201,34
402,14
325,23
367,56
367,15
191,31
160,0
474,45
74,36
629,47
125,17
228,34
338,14
351,23
374,56
426,15
203,31
164,0
444,45
59,36
615,47
179,17
113,34
402,14
852,23
359,56
458,15
156,31
189,0
646,45
74,36
630,47
121,17
229,34
376,14
405,23
319,56
385,15
185,31
143,0
507,45
67,36
596,47
114,17
195,34
1410,14
594,23
941,56
506,15
138,31
124,0
466,45
60,36
624,47
114,17
190,34
393,14
423,23
393,56
586,15
162,31
144,0
486,45
61,36
676,47
139,17
230,34
358,14
375,23
386,56
471,15
151,31
162,0
472,45
59,36
736,47
147,17
250,34
309,14
351,23
358,56
392,15
164,31
144,0
564,45
84,36
601,47
112,17
222,34
408,14
492,23
349,56
439,15
161,31
127,0
477,45
58,36
684,47
129,17
159,34
359,14
358,23
342,56
487,15
178,31
139,0
591,45
90,36
484,47
231,17
201,34
377,14
355,23
354,56
390,15
224,31
113,0
516,45
73,36
636,47
126,17
217,34
393,14
382,23
361,56
478,15
134,31
170,0
819,45
70,36
674,47
132,17
223,34
445,14
450,23
302,56
356,15
452,31
224,0
447,45
67,36
389,47
248,17
250,34
526,14
489,23
290,56
274,15
308,31
174,0
491,45
76,36
354,47
230,17
243,34
440,14
461,23
326,56
192,15
412,31
108,0
463,45
69,36
830,47
169,17
248,34
510,14
454,23
319,56
226,15
386,31
171,0
468,45
65,36
641,47
151,17
264,34
404,14
415,23
783,56
242,15
412,31
207,0
511,45
62,36
697,47
137,17
249,34
393,14
368,23
339,56
430,15
244,31
177,0
623,45
69,36
658,47
129,17
205,34
447,14
334,23
323,56
235,15
366,31
175,0
461,45
78,36
659,47
148,17
231,34
420,14
395,23
333,56
229,15
354,31
155,0
464,45
62,36
737,47
126,17
237,34
345,14
356,23
363,56
223,15
414,31
153,0
453,45
71,36
641,47
128,17
240,34
361,14
385,23
359,56
216,15
383,31
160,0
616,45
76,36
654,47
177,17
230,34
435,14
432,23
354,56
645,15
324,31
128,0
501,45
79,36
700,47
135,17
217,34
366,14
376,23
355,56
241,15
358,31
530,0
525,45
75,36
688,47
159,17
233,34
735,14
417,23
1056,56
208,15
385,31
164,0
460,45
91,36
669,47
174,17
210,34
658,14
436,23
381,56
247,15
387,31
196,0
509,45
66,36
677,47
167,17
224,34
417,14
408,23
351,56
237,15
372,31
140,0
506,45
61,36
648,47
144,17
290,34
472,14
421,23
364,56
244,15
406,31
153,0
1332,45
101,36
646,47
153,17
222,34
426,14
406,23
366,56
239,15
402,31
169,0
547,45
61,36
674,47
145,17
254,34
391,14
380,23
366,56
211,15
415,31
164,0
852,45
112,36
634,47
135,17
247,34
726,14
416,23
373,56
236,15
335,31
198,0
949,45
115,36
625,47
137,17
260,34
392,14
427,23
359,56
217,15
397,31
231,0
500,45
93,36
667,47
126,17
236,34
359,14
403,23
376,56
197,15
437,31
212,0
588,45
131,36
654,47
148,17
262,34
325,14
408,23
358,56
203,15
376,31
222,0
646,45
71,36
642,47
139,17
235,34
363,14
401,23
352,56
242,15
361,31
192,0
797,45
132,36
638,47
116,17
239,34
372,14
417,23
353,56
233,15
343,31
196,0
507,45
72,36
621,47
127,17
239,34
340,14
391,23
346,56
232,15
357,31
253,0
463,45
54,36
677,47
155,17
273,34
367,14
380,23
363,56
213,15
369,31
163,0
529,45
81,36
663,47
100,17
280,34
373,14
378,23
380,56
228,15
350,31
173,0
489,45
106,36
612,47
119,17
266,34
395,14
399,23
390,56
224,15
377,31
421,0
477,45
79,36
695,47
156,17
234,34
356,14
422,23
348,56
264,15
410,31
162,0
579,45
126,36
708,47
108,17
247,34
340,14
392,23
348,56
207,15
402,31
215,0
615,45
75,36
634,47
166,17
229,34
332,14
382,23
367,56
213,15
377,31
199,0
554,45
81,36
655,47
128,17
251,34
345,14
392,23
336,56
232,15
344,31
183,0
519,45
69,36
648,47
137,17
263,34
350,14
354,23
369,56
275,15
357,31
138,0
722,45
108,36
675,47
132,17
221,34
390,14
371,23
345,56
225,15
372,31
172,0
1464,45
123,36
681,47
155,17
197,34
378,14
402,23
335,56
217,15
350,31
198,0
587,45
74,36
605,47
141,17
240,34
378,14
471,23
394,56
168,15
377,31
164,0
838,45
121,36
613,47
147,17
269,34
359,14
422,23
375,56
209,15
339,31
164,0
604,45
66,36
643,47
128,17
270,34
386,14
394,23
366,56
195,15
372,31
154,0
688,45
94,36
669,47
128,17
251,34
341,14
372,23
518,56
167,15
173,31
219,0
685,45
75,36
614,47
144,17
197,34
394,14
400,23
422,56
248,15
161,31
160,0
641,45
84,36
588,47
122,17
198,34
380,14
370,23
326,56
402,15
161,31
152,0
515,45
71,36
840,47
124,17
242,34
391,14
422,23
363,56
218,15
387,31
162,0
591,45
77,36
595,47
140,17
254,34
349,14
394,23
341,56
198,15
390,31
198,0
744,45
111,36
636,47
155,17
263,34
352,14
401,23
372,56
233,15
281,31
137,0
579,45
102,36
676,47
165,17
235,34
374,14
417,23
367,56
518,15
386,31
232,0
594,45
65,36
669,47
161,17
262,34
386,14
437,23
376,56
213,15
365,31
251,0
567,45
76,36
644,47
183,17
153,34
401,14
462,23
748,56
513,15
245,31
198,0
555,45
71,36
650,47
157,17
258,34
372,14
380,23
386,56
203,15
365,31
437,0
686,45
164,36
649,47
147,17
263,34
399,14
402,23
365,56
222,15
379,31
186,0
519,45
81,36
581,47
174,17
155,34
731,14
461,23
357,56
240,15
365,31
189,0
471,45
57,36
749,47
94,17
255,34
341,14
363,23
295,56
442,15
187,31
193,0
609,45
71,36
670,47
131,17
232,34
321,14
344,23
268,56
241,15
297,31
163,0
381,45
61,36
617,47
148,17
255,34
334,14
325,23
271,56
461,15
134,31
145,0
421,45
75,36
636,47
164,17
217,34
365,14
364,23
288,56
445,15
170,31
147,0
441,45
73,36
666,47
120,17
226,34
361,14
358,23
295,56
421,15
182,31
147,0
419,45
58,36
681,47
143,17
215,34
350,14
345,23
251,56
417,15
194,31
168,0
444,45
61,36
604,47
156,17
229,34
327,14
320,23
272,56
349,15
186,31
168,0
367,45
50,36
598,47
130,17
230,34
311,14
340,23
271,56
382,15
171,31
147,0
426,45
51,36
676,47
139,17
275,34
336,14
328,23
252,56
446,15
156,31
144,0
534,45
57,36
599,47
151,17
220,34
313,14
347,23
239,56
411,15
156,31
174,0
623,45
71,36
598,47
133,17
261,34
323,14
352,23
323,56
345,15
186,31
136,0
407,45
63,36
588,47
139,17
255,34
303,14
304,23
289,56
455,15
142,31
118,0
411,45
62,36
553,47
132,17
239,34
293,14
342,23
262,56
381,15
163,31
132,0
429,45
62,36
580,47
155,17
187,34
320,14
329,23
263,56
436,15
176,31
183,0
405,45
43,36
547,47
125,17
247,34
486,14
386,23
309,56
393,15
182,31
136,0
447,45
59,36
579,47
151,17
265,34
339,14
364,23
299,56
740,15
195,31
170,0
418,45
51,36
577,47
129,17
306,34
445,14
400,23
320,56
428,15
180,31
139,0
440,45
57,36
594,47
136,17
255,34
368,14
348,23
278,56
440,15
143,31
193,0
569,45
63,36
563,47
143,17
234,34
335,14
366,23
284,56
421,15
166,31
141,0
417,45
40,36
611,47
100,17
257,34
355,14
349,23
285,56
386,15
185,31
132,0
423,45
52,36
623,47
122,17
244,34
344,14
332,23
274,56
437,15
157,31
111,0
482,45
76,36
609,47
144,17
256,34
360,14
378,23
266,56
410,15
175,31
137,0
445,45
53,36
602,47
147,17
229,34
351,14
335,23
263,56
415,15
153,31
167,0
422,45
38,36
563,47
113,17
227,34
324,14
357,23
244,56
395,15
139,31
575,0
453,45
49,36
589,47
148,17
239,34
321,14
312,23
254,56
420,15
134,31
180,0
435,45
49,36
565,47
124,17
256,34
375,14
328,23
265,56
405,15
158,31
161,0
470,45
52,36
611,47
100,17
289,34
314,14
338,23
237,56
447,15
148,31
166,0
551,45
59,36
554,47
132,17
219,34
322,14
348,23
267,56
417,15
540,31
141,0
441,45
53,36
580,47
147,17
219,34
376,14
345,23
297,56
432,15
142,31
157,0
513,45
52,36
541,47
131,17
231,34
314,14
337,23
269,56
407,15
143,31
172,0
470,45
60,36
606,47
182,17
238,34
328,14
316,23
291,56
376,15
123,31
145,0
469,45
45,36
543,47
137,17
239,34
314,14
298,23
280,56
379,15
97,31
160,0
493,45
46,36
519,47
128,17
210,34
308,14
307,23
278,56
382,15
123,31
138,0
463,45
60,36
597,47
130,17
235,34
316,14
304,23
320,56
393,15
142,31
177,0
467,45
59,36
566,47
138,17
232,34
321,14
329,23
292,56
343,15
141,31
170,0
502,45
100,36
555,47
126,17
215,34
337,14
342,23
288,56
442,15
159,31
125,0
490,45
58,36
512,47
103,17
233,34
351,14
432,23
328,56
441,15
185,31
71,0
689,45
85,36
500,47
113,17
221,34
463,14
350,23
278,56
349,15
163,31
162,0
494,45
72,36
552,47
130,17
209,34
340,14
331,23
287,56
421,15
96,31
150,0
485,45
54,36
528,47
124,17
240,34
342,14
330,23
294,56
396,15
192,31
110,0
545,45
66,36
565,47
133,17
210,34
322,14
326,23
289,56
389,15
146,31
183,0
548,45
61,36
551,47
159,17
215,34
359,14
352,23
426,56
421,15
160,31
142,0
513,45
66,36
546,47
118,17
237,34
381,14
343,23
317,56
355,15
157,31
149,0
447,45
58,36
586,47
146,17
234,34
358,14
357,23
323,56
429,15
133,31
134,0
469,45
69,36
574,47
117,17
278,34
345,14
351,23
301,56
413,15
124,31
183,0
452,45
47,36
569,47
146,17
247,34
354,14
307,23
311,56
378,15
157,31
121,0
527,45
62,36
566,47
136,17
243,34
356,14
341,23
318,56
439,15
161,31
143,0
532,45
74,36
546,47
185,17
180,34
368,14
303,23
271,56
381,15
142,31
167,0
492,45
71,36
527,47
143,17
231,34
357,14
314,23
293,56
389,15
150,31
155,0
469,45
60,36
537,47
152,17
265,34
348,14
330,23
306,56
386,15
143,31
168,0
493,45
77,36
721,47
156,17
205,34
383,14
365,23
296,56
400,15
154,31
182,0
440,45
40,36
653,47
142,17
201,34
355,14
352,23
302,56
374,15
200,31
134,0
634,45
74,36
651,47
143,17
226,34
355,14
313,23
270,56
397,15
169,31
174,0
516,45
67,36
649,47
165,17
217,34
371,14
314,23
294,56
346,15
178,31
138,0
479,45
78,36
641,47
134,17
230,34
375,14
354,23
297,56
350,15
201,31
158,0
485,45
49,36
686,47
154,17
270,34
359,14
354,23
324,56
406,15
174,31
193,0
442,45
74,36
650,47
155,17
223,34
363,14
437,23
327,56
369,15
186,31
163,0
490,45
59,36
666,47
153,17
201,34
955,14
700,23
362,56
318,15
258,31
99,0
447,45
53,36
669,47
136,17
249,34
356,14
340,23
313,56
381,15
179,31
184,0
439,45
55,36
703,47
149,17
246,34
366,14
344,23
324,56
345,15
185,31
157,0
497,45
47,36
653,47
146,17
277,34
379,14
370,23
333,56
344,15
185,31
210,0
427,45
56,36
650,47
151,17
248,34
360,14
394,23
299,56
333,15
172,31
183,0
452,45
59,36
597,47
154,17
196,34
376,14
343,23
282,56
332,15
221,31
135,0
543,45
77,36
616,47
108,17
245,34
387,14
358,23
310,56
436,15
179,31
157,0
524,45
65,36
599,47
163,17
246,34
376,14
346,23
320,56
410,15
208,31
137,0
521,45
56,36
598,47
150,17
215,34
366,14
334,23
291,56
381,15
182,31
148,0
614,45
56,36
601,47
131,17
220,34
332,14
343,23
302,56
399,15
155,31
177,0
601,45
75,36
589,47
156,17
204,34
350,14
338,23
283,56
378,15
202,31
166,0
515,45
82,36
599,47
135,17
229,34
372,14
346,23
304,56
380,15
168,31
162,0
552,45
74,36
571,47
149,17
229,34
339,14
361,23
301,56
426,15
169,31
169,0
465,45
85,36
612,47
114,17
224,34
355,14
339,23
288,56
412,15
168,31
165,0
561,45
66,36
790,47
143,17
243,34
385,14
381,23
305,56
295,15
269,31
146,0
472,45
55,36
561,47
148,17
205,34
389,14
324,23
330,56
338,15
206,31
159,0
491,45
55,36
600,47
131,17
201,34
352,14
364,23
306,56
364,15
210,31
160,0
438,45
49,36
621,47
169,17
171,34
354,14
364,23
323,56
313,15
294,31
126,0
501,45
65,36
569,47
100,17
241,34
490,14
409,23
369,56
251,15
257,31
157,0
423,45
59,36
820,47
119,17
214,34
370,14
328,23
292,56
318,15
244,31
129,0
396,45
55,36
592,47
131,17
226,34
343,14
343,23
279,56
356,15
176,31
143,0
430,45
55,36
603,47
135,17
241,34
338,14
348,23
315,56
345,15
198,31
153,0
437,45
59,36
587,47
145,17
214,34
397,14
355,23
310,56
352,15
174,31
160,0
427,45
65,36
553,47
137,17
200,34
364,14
336,23
297,56
340,15
203,31
154,0
515,45
64,36
850,47
123,17
220,34
344,14
345,23
301,56
331,15
187,31
168,0
398,45
44,36
623,47
127,17
236,34
368,14
339,23
312,56
308,15
214,31
150,0
401,45
49,36
634,47
152,17
205,34
335,14
358,23
319,56
287,15
232,31
191,0
446,45
46,36
572,47
135,17
233,34
373,14
341,23
298,56
300,15
259,31
160,0
404,45
43,36
616,47
161,17
194,34
399,14
343,23
273,56
322,15
200,31
193,0
463,45
49,36
776,47
144,17
206,34
386,14
776,23
475,56
659,15
314,31
174,0
440,45
53,36
623,47
126,17
233,34
411,14
364,23
344,56
323,15
230,31
166,0
440,45
69,36
586,47
138,17
234,34
393,14
377,23
304,56
319,15
245,31
171,0
459,45
54,36
596,47
158,17
203,34
374,14
357,23
328,56
296,15
240,31
145,0
442,45
62,36
660,47
134,17
210,34
534,14
530,23
347,56
274,15
297,31
149,0
452,45
62,36
611,47
136,17
224,34
378,14
377,23
309,56
286,15
244,31
130,0
419,45
58,36
548,47
151,17
198,34
472,14
409,23
330,56
378,15
195,31
142,0
476,45
62,36
577,47
147,17
205,34
1184,14
482,23
332,56
256,15
269,31
164,0
457,45
52,36
592,47
135,17
189,34
823,14
397,23
355,56
361,15
176,31
162,0
972,45
85,36
601,47
127,17
201,34
1245,14
737,23
419,56
403,15
166,31
152,0
496,45
60,36
600,47
119,17
226,34
423,14
351,23
332,56
397,15
202,31
153,0
466,45
59,36
605,47
138,17
240,34
401,14
379,23
341,56
315,15
223,31
149,0
459,45
62,36
598,47
121,17
205,34
391,14
347,23
343,56
357,15
273,31
156,0
498,45
59,36
573,47
140,17
205,34
394,14
404,23
345,56
341,15
207,31
152,0
406,45
39,36
651,47
149,17
253,34
410,14
412,23
298,56
376,15
210,31
97,0
582,45
66,36
681,47
167,17
242,34
363,14
324,23
295,56
419,15
190,31
181,0
438,45
70,36
648,47
146,17
231,34
368,14
347,23
308,56
382,15
166,31
158,0
419,45
95,36
685,47
125,17
244,34
394,14
349,23
310,56
288,15
231,31
167,0
517,45
71,36
590,47
130,17
200,34
374,14
297,23
370,56
791,15
213,31
165,0
450,45
78,36
628,47
98,17
175,34
372,14
364,23
307,56
327,15
143,31
143,0
499,45
69,36
669,47
98,17
240,34
341,14
333,23
293,56
527,15
229,31
151,0
526,45
75,36
675,47
114,17
256,34
332,14
354,23
336,56
218,15
298,31
98,0
490,45
61,36
586,47
118,17
202,34
402,14
321,23
304,56
324,15
260,31
121,0
494,45
73,36
620,47
138,17
222,34
369,14
403,23
378,56
347,15
224,31
134,0
471,45
79,36
613,47
113,17
241,34
387,14
355,23
362,56
346,15
262,31
159,0
517,45
97,36
607,47
127,17
224,34
371,14
357,23
338,56
311,15
208,31
153,0
434,45
60,36
681,47
144,17
231,34
344,14
339,23
323,56
350,15
177,31
162,0
473,45
55,36
623,47
140,17
208,34
362,14
357,23
354,56
491,15
219,31
150,0
509,45
76,36
637,47
149,17
218,34
396,14
325,23
357,56
372,15
258,31
142,0
487,45
73,36
611,47
136,17
214,34
360,14
305,23
335,56
295,15
309,31
161,0
473,45
62,36
586,47
126,17
193,34
322,14
304,23
258,56
434,15
118,31
141,0
488,45
66,36
619,47
138,17
190,34
310,14
310,23
288,56
411,15
111,31
157,0
423,45
47,36
598,47
155,17
169,34
347,14
405,23
493,56
464,15
156,31
93,0
462,45
72,36
581,47
74,17
181,34
381,14
667,23
687,56
443,15
137,31
146,0
435,45
65,36
608,47
132,17
218,34
417,14
335,23
346,56
350,15
134,31
118,0
518,45
66,36
554,47
122,17
209,34
327,14
324,23
367,56
398,15
160,31
150,0
500,45
76,36
579,47
141,17
196,34
378,14
346,23
335,56
383,15
196,31
130,0
533,45
69,36
554,47
144,17
190,34
341,14
361,23
346,56
379,15
173,31
130,0
554,45
69,36
636,47
145,17
167,34
365,14
365,23
391,56
342,15
122,31
144,0
532,45
83,36
581,47
141,17
240,34
389,14
323,23
335,56
366,15
142,31
167,0
446,45
84,36
566,47
157,17
236,34
370,14
329,23
315,56
373,15
171,31
157,0
477,45
55,36
573,47
143,17
209,34
347,14
324,23
318,56
390,15
225,31
148,0
468,45
78,36
521,47
171,17
209,34
325,14
280,23
315,56
371,15
176,31
170,0
491,45
55,36
574,47
135,17
229,34
333,14
326,23
384,56
579,15
172,31
151,0
477,45
69,36
550,47
113,17
213,34
353,14
1600,23
796,56
405,15
182,31
134,0
466,45
68,36
562,47
142,17
245,34
720,14
365,23
402,56
523,15
190,31
544,0
441,45
71,36
551,47
144,17
227,34
361,14
369,23
379,56
447,15
176,31
151,0
549,45
72,36
570,47
123,17
221,34
975,14
391,23
413,56
346,15
198,31
159,0
529,45
60,36
593,47
111,17
203,34
375,14
302,23
311,56
811,15
218,31
123,0
487,45
69,36
608,47
122,17
230,34
443,14
366,23
371,56
395,15
249,31
162,0
460,45
74,36
646,47
120,17
250,34
535,14
367,23
363,56
360,15
236,31
175,0
506,45
66,36
592,47
104,17
250,34
363,14
324,23
360,56
404,15
134,31
159,0
481,45
69,36
540,47
164,17
218,34
387,14
336,23
378,56
432,15
194,31
154,0
480,45
73,36
592,47
138,17
260,34
350,14
294,23
414,56
326,15
199,31
143,0
471,45
75,36
580,47
134,17
249,34
758,14
1201,23
404,56
332,15
190,31
70,0
466,45
65,36
611,47
92,17
267,34
339,14
363,23
361,56
340,15
221,31
144,0
440,45
78,36
526,47
130,17
246,34
343,14
335,23
342,56
424,15
203,31
166,0
436,45
67,36
561,47
137,17
217,34
402,14
328,23
386,56
339,15
146,31
138,0
482,45
68,36
598,47
129,17
252,34
373,14
324,23
356,56
391,15
178,31
140,0
462,45
84,36
530,47
139,17
189,34
328,14
314,23
336,56
358,15
158,31
107,0
514,45
12,36
551,47
141,17
163,34
325,14
311,23
380,56
415,15
190,31
130,0
525,45
83,36
599,47
83,17
238,34
335,14
329,23
348,56
372,15
229,31
114,0
473,45
62,36
566,47
122,17
206,34
316,14
323,23
334,56
347,15
224,31
124,0
484,45
87,36
529,47
141,17
219,34
331,14
313,23
381,56
443,15
193,31
133,0
606,45
59,36
718,47
208,17
186,34
359,14
418,23
301,56
262,15
378,31
202,0
494,45
82,36
703,47
163,17
255,34
416,14
344,23
340,56
273,15
302,31
150,0
544,45
77,36
565,47
153,17
205,34
354,14
333,23
309,56
278,15
258,31
152,0
450,45
76,36
671,47
133,17
258,34
384,14
314,23
324,56
327,15
235,31
148,0
468,45
80,36
658,47
137,17
233,34
329,14
350,23
360,56
283,15
275,31
128,0
478,45
53,36
698,47
130,17
241,34
362,14
364,23
328,56
296,15
281,31
164,0
497,45
59,36
615,47
136,17
204,34
349,14
336,23
327,56
248,15
293,31
118,0
454,45
68,36
624,47
142,17
201,34
338,14
346,23
311,56
404,15
192,31
246,0
736,45
93,36
657,47
116,17
222,34
333,14
352,23
309,56
292,15
272,31
179,0
472,45
61,36
644,47
159,17
239,34
321,14
364,23
325,56
252,15
316,31
160,0
466,45
55,36
665,47
119,17
210,34
334,14
341,23
344,56
312,15
269,31
127,0
554,45
55,36
627,47
161,17
222,34
312,14
343,23
320,56
437,15
313,31
198,0
581,45
75,36
637,47
116,17
243,34
356,14
359,23
321,56
279,15
320,31
148,0
592,45
70,36
664,47
108,17
241,34
365,14
359,23
355,56
301,15
271,31
186,0
580,45
69,36
643,47
160,17
229,34
336,14
365,23
354,56
321,15
310,31
153,0
465,45
62,36
612,47
136,17
225,34
352,14
333,23
357,56
278,15
340,31
116,0
510,45
84,36
638,47
143,17
217,34
363,14
320,23
338,56
295,15
263,31
131,0
473,45
56,36
630,47
155,17
211,34
340,14
340,23
313,56
294,15
346,31
151,0
480,45
77,36
607,47
126,17
239,34
334,14
357,23
351,56
353,15
224,31
136,0
533,45
77,36
592,47
158,17
189,34
332,14
369,23
362,56
309,15
319,31
157,0
495,45
74,36
659,47
96,17
261,34
354,14
337,23
347,56
279,15
300,31
147,0
529,45
66,36
700,47
146,17
231,34
333,14
329,23
332,56
338,15
306,31
153,0
611,45
91,36
650,47
185,17
218,34
326,14
343,23
362,56
312,15
301,31
145,0
531,45
64,36
643,47
124,17
238,34
353,14
324,23
321,56
265,15
315,31
145,0
509,45
57,36
679,47
174,17
207,34
336,14
361,23
298,56
296,15
271,31
183,0
544,45
80,36
638,47
110,17
262,34
329,14
351,23
338,56
305,15
263,31
132,0
539,45
94,36
642,47
109,17
258,34
350,14
316,23
330,56
309,15
271,31
183,0
538,45
68,36
665,47
122,17
240,34
354,14
345,23
363,56
299,15
322,31
133,0
498,45
73,36
613,47
133,17
241,34
345,14
330,23
323,56
261,15
313,31
137,0
516,45
59,36
611,47
133,17
241,34
360,14
329,23
337,56
271,15
302,31
542,0
449,45
42,36
624,47
157,17
221,34
355,14
367,23
343,56
286,15
314,31
192,0
542,45
86,36
643,47
136,17
226,34
338,14
349,23
351,56
278,15
323,31
144,0
643,45
78,36
592,47
115,17
257,34
339,14
336,23
307,56
297,15
266,31
148,0
518,45
60,36
617,47
142,17
240,34
349,14
364,23
317,56
315,15
348,31
108,0
664,45
66,36
593,47
153,17
215,34
350,14
341,23
337,56
228,15
350,31
97,0
580,45
73,36
610,47
128,17
251,34
341,14
352,23
317,56
256,15
276,31
177,0
482,45
62,36
581,47
162,17
240,34
331,14
298,23
330,56
305,15
262,31
116,0
515,45
33,36
639,47
158,17
206,34
569,14
450,23
368,56
343,15
261,31
150,0
488,45
49,36
568,47
115,17
202,34
354,14
398,23
326,56
383,15
151,31
137,0
447,45
42,36
561,47
115,17
176,34
463,14
458,23
345,56
376,15
123,31
141,0
428,45
47,36
579,47
83,17
193,34
368,14
389,23
329,56
352,15
246,31
151,0
535,45
62,36
640,47
139,17
227,34
345,14
324,23
354,56
318,15
304,31
109,0
502,45
60,36
604,47
118,17
187,34
352,14
309,23
342,56
395,15
195,31
186,0
462,45
47,36
569,47
130,17
194,34
334,14
309,23
320,56
363,15
261,31
183,0
463,45
47,36
561,47
115,17
231,34
306,14
322,23
313,56
219,15
316,31
130,0
463,45
60,36
566,47
132,17
232,34
357,14
324,23
301,56
299,15
288,31
166,0
454,45
50,36
588,47
153,17
218,34
321,14
356,23
297,56
323,15
265,31
186,0
448,45
53,36
573,47
107,17
226,34
367,14
330,23
312,56
281,15
278,31
146,0
465,45
54,36
655,47
95,17
214,34
523,14
716,23
336,56
293,15
260,31
125,0
478,45
48,36
581,47
104,17
247,34
327,14
306,23
284,56
251,15
216,31
146,0
555,45
68,36
655,47
131,17
204,34
340,14
286,23
239,56
310,15
176,31
165,0
396,45
63,36
637,47
133,17
231,34
306,14
294,23
244,56
288,15
212,31
135,0
378,45
54,36
588,47
133,17
200,34
332,14
280,23
293,56
429,15
127,31
151,0
384,45
55,36
578,47
129,17
229,34
297,14
281,23
255,56
286,15
158,31
135,0
353,45
58,36
575,47
143,17
201,34
296,14
278,23
272,56
188,15
238,31
72,0
420,45
60,36
606,47
138,17
217,34
281,14
296,23
247,56
262,15
215,31
136,0
369,45
58,36
604,47
104,17
245,34
302,14
553,23
602,56
518,15
125,31
145,0
344,45
59,36
593,47
135,17
234,34
318,14
316,23
226,56
438,15
60,31
184,0
368,45
54,36
564,47
124,17
205,34
311,14
311,23
230,56
391,15
96,31
146,0
404,45
67,36
549,47
124,17
181,34
283,14
296,23
240,56
436,15
66,31
156,0
414,45
67,36
550,47
105,17
218,34
276,14
291,23
296,56
397,15
122,31
144,0
475,45
78,36
586,47
139,17
197,34
299,14
297,23
243,56
415,15
141,31
129,0
472,45
71,36
577,47
118,17
228,34
307,14
303,23
242,56
440,15
102,31
139,0
456,45
66,36
593,47
113,17
168,34
296,14
331,23
265,56
451,15
150,31
154,0
509,45
82,36
543,47
132,17
216,34
291,14
322,23
260,56
408,15
129,31
133,0
470,45
67,36
535,47
108,17
212,34
255,14
316,23
286,56
429,15
131,31
157,0
430,45
57,36
560,47
124,17
181,34
285,14
371,23
273,56
420,15
141,31
131,0
464,45
59,36
566,47
96,17
177,34
325,14
352,23
273,56
383,15
162,31
142,0
466,45
86,36
565,47
122,17
199,34
292,14
376,23
277,56
441,15
128,31
126,0
432,45
60,36
589,47
101,17
229,34
284,14
320,23
314,56
428,15
173,31
134,0
441,45
66,36
544,47
133,17
158,34
302,14
416,23
296,56
399,15
171,31
135,0
418,45
57,36
542,47
117,17
175,34
298,14
341,23
296,56
249,15
153,31
131,0
422,45
59,36
493,47
123,17
205,34
293,14
225,23
223,56
391,15
132,31
97,0
462,45
75,36
534,47
116,17
202,34
306,14
295,23
259,56
351,15
162,31
105,0
451,45
76,36
582,47
125,17
185,34
316,14
333,23
283,56
378,15
155,31
157,0
423,45
53,36
542,47
118,17
185,34
297,14
327,23
286,56
300,15
200,31
154,0
398,45
70,36
537,47
127,17
202,34
295,14
352,23
573,56
267,15
209,31
117,0
398,45
56,36
508,47
113,17
192,34
298,14
367,23
310,56
396,15
114,31
134,0
446,45
63,36
553,47
125,17
186,34
295,14
338,23
288,56
360,15
178,31
109,0
472,45
50,36
563,47
131,17
207,34
317,14
335,23
280,56
360,15
161,31
130,0
432,45
55,36
586,47
112,17
189,34
302,14
344,23
278,56
272,15
154,31
148,0
387,45
62,36
565,47
111,17
249,34
294,14
339,23
258,56
344,15
192,31
125,0
422,45
61,36
568,47
87,17
217,34
315,14
346,23
291,56
200,15
274,31
130,0
418,45
53,36
573,47
123,17
223,34
303,14
369,23
284,56
494,15
197,31
173,0
396,45
77,36
546,47
95,17
196,34
314,14
287,23
279,56
368,15
153,31
136,0
405,45
55,36
514,47
170,17
238,34
321,14
332,23
320,56
352,15
141,31
133,0
419,45
58,36
545,47
131,17
203,34
330,14
303,23
268,56
320,15
129,31
149,0
507,45
82,36
469,47
175,17
237,34
294,14
312,23
242,56
438,15
180,31
157,0
404,45
78,36
552,47
142,17
199,34
310,14
305,23
298,56
368,15
157,31
141,0
465,45
80,36
545,47
137,17
218,34
306,14
317,23
293,56
368,15
155,31
142,0
450,45
69,36
561,47
130,17
198,34
281,14
298,23
285,56
413,15
193,31
74,0
503,45
64,36
610,47
146,17
201,34
296,14
310,23
249,56
230,15
148,31
219,0
449,45
64,36
582,47
142,17
200,34
265,14
309,23
250,56
210,15
202,31
162,0
417,45
65,36
576,47
140,17
198,34
281,14
330,23
279,56
197,15
172,31
166,0
400,45
77,36
566,47
114,17
204,34
291,14
287,23
242,56
202,15
214,31
136,0
416,45
54,36
567,47
141,17
190,34
277,14
305,23
234,56
254,15
168,31
205,0
448,45
66,36
540,47
234,17
294,34
341,14
455,23
347,56
239,15
274,31
724,0
381,45
78,36
556,47
132,17
195,34
289,14
356,23
297,56
234,15
351,31
146,0
421,45
63,36
546,47
153,17
204,34
287,14
303,23
268,56
342,15
172,31
160,0
441,45
59,36
536,47
176,17
193,34
322,14
322,23
264,56
377,15
153,31
121,0
524,45
95,36
