429,47
140,17
202,34
928,14
586,23
575,56
259,15
254,31
275,0
472,45
131,36
406,47
103,17
162,34
339,14
519,23
303,56
166,15
231,31
201,0
349,45
107,36
340,47
108,17
165,34
367,14
599,23
282,56
87,15
239,31
215,0
355,45
111,36
306,47
107,17
152,34
334,14
578,23
187,56
141,15
238,31
203,0
346,45
107,36
433,47
99,17
182,34
365,14
610,23
349,56
178,15
204,31
187,0
617,45
113,36
358,47
118,17
154,34
233,14
513,23
281,56
213,15
203,31
181,0
361,45
117,36
629,47
143,17
160,34
838,14
431,23
300,56
196,15
194,31
212,0
430,45
99,36
755,47
106,17
246,34
253,14
546,23
288,56
477,15
194,31
256,0
490,45
108,36
540,47
129,17
212,34
312,14
423,23
259,56
234,15
195,31
181,0
467,45
107,36
389,47
123,17
217,34
288,14
610,23
262,56
312,15
195,31
193,0
440,45
105,36
360,47
130,17
220,34
221,14
505,23
225,56
163,15
210,31
174,0
394,45
101,36
370,47
134,17
187,34
273,14
507,23
218,56
234,15
188,31
152,0
369,45
105,36
413,47
141,17
163,34
1142,14
704,23
275,56
229,15
192,31
148,0
515,45
62,36
364,47
111,17
184,34
266,14
521,23
477,56
256,15
219,31
147,0
503,45
87,36
344,47
122,17
180,34
677,14
556,23
245,56
173,15
173,31
214,0
335,45
104,36
356,47
151,17
159,34
298,14
462,23
204,56
139,15
188,31
188,0
371,45
109,36
328,47
140,17
178,34
249,14
412,23
225,56
153,15
176,31
207,0
406,45
115,36
314,47
161,17
197,34
705,14
540,23
679,56
288,15
197,31
158,0
531,45
107,36
401,47
117,17
158,34
666,14
591,23
253,56
220,15
211,31
178,0
474,45
100,36
379,47
133,17
186,34
334,14
567,23
243,56
243,15
223,31
183,0
429,45
107,36
344,47
210,17
210,34
791,14
508,23
366,56
210,15
206,31
185,0
367,45
115,36
386,47
212,17
186,34
244,14
477,23
454,56
252,15
261,31
191,0
428,45
99,36
393,47
121,17
200,34
314,14
622,23
278,56
130,15
180,31
192,0
381,45
95,36
337,47
132,17
185,34
204,14
476,23
407,56
296,15
189,31
182,0
358,45
113,36
319,47
184,17
198,34
297,14
440,23
238,56
155,15
182,31
200,0
914,45
130,36
445,47
125,17
215,34
400,14
735,23
292,56
170,15
227,31
61,0
610,45
115,36
456,47
148,17
201,34
236,14
621,23
221,56
140,15
188,31
200,0
325,45
109,36
359,47
143,17
152,34
252,14
545,23
268,56
164,15
239,31
196,0
392,45
96,36
318,47
160,17
198,34
272,14
476,23
230,56
199,15
169,31
233,0
404,45
110,36
374,47
157,17
212,34
228,14
440,23
222,56
170,15
162,31
220,0
361,45
117,36
309,47
195,17
195,34
278,14
432,23
233,56
164,15
214,31
172,0
384,45
110,36
385,47
183,17
137,34
334,14
598,23
433,56
214,15
198,31
213,0
331,45
89,36
419,47
130,17
193,34
281,14
408,23
249,56
145,15
158,31
215,0
369,45
78,36
346,47
193,17
199,34
280,14
425,23
209,56
148,15
199,31
208,0
503,45
103,36
358,47
265,17
245,34
479,14
678,23
221,56
116,15
238,31
160,0
431,45
135,36
341,47
168,17
208,34
303,14
516,23
263,56
209,15
214,31
169,0
386,45
111,36
382,47
155,17
219,34
261,14
473,23
250,56
124,15
201,31
342,0
459,45
111,36
444,47
115,17
216,34
337,14
412,23
218,56
198,15
222,31
167,0
414,45
110,36
276,47
181,17
210,34
306,14
422,23
310,56
251,15
161,31
197,0
460,45
107,36
363,47
196,17
233,34
298,14
391,23
288,56
209,15
202,31
225,0
564,45
111,36
352,47
122,17
219,34
309,14
420,23
252,56
182,15
168,31
181,0
541,45
32,36
354,47
123,17
208,34
279,14
414,23
259,56
154,15
208,31
179,0
321,45
88,36
221,47
168,17
224,34
275,14
418,23
304,56
124,15
224,31
139,0
353,45
85,36
368,47
158,17
205,34
268,14
348,23
282,56
109,15
192,31
174,0
397,45
107,36
254,47
162,17
210,34
351,14
437,23
228,56
145,15
197,31
169,0
377,45
119,36
389,47
131,17
172,34
846,14
425,23
244,56
163,15
177,31
176,0
354,45
109,36
317,47
151,17
185,34
271,14
439,23
295,56
201,15
227,31
177,0
356,45
96,36
371,47
102,17
210,34
662,14
428,23
331,56
177,15
215,31
101,0
539,45
84,36
503,47
167,17
203,34
396,14
485,23
287,56
184,15
255,31
56,0
546,45
117,36
306,47
150,17
140,34
247,14
384,23
304,56
197,15
176,31
202,0
378,45
115,36
327,47
135,17
182,34
1190,14
605,23
243,56
170,15
219,31
203,0
398,45
102,36
277,47
171,17
130,34
336,14
418,23
254,56
134,15
184,31
165,0
313,45
129,36
294,47
142,17
139,34
338,14
494,23
587,56
275,15
140,31
170,0
381,45
112,36
327,47
142,17
164,34
302,14
548,23
231,56
148,15
192,31
176,0
334,45
100,36
301,47
133,17
184,34
299,14
421,23
271,56
177,15
224,31
179,0
330,45
107,36
290,47
105,17
194,34
255,14
401,23
215,56
177,15
230,31
210,0
285,45
104,36
275,47
148,17
197,34
268,14
401,23
257,56
115,15
220,31
195,0
586,45
81,36
242,47
140,17
133,34
316,14
609,23
350,56
137,15
243,31
167,0
284,45
102,36
465,47
129,17
188,34
429,14
396,23
246,56
142,15
210,31
243,0
432,45
88,36
336,47
106,17
166,34
306,14
436,23
250,56
142,15
202,31
178,0
308,45
77,36
324,47
197,17
171,34
653,14
813,23
339,56
146,15
201,31
158,0
316,45
94,36
343,47
164,17
192,34
365,14
418,23
315,56
245,15
220,31
216,0
435,45
99,36
404,47
198,17
179,34
356,14
514,23
246,56
218,15
190,31
210,0
406,45
102,36
345,47
164,17
205,34
270,14
400,23
271,56
171,15
250,31
160,0
322,45
110,36
313,47
213,17
169,34
310,14
448,23
304,56
172,15
265,31
196,0
369,45
109,36
261,47
184,17
201,34
253,14
349,23
462,56
316,15
124,31
189,0
348,45
109,36
1458,47
133,17
187,34
667,14
438,23
257,56
157,15
187,31
168,0
319,45
95,36
242,47
162,17
534,34
462,14
398,23
248,56
186,15
191,31
179,0
326,45
99,36
298,47
191,17
204,34
316,14
440,23
224,56
154,15
223,31
170,0
351,45
100,36
323,47
150,17
180,34
279,14
413,23
395,56
264,15
220,31
163,0
371,45
96,36
337,47
152,17
197,34
238,14
387,23
227,56
169,15
216,31
191,0
368,45
110,36
373,47
144,17
182,34
265,14
364,23
204,56
164,15
241,31
71,0
625,45
78,36
360,47
118,17
159,34
254,14
375,23
235,56
110,15
291,31
212,0
467,45
89,36
260,47
158,17
148,34
358,14
396,23
235,56
145,15
106,31
220,0
373,45
92,36
411,47
133,17
188,34
463,14
388,23
332,56
333,15
191,31
189,0
354,45
84,36
225,47
142,17
133,34
261,14
375,23
220,56
134,15
167,31
189,0
394,45
105,36
231,47
168,17
171,34
222,14
377,23
275,56
94,15
196,31
195,0
375,45
96,36
209,47
151,17
232,34
283,14
427,23
351,56
297,15
132,31
228,0
381,45
96,36
280,47
124,17
210,34
274,14
436,23
353,56
203,15
197,31
158,0
345,45
94,36
286,47
136,17
236,34
252,14
367,23
333,56
126,15
214,31
205,0
387,45
69,36
272,47
175,17
215,34
217,14
396,23
331,56
210,15
141,31
190,0
327,45
93,36
282,47
153,17
224,34
299,14
522,23
361,56
146,15
186,31
183,0
315,45
96,36
161,47
144,17
235,34
287,14
380,23
266,56
118,15
235,31
208,0
316,45
117,36
283,47
131,17
176,34
236,14
381,23
240,56
179,15
173,31
186,0
261,45
94,36
227,47
94,17
222,34
354,14
344,23
372,56
89,15
215,31
196,0
409,45
99,36
225,47
144,17
199,34
176,14
356,23
268,56
216,15
167,31
152,0
248,45
110,36
283,47
141,17
201,34
186,14
331,23
322,56
139,15
201,31
172,0
316,45
97,36
253,47
206,17
204,34
374,14
439,23
238,56
200,15
275,31
402,0
413,45
111,36
331,47
189,17
174,34
249,14
355,23
394,56
181,15
198,31
150,0
349,45
94,36
234,47
149,17
183,34
213,14
384,23
344,56
113,15
154,31
187,0
308,45
78,36
303,47
138,17
180,34
267,14
383,23
344,56
191,15
204,31
172,0
279,45
73,36
265,47
154,17
200,34
158,14
351,23
255,56
181,15
169,31
178,0
239,45
115,36
410,47
146,17
168,34
391,14
921,23
403,56
223,15
226,31
186,0
331,45
92,36
373,47
141,17
194,34
382,14
399,23
381,56
175,15
149,31
169,0
351,45
120,36
338,47
160,17
165,34
227,14
380,23
437,56
207,15
216,31
190,0
262,45
123,36
250,47
185,17
190,34
280,14
342,23
295,56
133,15
204,31
198,0
268,45
106,36
270,47
173,17
184,34
170,14
412,23
388,56
134,15
226,31
168,0
285,45
124,36
236,47
116,17
185,34
702,14
773,23
381,56
186,15
155,31
187,0
261,45
117,36
201,47
126,17
189,34
149,14
314,23
303,56
189,15
145,31
184,0
287,45
93,36
338,47
129,17
181,34
227,14
345,23
390,56
114,15
248,31
189,0
354,45
77,36
279,47
105,17
147,34
297,14
500,23
211,56
151,15
222,31
157,0
351,45
14,36
316,47
107,17
179,34
203,14
360,23
245,56
88,15
206,31
166,0
297,45
77,36
207,47
151,17
188,34
216,14
372,23
254,56
100,15
195,31
202,0
249,45
89,36
247,47
184,17
192,34
289,14
444,23
332,56
119,15
208,31
196,0
347,45
110,36
260,47
152,17
140,34
203,14
346,23
259,56
117,15
197,31
177,0
307,45
115,36
258,47
183,17
295,34
824,14
428,23
253,56
125,15
169,31
204,0
289,45
93,36
483,47
223,17
224,34
639,14
442,23
329,56
264,15
124,31
225,0
508,45
109,36
458,47
120,17
150,34
315,14
408,23
292,56
226,15
141,31
204,0
448,45
92,36
317,47
124,17
173,34
267,14
314,23
236,56
192,15
189,31
201,0
395,45
49,36
350,47
117,17
182,34
257,14
471,23
270,56
207,15
138,31
208,0
358,45
91,36
419,47
195,17
221,34
553,14
392,23
300,56
206,15
78,31
224,0
464,45
10,36
354,47
122,17
195,34
258,14
386,23
346,56
232,15
143,31
198,0
335,45
93,36
300,47
136,17
142,34
223,14
476,23
300,56
235,15
187,31
189,0
400,45
103,36
347,47
124,17
178,34
330,14
360,23
258,56
217,15
183,31
219,0
328,45
101,36
295,47
159,17
191,34
208,14
339,23
312,56
295,15
158,31
253,0
371,45
92,36
244,47
185,17
155,34
223,14
376,23
359,56
241,15
155,31
205,0
372,45
81,36
224,47
152,17
164,34
247,14
541,23
316,56
186,15
147,31
174,0
325,45
89,36
273,47
148,17
196,34
221,14
320,23
240,56
176,15
139,31
261,0
320,45
87,36
261,47
158,17
176,34
203,14
300,23
250,56
164,15
176,31
232,0
265,45
84,36
347,47
108,17
193,34
889,14
485,23
223,56
196,15
142,31
220,0
269,45
93,36
271,47
166,17
151,34
231,14
439,23
260,56
175,15
169,31
178,0
286,45
92,36
234,47
190,17
194,34
201,14
374,23
262,56
218,15
78,31
153,0
281,45
87,36
344,47
118,17
163,34
345,14
366,23
255,56
183,15
201,31
194,0
387,45
89,36
292,47
117,17
162,34
254,14
373,23
287,56
168,15
168,31
154,0
714,45
109,36
345,47
129,17
184,34
244,14
395,23
265,56
174,15
199,31
193,0
284,45
97,36
283,47
138,17
168,34
207,14
339,23
285,56
204,15
199,31
204,0
294,45
88,36
307,47
130,17
178,34
309,14
364,23
288,56
170,15
184,31
193,0
278,45
84,36
291,47
159,17
161,34
174,14
387,23
314,56
196,15
182,31
188,0
276,45
87,36
210,47
167,17
211,34
294,14
700,23
233,56
182,15
196,31
172,0
291,45
85,36
264,47
179,17
165,34
212,14
350,23
275,56
184,15
173,31
195,0
246,45
110,36
420,47
135,17
176,34
239,14
422,23
272,56
138,15
161,31
215,0
330,45
93,36
240,47
177,17
117,34
268,14
620,23
349,56
156,15
206,31
174,0
263,45
93,36
514,47
126,17
215,34
533,14
435,23
270,56
166,15
195,31
210,0
293,45
100,36
331,47
176,17
197,34
460,14
505,23
250,56
187,15
201,31
198,0
326,45
105,36
275,47
146,17
190,34
684,14
430,23
287,56
142,15
166,31
213,0
298,45
95,36
206,47
163,17
172,34
264,14
387,23
331,56
71,15
288,31
480,0
322,45
99,36
222,47
197,17
187,34
239,14
366,23
273,56
178,15
173,31
220,0
300,45
64,36
245,47
135,17
205,34
256,14
373,23
268,56
150,15
160,31
209,0
333,45
98,36
358,47
130,17
194,34
280,14
338,23
255,56
125,15
182,31
273,0
622,45
116,36
550,47
166,17
188,34
601,14
596,23
243,56
212,15
108,31
197,0
591,45
130,36
667,47
117,17
181,34
270,14
336,23
253,56
173,15
133,31
210,0
357,45
97,36
300,47
144,17
213,34
184,14
446,23
308,56
153,15
173,31
216,0
328,45
90,36
270,47
156,17
172,34
203,14
356,23
305,56
222,15
173,31
183,0
385,45
88,36
281,47
178,17
170,34
285,14
363,23
327,56
199,15
247,31
217,0
390,45
98,36
261,47
191,17
172,34
237,14
343,23
312,56
218,15
208,31
217,0
326,45
100,36
266,47
163,17
214,34
643,14
355,23
362,56
148,15
208,31
207,0
350,45
99,36
234,47
250,17
205,34
256,14
346,23
255,56
186,15
184,31
192,0
327,45
66,36
315,47
135,17
198,34
268,14
465,23
292,56
262,15
248,31
203,0
419,45
93,36
286,47
121,17
159,34
192,14
339,23
271,56
183,15
163,31
190,0
681,45
119,36
343,47
118,17
202,34
280,14
298,23
321,56
204,15
170,31
185,0
308,45
98,36
348,47
101,17
156,34
247,14
339,23
225,56
132,15
194,31
184,0
263,45
97,36
261,47
162,17
158,34
240,14
298,23
258,56
154,15
176,31
195,0
248,45
61,36
227,47
131,17
163,34
976,14
375,23
301,56
127,15
159,31
208,0
265,45
99,36
241,47
141,17
164,34
183,14
377,23
232,56
105,15
241,31
178,0
258,45
84,36
255,47
136,17
145,34
689,14
441,23
272,56
157,15
161,31
212,0
269,45
90,36
226,47
151,17
136,34
231,14
423,23
220,56
183,15
130,31
187,0
283,45
84,36
369,47
102,17
145,34
621,14
397,23
246,56
115,15
183,31
201,0
296,45
104,36
311,47
82,17
144,34
247,14
302,23
220,56
101,15
149,31
247,0
315,45
106,36
220,47
157,17
168,34
168,14
320,23
251,56
118,15
246,31
222,0
311,45
108,36
464,47
123,17
145,34
247,14
351,23
215,56
191,15
150,31
194,0
266,45
110,36
210,47
151,17
170,34
237,14
684,23
231,56
153,15
157,31
176,0
350,45
95,36
276,47
115,17
154,34
229,14
642,23
288,56
211,15
179,31
193,0
259,45
88,36
410,47
178,17
206,34
293,14
373,23
225,56
213,15
220,31
193,0
314,45
83,36
212,47
152,17
213,34
853,14
403,23
215,56
195,15
192,31
211,0
253,45
93,36
226,47
185,17
161,34
255,14
339,23
263,56
199,15
203,31
188,0
201,45
99,36
200,47
159,17
174,34
296,14
357,23
231,56
190,15
189,31
213,0
241,45
75,36
241,47
163,17
150,34
276,14
416,23
266,56
166,15
136,31
244,0
285,45
93,36
202,47
200,17
199,34
215,14
370,23
219,56
199,15
166,31
256,0
292,45
84,36
219,47
166,17
1037,34
481,14
433,23
344,56
167,15
136,31
201,0
289,45
95,36
206,47
134,17
216,34
229,14
383,23
214,56
176,15
200,31
177,0
258,45
99,36
248,47
202,17
110,34
249,14
547,23
223,56
153,15
182,31
198,0
216,45
140,36
202,47
157,17
135,34
264,14
372,23
296,56
135,15
174,31
191,0
275,45
97,36
214,47
177,17
157,34
273,14
362,23
292,56
191,15
192,31
193,0
230,45
91,36
265,47
131,17
167,34
275,14
336,23
258,56
220,15
193,31
214,0
328,45
74,36
270,47
144,17
185,34
239,14
344,23
228,56
125,15
213,31
185,0
343,45
80,36
207,47
161,17
181,34
208,14
337,23
267,56
166,15
120,31
214,0
283,45
81,36
363,47
185,17
199,34
238,14
410,23
324,56
107,15
167,31
223,0
311,45
102,36
353,47
138,17
169,34
461,14
473,23
325,56
204,15
129,31
215,0
221,45
125,36
215,47
150,17
157,34
256,14
380,23
195,56
196,15
132,31
229,0
299,45
72,36
249,47
187,17
336,34
362,14
354,23
300,56
168,15
191,31
813,0
306,45
126,36
234,47
199,17
161,34
212,14
327,23
242,56
193,15
207,31
174,0
243,45
100,36
182,47
154,17
200,34
262,14
346,23
240,56
175,15
173,31
185,0
227,45
106,36
221,47
136,17
177,34
190,14
355,23
236,56
163,15
249,31
160,0
185,45
118,36
469,47
102,17
138,34
698,14
343,23
254,56
167,15
210,31
201,0
367,45
71,36
373,47
92,17
164,34
237,14
284,23
208,56
207,15
157,31
195,0
257,45
81,36
250,47
125,17
185,34
217,14
445,23
258,56
162,15
212,31
128,0
265,45
86,36
196,47
146,17
177,34
216,14
335,23
313,56
138,15
241,31
179,0
293,45
68,36
221,47
181,17
203,34
239,14
396,23
380,56
76,15
648,31
259,0
284,45
108,36
261,47
163,17
148,34
276,14
310,23
233,56
171,15
207,31
170,0
240,45
91,36
274,47
147,17
183,34
237,14
324,23
211,56
137,15
201,31
195,0
267,45
94,36
297,47
135,17
180,34
234,14
312,23
226,56
162,15
228,31
154,0
236,45
92,36
221,47
148,17
170,34
492,14
360,23
236,56
181,15
154,31
192,0
290,45
70,36
195,47
161,17
216,34
398,14
368,23
236,56
167,15
176,31
194,0
256,45
106,36
341,47
161,17
159,34
253,14
389,23
214,56
167,15
164,31
178,0
203,45
110,36
198,47
121,17
210,34
282,14
332,23
214,56
182,15
119,31
172,0
229,45
63,36
232,47
152,17
218,34
570,14
378,23
216,56
162,15
232,31
194,0
268,45
87,36
189,47
115,17
183,34
182,14
321,23
184,56
148,15
187,31
159,0
238,45
103,36
192,47
140,17
561,34
246,14
593,23
322,56
226,15
140,31
195,0
267,45
74,36
208,47
155,17
137,34
218,14
315,23
323,56
219,15
211,31
184,0
276,45
91,36
306,47
163,17
211,34
244,14
316,23
254,56
92,15
235,31
154,0
326,45
65,36
256,47
144,17
144,34
270,14
366,23
274,56
123,15
170,31
235,0
235,45
98,36
367,47
126,17
144,34
1064,14
400,23
291,56
140,15
172,31
167,0
341,45
96,36
231,47
110,17
118,34
268,14
412,23
260,56
159,15
142,31
190,0
298,45
73,36
303,47
131,17
128,34
296,14
388,23
264,56
166,15
181,31
176,0
308,45
79,36
259,47
139,17
115,34
269,14
365,23
283,56
140,15
181,31
191,0
291,45
90,36
240,47
173,17
173,34
193,14
466,23
314,56
153,15
195,31
149,0
286,45
107,36
224,47
157,17
172,34
273,14
372,23
238,56
168,15
186,31
174,0
248,45
72,36
397,47
108,17
136,34
238,14
374,23
262,56
126,15
161,31
221,0
263,45
114,36
412,47
147,17
131,34
246,14
456,23
273,56
177,15
170,31
209,0
281,45
116,36
427,47
559,17
206,34
430,14
384,23
239,56
156,15
166,31
202,0
269,45
108,36
256,47
168,17
159,34
188,14
356,23
255,56
164,15
160,31
211,0
325,45
67,36
261,47
186,17
135,34
179,14
630,23
300,56
139,15
151,31
212,0
273,45
82,36
175,47
160,17
175,34
192,14
396,23
405,56
191,15
190,31
160,0
270,45
100,36
183,47
134,17
172,34
172,14
347,23
220,56
189,15
143,31
225,0
240,45
91,36
219,47
154,17
202,34
270,14
408,23
300,56
141,15
165,31
203,0
211,45
137,36
271,47
156,17
227,34
260,14
345,23
392,56
100,15
207,31
205,0
269,45
84,36
227,47
141,17
178,34
228,14
314,23
321,56
199,15
125,31
193,0
204,45
113,36
156,47
148,17
182,34
250,14
614,23
309,56
177,15
219,31
169,0
259,45
104,36
256,47
181,17
174,34
223,14
351,23
313,56
146,15
211,31
222,0
364,45
70,36
268,47
187,17
138,34
225,14
389,23
290,56
182,15
174,31
136,0
300,45
98,36
270,47
115,17
161,34
194,14
411,23
263,56
131,15
125,31
199,0
219,45
73,36
148,47
165,17
167,34
227,14
376,23
264,56
105,15
162,31
238,0
275,45
83,36
166,47
168,17
165,34
207,14
467,23
343,56
150,15
125,31
189,0
228,45
102,36
132,47
180,17
190,34
241,14
320,23
307,56
145,15
134,31
226,0
265,45
71,36
177,47
150,17
132,34
204,14
488,23
283,56
152,15
129,31
207,0
269,45
58,36
256,47
147,17
186,34
254,14
493,23
299,56
343,15
184,31
183,0
411,45
102,36
266,47
143,17
191,34
247,14
403,23
250,56
212,15
157,31
151,0
409,45
123,36
217,47
162,17
185,34
251,14
349,23
295,56
199,15
188,31
168,0
368,45
88,36
264,47
173,17
178,34
655,14
434,23
309,56
179,15
198,31
223,0
259,45
91,36
384,47
195,17
162,34
344,14
357,23
272,56
248,15
182,31
245,0
384,45
92,36
325,47
148,17
167,34
274,14
369,23
281,56
172,15
207,31
188,0
324,45
96,36
245,47
171,17
208,34
310,14
381,23
314,56
200,15
181,31
201,0
336,45
72,36
524,47
147,17
159,34
341,14
336,23
299,56
167,15
199,31
185,0
289,45
83,36
278,47
159,17
164,34
720,14
356,23
279,56
227,15
180,31
191,0
241,45
92,36
233,47
141,17
177,34
233,14
395,23
438,56
88,15
176,31
181,0
349,45
74,36
238,47
148,17
187,34
220,14
541,23
315,56
158,15
182,31
194,0
287,45
97,36
269,47
143,17
156,34
217,14
503,23
328,56
197,15
176,31
188,0
303,45
97,36
262,47
148,17
187,34
210,14
447,23
298,56
187,15
178,31
179,0
252,45
97,36
247,47
125,17
195,34
226,14
329,23
269,56
165,15
165,31
201,0
287,45
70,36
209,47
153,17
95,34
376,14
414,23
286,56
183,15
201,31
224,0
247,45
92,36
250,47
113,17
202,34
241,14
394,23
262,56
158,15
124,31
196,0
230,45
88,36
177,47
157,17
188,34
207,14
311,23
274,56
126,15
161,31
209,0
328,45
94,36
223,47
176,17
180,34
247,14
315,23
219,56
166,15
153,31
196,0
233,45
77,36
190,47
197,17
192,34
230,14
299,23
261,56
162,15
198,31
192,0
286,45
88,36
171,47
150,17
199,34
212,14
334,23
288,56
151,15
155,31
213,0
246,45
91,36
250,47
121,17
158,34
257,14
441,23
291,56
177,15
152,31
176,0
229,45
74,36
189,47
138,17
220,34
237,14
299,23
326,56
161,15
188,31
194,0
195,45
78,36
245,47
157,17
141,34
173,14
331,23
258,56
161,15
154,31
213,0
226,45
87,36
200,47
144,17
192,34
220,14
303,23
264,56
156,15
203,31
188,0
236,45
75,36
229,47
168,17
202,34
254,14
496,23
319,56
123,15
172,31
174,0
298,45
47,36
272,47
168,17
121,34
290,14
288,23
289,56
98,15
198,31
191,0
238,45
72,36
138,47
169,17
132,34
200,14
303,23
262,56
75,15
223,31
197,0
225,45
76,36
192,47
166,17
105,34
736,14
302,23
283,56
100,15
178,31
200,0
242,45
63,36
206,47
159,17
111,34
217,14
341,23
254,56
100,15
227,31
159,0
264,45
88,36
172,47
154,17
134,34
201,14
300,23
308,56
110,15
163,31
208,0
295,45
81,36
144,47
133,17
164,34
208,14
366,23
319,56
91,15
172,31
202,0
240,45
83,36
220,47
144,17
135,34
194,14
1033,23
313,56
160,15
213,31
173,0
268,45
73,36
186,47
126,17
167,34
186,14
324,23
227,56
114,15
161,31
173,0
272,45
54,36
435,47
104,17
393,34
346,14
285,23
222,56
122,15
177,31
190,0
316,45
69,36
239,47
105,17
199,34
191,14
619,23
319,56
115,15
161,31
176,0
523,45
59,36
215,47
180,17
169,34
201,14
431,23
277,56
133,15
119,31
200,0
629,45
82,36
270,47
153,17
165,34
207,14
283,23
238,56
145,15
140,31
190,0
266,45
86,36
200,47
153,17
119,34
166,14
369,23
312,56
193,15
67,31
205,0
320,45
37,36
187,47
83,17
189,34
283,14
375,23
332,56
146,15
118,31
200,0
232,45
82,36
175,47
117,17
159,34
209,14
342,23
218,56
197,15
81,31
206,0
227,45
109,36
213,47
186,17
142,34
216,14
410,23
282,56
135,15
133,31
186,0
224,45
88,36
444,47
143,17
167,34
317,14
280,23
280,56
50,15
169,31
250,0
543,45
97,36
199,47
117,17
185,34
209,14
300,23
251,56
146,15
100,31
197,0
191,45
73,36
308,47
152,17
195,34
720,14
385,23
261,56
169,15
88,31
235,0
197,45
83,36
206,47
134,17
188,34
210,14
463,23
333,56
134,15
195,31
138,0
261,45
127,36
214,47
145,17
183,34
769,14
323,23
255,56
134,15
116,31
212,0
369,45
78,36
228,47
146,17
204,34
297,14
439,23
293,56
135,15
207,31
204,0
385,45
73,36
234,47
161,17
187,34
231,14
393,23
320,56
125,15
172,31
219,0
284,45
71,36
206,47
154,17
187,34
244,14
342,23
279,56
142,15
131,31
216,0
241,45
93,36
243,47
128,17
239,34
214,14
496,23
335,56
295,15
211,31
201,0
341,45
81,36
246,47
146,17
195,34
730,14
390,23
322,56
159,15
187,31
182,0
268,45
90,36
202,47
139,17
234,34
234,14
287,23
324,56
171,15
210,31
159,0
324,45
82,36
190,47
158,17
207,34
268,14
305,23
297,56
135,15
190,31
200,0
294,45
96,36
245,47
156,17
197,34
263,14
306,23
305,56
172,15
148,31
234,0
276,45
70,36
421,47
149,17
180,34
293,14
321,23
254,56
193,15
116,31
210,0
341,45
99,36
304,47
137,17
172,34
326,14
342,23
291,56
185,15
208,31
151,0
380,45
12,36
280,47
189,17
179,34
307,14
303,23
275,56
190,15
189,31
152,0
345,45
90,36
236,47
184,17
164,34
278,14
333,23
264,56
192,15
212,31
176,0
317,45
69,36
250,47
185,17
221,34
254,14
348,23
344,56
219,15
145,31
179,0
284,45
77,36
234,47
182,17
168,34
289,14
337,23
309,56
221,15
155,31
193,0
316,45
92,36
173,47
183,17
179,34
974,14
337,23
352,56
135,15
178,31
203,0
218,45
103,36
253,47
198,17
191,34
244,14
359,23
262,56
187,15
177,31
191,0
274,45
73,36
321,47
129,17
199,34
225,14
382,23
318,56
183,15
161,31
187,0
312,45
76,36
286,47
187,17
205,34
389,14
466,23
237,56
206,15
162,31
178,0
243,45
107,36
348,47
110,17
201,34
275,14
423,23
282,56
192,15
154,31
152,0
272,45
81,36
230,47
159,17
237,34
211,14
347,23
329,56
209,15
213,31
221,0
293,45
91,36
237,47
164,17
238,34
270,14
366,23
322,56
218,15
113,31
169,0
314,45
66,36
347,47
113,17
200,34
285,14
307,23
275,56
155,15
184,31
184,0
626,45
79,36
247,47
162,17
217,34
254,14
316,23
278,56
166,15
204,31
160,0
419,45
77,36
350,47
117,17
228,34
301,14
344,23
323,56
234,15
206,31
186,0
316,45
87,36
219,47
170,17
226,34
240,14
361,23
384,56
183,15
207,31
194,0
326,45
83,36
228,47
137,17
221,34
270,14
353,23
217,56
202,15
212,31
151,0
328,45
79,36
274,47
206,17
108,34
330,14
311,23
256,56
197,15
200,31
163,0
286,45
94,36
242,47
150,17
222,34
313,14
341,23
342,56
162,15
196,31
194,0
313,45
71,36
209,47
140,17
243,34
262,14
415,23
404,56
169,15
207,31
191,0
309,45
58,36
305,47
125,17
186,34
249,14
382,23
228,56
162,15
210,31
194,0
279,45
82,36
208,47
149,17
169,34
245,14
373,23
266,56
172,15
165,31
197,0
303,45
91,36
209,47
181,17
149,34
258,14
351,23
246,56
159,15
257,31
202,0
337,45
22,36
307,47
179,17
174,34
251,14
355,23
279,56
150,15
208,31
213,0
309,45
99,36
193,47
165,17
182,34
259,14
352,23
201,56
200,15
205,31
180,0
294,45
81,36
234,47
160,17
220,34
256,14
297,23
306,56
193,15
224,31
175,0
284,45
122,36
241,47
166,17
172,34
266,14
298,23
185,56
210,15
191,31
175,0
279,45
81,36
246,47
105,17
209,34
244,14
317,23
242,56
205,15
216,31
178,0
260,45
95,36
224,47
142,17
203,34
207,14
791,23
314,56
212,15
222,31
178,0
312,45
114,36
249,47
151,17
162,34
767,14
388,23
263,56
212,15
245,31
197,0
297,45
87,36
237,47
126,17
250,34
157,14
365,23
295,56
165,15
250,31
194,0
321,45
98,36
190,47
276,17
231,34
289,14
337,23
300,56
204,15
184,31
190,0
278,45
105,36
230,47
150,17
198,34
200,14
292,23
296,56
167,15
209,31
199,0
284,45
105,36
263,47
153,17
189,34
249,14
302,23
263,56
206,15
235,31
203,0
306,45
89,36
229,47
158,17
192,34
228,14
301,23
254,56
204,15
185,31
219,0
347,45
47,36
242,47
163,17
159,34
220,14
341,23
239,56
159,15
268,31
194,0
266,45
142,36
229,47
213,17
171,34
367,14
364,23
286,56
207,15
200,31
180,0
266,45
112,36
221,47
139,17
209,34
217,14
259,23
264,56
225,15
232,31
188,0
278,45
96,36
275,47
133,17
218,34
212,14
352,23
306,56
142,15
234,31
171,0
269,45
122,36
267,47
156,17
147,34
272,14
352,23
268,56
191,15
148,31
205,0
274,45
111,36
232,47
127,17
205,34
200,14
323,23
207,56
144,15
191,31
214,0
382,45
98,36
198,47
149,17
163,34
161,14
293,23
202,56
186,15
144,31
267,0
303,45
83,36
229,47
106,17
188,34
673,14
353,23
272,56
180,15
159,31
250,0
251,45
101,36
242,47
125,17
230,34
226,14
492,23
361,56
167,15
189,31
214,0
245,45
95,36
259,47
211,17
242,34
311,14
350,23
220,56
188,15
140,31
251,0
293,45
96,36
394,47
146,17
225,34
300,14
369,23
338,56
220,15
219,31
208,0
610,45
66,36
285,47
127,17
194,34
205,14
349,23
263,56
183,15
245,31
226,0
378,45
93,36
251,47
153,17
217,34
219,14
337,23
276,56
221,15
141,31
220,0
251,45
120,36
258,47
168,17
231,34
283,14
311,23
308,56
200,15
228,31
200,0
245,45
113,36
288,47
189,17
437,34
407,14
358,23
280,56
251,15
221,31
203,0
252,45
110,36
253,47
193,17
193,34
261,14
334,23
358,56
204,15
258,31
190,0
301,45
93,36
276,47
139,17
232,34
215,14
369,23
272,56
261,15
146,31
204,0
224,45
110,36
219,47
126,17
224,34
216,14
397,23
295,56
180,15
222,31
179,0
262,45
101,36
243,47
111,17
224,34
219,14
274,23
284,56
180,15
182,31
234,0
238,45
99,36
263,47
140,17
214,34
253,14
419,23
445,56
130,15
246,31
192,0
284,45
82,36
268,47
165,17
221,34
230,14
340,23
304,56
185,15
203,31
197,0
250,45
112,36
308,47
106,17
238,34
274,14
463,23
347,56
144,15
212,31
183,0
236,45
114,36
228,47
131,17
231,34
210,14
315,23
182,56
196,15
153,31
270,0
233,45
118,36
194,47
166,17
207,34
334,14
361,23
258,56
124,15
198,31
188,0
199,45
131,36
378,47
103,17
175,34
241,14
392,23
275,56
227,15
120,31
193,0
390,45
103,36
303,47
156,17
168,34
276,14
324,23
234,56
94,15
157,31
262,0
376,45
87,36
235,47
157,17
180,34
249,14
269,23
308,56
102,15
260,31
180,0
313,45
66,36
389,47
162,17
151,34
282,14
274,23
278,56
99,15
189,31
222,0
327,45
84,36
148,47
186,17
166,34
236,14
281,23
272,56
288,15
223,31
209,0
338,45
103,36
209,47
131,17
221,34
205,14
284,23
259,56
196,15
174,31
179,0
216,45
107,36
216,47
85,17
232,34
192,14
296,23
230,56
108,15
122,31
304,0
380,45
95,36
222,47
144,17
190,34
216,14
307,23
207,56
183,15
109,31
186,0
218,45
100,36
215,47
152,17
232,34
240,14
315,23
382,56
153,15
147,31
215,0
272,45
76,36
299,47
143,17
168,34
261,14
855,23
296,56
164,15
188,31
175,0
302,45
81,36
226,47
148,17
166,34
256,14
347,23
260,56
136,15
153,31
226,0
318,45
95,36
202,47
140,17
98,34
442,14
302,23
244,56
168,15
209,31
196,0
262,45
83,36
234,47
110,17
172,34
166,14
296,23
251,56
148,15
201,31
196,0
257,45
83,36
235,47
109,17
159,34
189,14
304,23
286,56
187,15
200,31
146,0
314,45
72,36
203,47
176,17
126,34
220,14
353,23
235,56
217,15
198,31
175,0
308,45
96,36
299,47
99,17
227,34
272,14
393,23
281,56
263,15
169,31
187,0
275,45
106,36
405,47
415,17
232,34
350,14
793,23
331,56
202,15
210,31
208,0
359,45
91,36
240,47
198,17
242,34
410,14
403,23
329,56
198,15
174,31
206,0
393,45
33,36
345,47
126,17
211,34
267,14
348,23
315,56
214,15
232,31
182,0
639,45
103,36
343,47
135,17
184,34
341,14
353,23
318,56
221,15
184,31
211,0
287,45
113,36
269,47
167,17
228,34
280,14
388,23
350,56
182,15
200,31
226,0
318,45
100,36
260,47
222,17
206,34
263,14
332,23
290,56
224,15
213,31
198,0
311,45
92,36
259,47
132,17
223,34
210,14
349,23
295,56
191,15
233,31
216,0
348,45
112,36
262,47
176,17
186,34
213,14
324,23
249,56
218,15
207,31
194,0
243,45
104,36
275,47
178,17
196,34
241,14
322,23
254,56
194,15
168,31
249,0
291,45
105,36
251,47
137,17
233,34
232,14
297,23
328,56
172,15
232,31
193,0
448,45
62,36
314,47
157,17
201,34
275,14
320,23
238,56
216,15
119,31
213,0
327,45
108,36
286,47
162,17
224,34
263,14
464,23
309,56
151,15
177,31
194,0
279,45
112,36
261,47
139,17
220,34
259,14
316,23
286,56
118,15
193,31
327,0
455,45
86,36
221,47
148,17
238,34
237,14
302,23
275,56
158,15
184,31
239,0
213,45
83,36
242,47
126,17
243,34
217,14
280,23
247,56
116,15
127,31
242,0
303,45
64,36
189,47
186,17
207,34
263,14
302,23
245,56
158,15
137,31
233,0
329,45
100,36
246,47
142,17
252,34
191,14
477,23
371,56
127,15
170,31
221,0
276,45
100,36
226,47
137,17
230,34
199,14
286,23
268,56
142,15
149,31
314,0
129,45
102,36
203,47
165,17
188,34
207,14
258,23
281,56
81,15
176,31
661,0
247,45
89,36
255,47
150,17
205,34
199,14
315,23
306,56
170,15
201,31
562,0
259,45
105,36
288,47
154,17
201,34
229,14
275,23
600,56
289,15
199,31
199,0
236,45
87,36
268,47
139,17
230,34
255,14
266,23
283,56
236,15
161,31
207,0
311,45
103,36
222,47
166,17
203,34
323,14
312,23
276,56
165,15
191,31
201,0
197,45
105,36
232,47
132,17
257,34
215,14
298,23
253,56
190,15
171,31
202,0
289,45
84,36
305,47
138,17
170,34
758,14
325,23
291,56
157,15
148,31
218,0
365,45
81,36
552,47
153,17
213,34
312,14
325,23
288,56
206,15
176,31
298,0
335,45
87,36
237,47
183,17
189,34
287,14
325,23
253,56
225,15
190,31
196,0
236,45
96,36
256,47
129,17
223,34
227,14
308,23
274,56
221,15
154,31
207,0
366,45
77,36
324,47
144,17
221,34
289,14
293,23
288,56
256,15
166,31
245,0
331,45
78,36
236,47
157,17
199,34
716,14
320,23
274,56
210,15
257,31
208,0
390,45
90,36
232,47
202,17
196,34
250,14
344,23
266,56
201,15
200,31
202,0
331,45
115,36
281,47
159,17
228,34
258,14
320,23
284,56
194,15
205,31
178,0
322,45
82,36
292,47
167,17
182,34
250,14
299,23
296,56
181,15
213,31
194,0
312,45
97,36
246,47
171,17
202,34
211,14
327,23
242,56
210,15
250,31
177,0
277,45
62,36
236,47
167,17
210,34
231,14
412,23
270,56
200,15
137,31
229,0
346,45
98,36
347,47
128,17
187,34
317,14
341,23
312,56
270,15
189,31
245,0
341,45
84,36
276,47
143,17
210,34
259,14
312,23
306,56
197,15
207,31
181,0
264,45
92,36
239,47
119,17
246,34
193,14
355,23
335,56
165,15
185,31
194,0
251,45
91,36
203,47
159,17
186,34
260,14
367,23
253,56
202,15
132,31
209,0
296,45
84,36
253,47
163,17
221,34
745,14
358,23
318,56
166,15
217,31
140,0
322,45
94,36
210,47
142,17
222,34
226,14
378,23
315,56
180,15
196,31
179,0
282,45
90,36
233,47
164,17
204,34
233,14
331,23
293,56
192,15
227,31
186,0
335,45
84,36
243,47
124,17
256,34
240,14
332,23
355,56
288,15
281,31
169,0
314,45
85,36
196,47
183,17
186,34
285,14
370,23
290,56
183,15
230,31
204,0
265,45
107,36
215,47
119,17
171,34
285,14
353,23
287,56
139,15
140,31
187,0
352,45
75,36
